TM,STN,IW,IR,IX,VV,WD,WS,TA,TD,HM,PS,PT,PR,RH,ORG,PM10
202101010000,54857.0,1.0,9.0,4.0,69.0,60.0,1.0,-3.4,-12.3,50.1,1028.5,7.0,0.9,2.0,cma,69.0
202101010100,54857.0,1.0,9.0,4.0,69.0,60.0,1.0,-3.4,-12.3,50.1,1028.5,7.0,0.9,2.0,cma,69.0
202101010200,54857.0,1.0,9.0,4.0,69.0,60.0,1.0,-3.4,-12.3,50.1,1028.5,7.0,0.9,2.0,cma,69.0
202101010300,54857.0,1.0,9.0,4.0,71.0,220.0,3.0,1.3,-9.9,43.0,1027.4,7.0,1.0,2.0,cma,73.0
202101010400,54857.0,1.0,9.0,4.0,71.0,220.0,3.0,1.3,-9.9,43.0,1027.4,7.0,1.0,2.0,cma,73.0
202101010500,54857.0,1.0,9.0,4.0,71.0,220.0,3.0,1.3,-9.9,43.0,1027.4,7.0,1.0,2.0,cma,73.0
202101010600,54857.0,1.0,9.0,4.0,78.0,210.0,2.0,3.7,-13.6,26.9,1024.6,7.0,2.7,2.0,cma,78.0
202101010700,54857.0,1.0,9.0,4.0,78.0,210.0,2.0,3.7,-13.6,26.9,1024.6,7.0,2.7,2.0,cma,78.0
202101010800,54857.0,1.0,9.0,4.0,78.0,210.0,2.0,3.7,-13.6,26.9,1024.6,7.0,2.7,2.0,cma,78.0
202101010900,54857.0,1.0,9.0,4.0,73.0,290.0,2.0,1.5,-11.6,37.0,1025.3,2.0,0.6,2.0,cma,62.0
202101011000,54857.0,1.0,9.0,4.0,73.0,290.0,2.0,1.5,-11.6,37.0,1025.3,2.0,0.6,2.0,cma,62.0
202101011100,54857.0,1.0,9.0,4.0,73.0,290.0,2.0,1.5,-11.6,37.0,1025.3,2.0,0.6,2.0,cma,62.0
202101011200,54857.0,1.0,9.0,4.0,65.0,290.0,2.0,0.1,-10.4,45.1,1027.4,2.0,2.1,2.0,cma,56.0
202101011300,54857.0,1.0,9.0,4.0,65.0,290.0,2.0,0.1,-10.4,45.1,1027.4,2.0,2.1,2.0,cma,56.0
202101011400,54857.0,1.0,9.0,4.0,65.0,290.0,2.0,0.1,-10.4,45.1,1027.4,2.0,2.1,2.0,cma,56.0
202101011500,54857.0,1.0,9.0,4.0,62.0,300.0,2.0,-0.8,-9.2,52.9,1028.8,2.0,1.4,2.0,cma,39.0
202101011600,54857.0,1.0,9.0,4.0,62.0,300.0,2.0,-0.8,-9.2,52.9,1028.8,2.0,1.4,2.0,cma,39.0
202101011700,54857.0,1.0,9.0,4.0,62.0,300.0,2.0,-0.8,-9.2,52.9,1028.8,2.0,1.4,2.0,cma,39.0
202101011800,54857.0,1.0,9.0,4.0,58.0,330.0,3.0,-2.1,-9.2,58.2,1029.3,2.0,0.5,2.0,cma,77.0
202101011900,54857.0,1.0,9.0,4.0,58.0,330.0,3.0,-2.1,-9.2,58.2,1029.3,2.0,0.5,2.0,cma,77.0
202101012000,54857.0,1.0,9.0,4.0,58.0,330.0,3.0,-2.1,-9.2,58.2,1029.3,2.0,0.5,2.0,cma,77.0
202101012100,54857.0,1.0,9.0,4.0,60.0,320.0,3.0,-2.0,-10.8,50.9,1029.4,2.0,0.1,2.0,cma,76.0
202101012200,54857.0,1.0,9.0,4.0,60.0,320.0,3.0,-2.0,-10.8,50.9,1029.4,2.0,0.1,2.0,cma,76.0
202101012300,54857.0,1.0,9.0,4.0,60.0,320.0,3.0,-2.0,-10.8,50.9,1029.4,2.0,0.1,2.0,cma,76.0
202101020000,54857.0,1.0,9.0,4.0,50.0,340.0,3.0,-3.0,-8.5,65.8,1030.9,2.0,1.4,2.0,cma,153.0
202101020100,54857.0,1.0,9.0,4.0,50.0,340.0,3.0,-3.0,-8.5,65.8,1030.9,2.0,1.4,2.0,cma,153.0
202101020200,54857.0,1.0,9.0,4.0,50.0,340.0,3.0,-3.0,-8.5,65.8,1030.9,2.0,1.4,2.0,cma,153.0
202101020300,54857.0,1.0,9.0,4.0,50.0,300.0,1.0,1.1,-8.4,49.1,1031.6,2.0,0.8,2.0,cma,174.0
202101020400,54857.0,1.0,9.0,4.0,50.0,300.0,1.0,1.1,-8.4,49.1,1031.6,2.0,0.8,2.0,cma,174.0
202101020500,54857.0,1.0,9.0,4.0,50.0,300.0,1.0,1.1,-8.4,49.1,1031.6,2.0,0.8,2.0,cma,174.0
202101020600,54857.0,1.0,9.0,4.0,67.0,150.0,3.0,3.6,-5.6,51.0,1030.5,7.0,1.1,2.0,cma,181.0
202101020700,54857.0,1.0,9.0,4.0,67.0,150.0,3.0,3.6,-5.6,51.0,1030.5,7.0,1.1,2.0,cma,181.0
202101020800,54857.0,1.0,9.0,4.0,67.0,150.0,3.0,3.6,-5.6,51.0,1030.5,7.0,1.1,2.0,cma,181.0
202101020900,54857.0,1.0,9.0,4.0,67.0,150.0,2.0,3.0,-4.9,56.1,1030.3,7.0,0.2,2.0,cma,197.0
202101021000,54857.0,1.0,9.0,4.0,67.0,150.0,2.0,3.0,-4.9,56.1,1030.3,7.0,0.2,2.0,cma,197.0
202101021100,54857.0,1.0,9.0,4.0,67.0,150.0,2.0,3.0,-4.9,56.1,1030.3,7.0,0.2,2.0,cma,197.0
202101021200,54857.0,1.0,9.0,4.0,67.0,230.0,2.0,3.1,-4.1,59.1,1031.3,2.0,1.0,2.0,cma,229.0
202101021300,54857.0,1.0,9.0,4.0,67.0,230.0,2.0,3.1,-4.1,59.1,1031.3,2.0,1.0,2.0,cma,229.0
202101021400,54857.0,1.0,9.0,4.0,67.0,230.0,2.0,3.1,-4.1,59.1,1031.3,2.0,1.0,2.0,cma,229.0
202101021500,54857.0,1.0,9.0,4.0,61.0,10.0,1.0,2.1,-3.8,64.9,1032.7,2.0,1.4,2.0,cma,109.0
202101021600,54857.0,1.0,9.0,4.0,61.0,10.0,1.0,2.1,-3.8,64.9,1032.7,2.0,1.4,2.0,cma,109.0
202101021700,54857.0,1.0,9.0,4.0,61.0,10.0,1.0,2.1,-3.8,64.9,1032.7,2.0,1.4,2.0,cma,109.0
202101021800,54857.0,1.0,9.0,4.0,58.0,330.0,1.0,0.6,-3.7,72.9,1033.5,2.0,0.8,2.0,cma,80.0
202101021900,54857.0,1.0,9.0,4.0,58.0,330.0,1.0,0.6,-3.7,72.9,1033.5,2.0,0.8,2.0,cma,80.0
202101022000,54857.0,1.0,9.0,4.0,58.0,330.0,1.0,0.6,-3.7,72.9,1033.5,2.0,0.8,2.0,cma,80.0
202101022100,54857.0,1.0,9.0,4.0,42.0,340.0,2.0,-0.2,-2.4,85.1,1033.5,4.0,0.0,2.0,cma,57.0
202101022200,54857.0,1.0,9.0,4.0,42.0,340.0,2.0,-0.2,-2.4,85.1,1033.5,4.0,0.0,2.0,cma,57.0
202101022300,54857.0,1.0,9.0,4.0,42.0,340.0,2.0,-0.2,-2.4,85.1,1033.5,4.0,0.0,2.0,cma,57.0
202101030000,54857.0,1.0,9.0,4.0,44.0,320.0,2.0,-0.5,-2.7,85.0,1034.4,2.0,0.9,2.0,cma,159.0
202101030100,54857.0,1.0,9.0,4.0,44.0,320.0,2.0,-0.5,-2.7,85.0,1034.4,2.0,0.9,2.0,cma,159.0
202101030200,54857.0,1.0,9.0,4.0,44.0,320.0,2.0,-0.5,-2.7,85.0,1034.4,2.0,0.9,2.0,cma,159.0
202101030300,54857.0,1.0,9.0,4.0,45.0,340.0,3.0,0.0,-4.1,73.9,1034.5,2.0,0.1,2.0,cma,130.0
202101030400,54857.0,1.0,9.0,4.0,45.0,340.0,3.0,0.0,-4.1,73.9,1034.5,2.0,0.1,2.0,cma,130.0
202101030500,54857.0,1.0,9.0,4.0,45.0,340.0,3.0,0.0,-4.1,73.9,1034.5,2.0,0.1,2.0,cma,130.0
202101030600,54857.0,1.0,9.0,4.0,48.0,330.0,2.0,1.1,-3.0,74.1,1031.8,7.0,2.7,2.0,cma,164.0
202101030700,54857.0,1.0,9.0,4.0,48.0,330.0,2.0,1.1,-3.0,74.1,1031.8,7.0,2.7,2.0,cma,164.0
202101030800,54857.0,1.0,9.0,4.0,48.0,330.0,2.0,1.1,-3.0,74.1,1031.8,7.0,2.7,2.0,cma,164.0
202101030900,54857.0,1.0,9.0,4.0,38.0,310.0,1.0,0.8,-2.4,79.1,1032.0,2.0,0.2,2.0,cma,178.0
202101031000,54857.0,1.0,9.0,4.0,38.0,310.0,1.0,0.8,-2.4,79.1,1032.0,2.0,0.2,2.0,cma,178.0
202101031100,54857.0,1.0,9.0,4.0,38.0,310.0,1.0,0.8,-2.4,79.1,1032.0,2.0,0.2,2.0,cma,178.0
202101031200,54857.0,1.0,9.0,4.0,38.0,320.0,1.0,0.6,-1.9,83.3,1032.7,2.0,0.7,2.0,cma,192.0
202101031300,54857.0,1.0,9.0,4.0,38.0,320.0,1.0,0.6,-1.9,83.3,1032.7,2.0,0.7,2.0,cma,192.0
202101031400,54857.0,1.0,9.0,4.0,38.0,320.0,1.0,0.6,-1.9,83.3,1032.7,2.0,0.7,2.0,cma,192.0
202101031500,54857.0,1.0,9.0,4.0,27.0,320.0,2.0,0.2,-1.9,85.8,1032.8,2.0,0.1,2.0,cma,231.0
202101031600,54857.0,1.0,9.0,4.0,27.0,320.0,2.0,0.2,-1.9,85.8,1032.8,2.0,0.1,2.0,cma,231.0
202101031700,54857.0,1.0,9.0,4.0,27.0,320.0,2.0,0.2,-1.9,85.8,1032.8,2.0,0.1,2.0,cma,231.0
202101031800,54857.0,1.0,9.0,4.0,23.0,330.0,1.0,-0.5,-2.1,88.9,1032.2,7.0,0.6,2.0,cma,197.0
202101031900,54857.0,1.0,9.0,4.0,23.0,330.0,1.0,-0.5,-2.1,88.9,1032.2,7.0,0.6,2.0,cma,197.0
202101032000,54857.0,1.0,9.0,4.0,23.0,330.0,1.0,-0.5,-2.1,88.9,1032.2,7.0,0.6,2.0,cma,197.0
202101032100,54857.0,1.0,9.0,4.0,16.0,310.0,2.0,-0.4,-1.5,92.3,1030.9,7.0,1.3,2.0,cma,229.0
202101032200,54857.0,1.0,9.0,4.0,16.0,310.0,2.0,-0.4,-1.5,92.3,1030.9,7.0,1.3,2.0,cma,229.0
202101032300,54857.0,1.0,9.0,4.0,16.0,310.0,2.0,-0.4,-1.5,92.3,1030.9,7.0,1.3,2.0,cma,229.0
202101040000,54857.0,1.0,9.0,4.0,17.0,300.0,1.0,0.3,-1.1,90.3,1030.8,7.0,0.1,2.0,cma,240.0
202101040100,54857.0,1.0,9.0,4.0,17.0,300.0,1.0,0.3,-1.1,90.3,1030.8,7.0,0.1,2.0,cma,240.0
202101040200,54857.0,1.0,9.0,4.0,17.0,300.0,1.0,0.3,-1.1,90.3,1030.8,7.0,0.1,2.0,cma,240.0
202101040300,54857.0,1.0,9.0,4.0,19.0,330.0,2.0,1.1,-1.6,82.2,1031.3,2.0,0.5,2.0,cma,235.0
202101040400,54857.0,1.0,9.0,4.0,19.0,330.0,2.0,1.1,-1.6,82.2,1031.3,2.0,0.5,2.0,cma,235.0
202101040500,54857.0,1.0,9.0,4.0,19.0,330.0,2.0,1.1,-1.6,82.2,1031.3,2.0,0.5,2.0,cma,235.0
202101040600,54857.0,1.0,9.0,4.0,17.0,340.0,5.0,2.1,-1.7,75.9,1029.3,7.0,2.0,2.0,cma,257.0
202101040700,54857.0,1.0,9.0,4.0,17.0,340.0,5.0,2.1,-1.7,75.9,1029.3,7.0,2.0,2.0,cma,257.0
202101040800,54857.0,1.0,9.0,4.0,17.0,340.0,5.0,2.1,-1.7,75.9,1029.3,7.0,2.0,2.0,cma,257.0
202101040900,54857.0,1.0,9.0,4.0,28.0,340.0,5.0,2.3,-3.2,67.0,1029.9,2.0,0.6,2.0,cma,231.0
202101041000,54857.0,1.0,9.0,4.0,28.0,340.0,5.0,2.3,-3.2,67.0,1029.9,2.0,0.6,2.0,cma,231.0
202101041100,54857.0,1.0,9.0,4.0,28.0,340.0,5.0,2.3,-3.2,67.0,1029.9,2.0,0.6,2.0,cma,231.0
202101041200,54857.0,1.0,9.0,4.0,38.0,350.0,6.0,0.5,-3.1,76.8,1033.1,2.0,3.2,2.0,cma,331.0
202101041300,54857.0,1.0,9.0,4.0,38.0,350.0,6.0,0.5,-3.1,76.8,1033.1,2.0,3.2,2.0,cma,331.0
202101041400,54857.0,1.0,9.0,4.0,38.0,350.0,6.0,0.5,-3.1,76.8,1033.1,2.0,3.2,2.0,cma,331.0
202101041500,54857.0,1.0,9.0,4.0,62.0,350.0,4.0,-0.6,-6.0,66.8,1034.0,2.0,0.9,2.0,cma,308.0
202101041600,54857.0,1.0,9.0,4.0,62.0,350.0,4.0,-0.6,-6.0,66.8,1034.0,2.0,0.9,2.0,cma,308.0
202101041700,54857.0,1.0,9.0,4.0,62.0,350.0,4.0,-0.6,-6.0,66.8,1034.0,2.0,0.9,2.0,cma,308.0
202101041800,54857.0,1.0,9.0,4.0,57.0,340.0,5.0,-2.3,-5.4,79.2,1034.4,2.0,0.4,2.0,cma,237.0
202101041900,54857.0,1.0,9.0,4.0,57.0,340.0,5.0,-2.3,-5.4,79.2,1034.4,2.0,0.4,2.0,cma,237.0
202101042000,54857.0,1.0,9.0,4.0,57.0,340.0,5.0,-2.3,-5.4,79.2,1034.4,2.0,0.4,2.0,cma,237.0
202101042100,54857.0,1.0,9.0,4.0,58.0,340.0,4.0,-3.2,-6.5,77.9,1034.5,4.0,0.0,2.0,cma,160.0
202101042200,54857.0,1.0,9.0,4.0,58.0,340.0,4.0,-3.2,-6.5,77.9,1034.5,4.0,0.0,2.0,cma,160.0
202101042300,54857.0,1.0,9.0,4.0,58.0,340.0,4.0,-3.2,-6.5,77.9,1034.5,4.0,0.0,2.0,cma,160.0
202101050000,54857.0,1.0,9.0,4.0,72.0,360.0,5.0,-2.8,-11.0,53.2,1036.4,2.0,1.9,2.0,cma,78.0
202101050100,54857.0,1.0,9.0,4.0,72.0,360.0,5.0,-2.8,-11.0,53.2,1036.4,2.0,1.9,2.0,cma,78.0
202101050200,54857.0,1.0,9.0,4.0,72.0,360.0,5.0,-2.8,-11.0,53.2,1036.4,2.0,1.9,2.0,cma,78.0
202101050300,54857.0,1.0,9.0,4.0,79.0,340.0,8.0,-2.1,-14.2,39.0,1035.9,7.0,0.5,2.0,cma,88.0
202101050400,54857.0,1.0,9.0,4.0,79.0,340.0,8.0,-2.1,-14.2,39.0,1035.9,7.0,0.5,2.0,cma,88.0
202101050500,54857.0,1.0,9.0,4.0,79.0,340.0,8.0,-2.1,-14.2,39.0,1035.9,7.0,0.5,2.0,cma,88.0
202101050600,54857.0,1.0,9.0,4.0,79.0,330.0,8.0,-0.9,-13.8,36.9,1033.1,7.0,2.8,2.0,cma,99.0
202101050700,54857.0,1.0,9.0,4.0,79.0,330.0,8.0,-0.9,-13.8,36.9,1033.1,7.0,2.8,2.0,cma,99.0
202101050800,54857.0,1.0,9.0,4.0,79.0,330.0,8.0,-0.9,-13.8,36.9,1033.1,7.0,2.8,2.0,cma,99.0
202101050900,54857.0,1.0,9.0,4.0,80.0,330.0,7.0,-2.9,-14.9,39.1,1034.1,2.0,1.0,2.0,cma,64.0
202101051000,54857.0,1.0,9.0,4.0,80.0,330.0,7.0,-2.9,-14.9,39.1,1034.1,2.0,1.0,2.0,cma,64.0
202101051100,54857.0,1.0,9.0,4.0,80.0,330.0,7.0,-2.9,-14.9,39.1,1034.1,2.0,1.0,2.0,cma,64.0
202101051200,54857.0,1.0,9.0,4.0,80.0,340.0,5.0,-4.3,-15.6,40.9,1035.1,2.0,0.9,2.0,cma,38.0
202101051300,54857.0,1.0,9.0,4.0,80.0,340.0,5.0,-4.3,-15.6,40.9,1035.1,2.0,0.9,2.0,cma,38.0
202101051400,54857.0,1.0,9.0,4.0,80.0,340.0,5.0,-4.3,-15.6,40.9,1035.1,2.0,0.9,2.0,cma,38.0
202101051500,54857.0,1.0,9.0,4.0,80.0,340.0,5.0,-5.4,-13.7,52.0,1034.6,7.0,0.5,2.0,cma,26.0
202101051600,54857.0,1.0,9.0,4.0,80.0,340.0,5.0,-5.4,-13.7,52.0,1034.6,7.0,0.5,2.0,cma,26.0
202101051700,54857.0,1.0,9.0,4.0,80.0,340.0,5.0,-5.4,-13.7,52.0,1034.6,7.0,0.5,2.0,cma,26.0
202101051800,54857.0,1.0,9.0,4.0,80.0,340.0,3.0,-5.7,-14.5,49.8,1033.0,7.0,1.5,2.0,cma,29.0
202101051900,54857.0,1.0,9.0,4.0,80.0,340.0,3.0,-5.7,-14.5,49.8,1033.0,7.0,1.5,2.0,cma,29.0
202101052000,54857.0,1.0,9.0,4.0,80.0,340.0,3.0,-5.7,-14.5,49.8,1033.0,7.0,1.5,2.0,cma,29.0
202101052100,54857.0,1.0,9.0,4.0,79.0,360.0,2.0,-6.3,-14.5,52.2,1031.0,7.0,2.1,2.0,cma,25.0
202101052200,54857.0,1.0,9.0,4.0,79.0,360.0,2.0,-6.3,-14.5,52.2,1031.0,7.0,2.1,2.0,cma,25.0
202101052300,54857.0,1.0,9.0,4.0,79.0,360.0,2.0,-6.3,-14.5,52.2,1031.0,7.0,2.1,2.0,cma,25.0
202101060000,54857.0,1.0,9.0,4.0,73.0,260.0,1.0,-5.5,-11.6,62.1,1030.4,7.0,0.6,2.0,cma,27.0
202101060100,54857.0,1.0,9.0,4.0,73.0,260.0,1.0,-5.5,-11.6,62.1,1030.4,7.0,0.6,2.0,cma,27.0
202101060200,54857.0,1.0,9.0,4.0,73.0,260.0,1.0,-5.5,-11.6,62.1,1030.4,7.0,0.6,2.0,cma,27.0
202101060300,54857.0,1.0,9.0,4.0,60.0,300.0,6.0,-1.2,-9.8,52.0,1027.7,7.0,2.6,2.0,cma,15.0
202101060400,54857.0,1.0,9.0,4.0,60.0,300.0,6.0,-1.2,-9.8,52.0,1027.7,7.0,2.6,2.0,cma,15.0
202101060500,54857.0,1.0,9.0,4.0,60.0,300.0,6.0,-1.2,-9.8,52.0,1027.7,7.0,2.6,2.0,cma,15.0
202101060600,54857.0,1.0,9.0,4.0,67.0,330.0,10.0,-4.0,-13.6,47.2,1027.9,2.0,0.1,2.0,cma,31.0
202101060700,54857.0,1.0,9.0,4.0,67.0,330.0,10.0,-4.0,-13.6,47.2,1027.9,2.0,0.1,2.0,cma,31.0
202101060800,54857.0,1.0,9.0,4.0,67.0,330.0,10.0,-4.0,-13.6,47.2,1027.9,2.0,0.1,2.0,cma,31.0
202101060900,54857.0,1.0,9.0,4.0,71.0,330.0,11.0,-8.1,-21.5,33.1,1032.1,2.0,4.1,2.0,cma,35.0
202101061000,54857.0,1.0,9.0,4.0,71.0,330.0,11.0,-8.1,-21.5,33.1,1032.1,2.0,4.1,2.0,cma,35.0
202101061100,54857.0,1.0,9.0,4.0,71.0,330.0,11.0,-8.1,-21.5,33.1,1032.1,2.0,4.1,2.0,cma,35.0
202101061200,54857.0,1.0,9.0,4.0,80.0,330.0,10.0,-9.9,-21.5,38.2,1033.6,2.0,1.5,2.0,cma,79.0
202101061300,54857.0,1.0,9.0,4.0,80.0,330.0,10.0,-9.9,-21.5,38.2,1033.6,2.0,1.5,2.0,cma,79.0
202101061400,54857.0,1.0,9.0,4.0,80.0,330.0,10.0,-9.9,-21.5,38.2,1033.6,2.0,1.5,2.0,cma,79.0
202101061500,54857.0,1.0,9.0,4.0,79.0,310.0,9.0,-10.8,-21.5,41.0,1035.4,2.0,1.8,2.0,cma,123.0
202101061600,54857.0,1.0,9.0,4.0,79.0,310.0,9.0,-10.8,-21.5,41.0,1035.4,2.0,1.8,2.0,cma,123.0
202101061700,54857.0,1.0,9.0,4.0,79.0,310.0,9.0,-10.8,-21.5,41.0,1035.4,2.0,1.8,2.0,cma,123.0
202101061800,54857.0,1.0,9.0,4.0,75.0,320.0,8.0,-13.0,-20.6,52.9,1036.3,2.0,0.8,2.0,cma,117.0
202101061900,54857.0,1.0,9.0,4.0,75.0,320.0,8.0,-13.0,-20.6,52.9,1036.3,2.0,0.8,2.0,cma,117.0
202101062000,54857.0,1.0,9.0,4.0,75.0,320.0,8.0,-13.0,-20.6,52.9,1036.3,2.0,0.8,2.0,cma,117.0
202101062100,54857.0,1.0,9.0,4.0,80.0,320.0,8.0,-15.1,-21.9,56.1,1036.5,2.0,0.1,2.0,cma,76.0
202101062200,54857.0,1.0,9.0,4.0,80.0,320.0,8.0,-15.1,-21.9,56.1,1036.5,2.0,0.1,2.0,cma,76.0
202101062300,54857.0,1.0,9.0,4.0,80.0,320.0,8.0,-15.1,-21.9,56.1,1036.5,2.0,0.1,2.0,cma,76.0
202101070000,54857.0,1.0,9.0,4.0,79.0,320.0,6.0,-15.6,-21.6,60.0,1037.4,2.0,0.8,2.0,cma,52.0
202101070100,54857.0,1.0,9.0,4.0,79.0,320.0,6.0,-15.6,-21.6,60.0,1037.4,2.0,0.8,2.0,cma,52.0
202101070200,54857.0,1.0,9.0,4.0,79.0,320.0,6.0,-15.6,-21.6,60.0,1037.4,2.0,0.8,2.0,cma,52.0
202101070300,54857.0,1.0,9.0,4.0,80.0,330.0,9.0,-13.7,-22.1,49.1,1036.4,7.0,0.9,2.0,cma,54.0
202101070400,54857.0,1.0,9.0,4.0,80.0,330.0,9.0,-13.7,-22.1,49.1,1036.4,7.0,0.9,2.0,cma,54.0
202101070500,54857.0,1.0,9.0,4.0,80.0,330.0,9.0,-13.7,-22.1,49.1,1036.4,7.0,0.9,2.0,cma,54.0
202101070600,54857.0,1.0,9.0,4.0,80.0,330.0,8.0,-11.3,-25.5,29.9,1034.5,7.0,1.9,2.0,cma,44.0
202101070700,54857.0,1.0,9.0,4.0,80.0,330.0,8.0,-11.3,-25.5,29.9,1034.5,7.0,1.9,2.0,cma,44.0
202101070800,54857.0,1.0,9.0,4.0,80.0,330.0,8.0,-11.3,-25.5,29.9,1034.5,7.0,1.9,2.0,cma,44.0
202101070900,54857.0,1.0,9.0,4.0,80.0,320.0,9.0,-10.7,-26.5,26.0,1034.5,4.0,0.0,2.0,cma,26.0
202101071000,54857.0,1.0,9.0,4.0,80.0,320.0,9.0,-10.7,-26.5,26.0,1034.5,4.0,0.0,2.0,cma,26.0
202101071100,54857.0,1.0,9.0,4.0,80.0,320.0,9.0,-10.7,-26.5,26.0,1034.5,4.0,0.0,2.0,cma,26.0
202101071200,54857.0,1.0,9.0,4.0,80.0,320.0,6.0,-10.1,-23.7,31.9,1034.9,2.0,0.4,2.0,cma,26.0
202101071300,54857.0,1.0,9.0,4.0,80.0,320.0,6.0,-10.1,-23.7,31.9,1034.9,2.0,0.4,2.0,cma,26.0
202101071400,54857.0,1.0,9.0,4.0,80.0,320.0,6.0,-10.1,-23.7,31.9,1034.9,2.0,0.4,2.0,cma,26.0
202101071500,54857.0,1.0,9.0,4.0,76.0,290.0,5.0,-9.9,-23.1,33.1,1034.5,7.0,0.4,2.0,cma,25.0
202101071600,54857.0,1.0,9.0,4.0,76.0,290.0,5.0,-9.9,-23.1,33.1,1034.5,7.0,0.4,2.0,cma,25.0
202101071700,54857.0,1.0,9.0,4.0,76.0,290.0,5.0,-9.9,-23.1,33.1,1034.5,7.0,0.4,2.0,cma,25.0
202101071800,54857.0,1.0,9.0,4.0,76.0,290.0,6.0,-9.7,-22.0,35.9,1033.6,7.0,0.8,2.0,cma,30.0
202101071900,54857.0,1.0,9.0,4.0,76.0,290.0,6.0,-9.7,-22.0,35.9,1033.6,7.0,0.8,2.0,cma,30.0
202101072000,54857.0,1.0,9.0,4.0,76.0,290.0,6.0,-9.7,-22.0,35.9,1033.6,7.0,0.8,2.0,cma,30.0
202101072100,54857.0,1.0,9.0,4.0,76.0,290.0,7.0,-9.8,-21.2,38.9,1032.3,7.0,1.3,2.0,cma,33.0
202101072200,54857.0,1.0,9.0,4.0,76.0,290.0,7.0,-9.8,-21.2,38.9,1032.3,7.0,1.3,2.0,cma,33.0
202101072300,54857.0,1.0,9.0,4.0,76.0,290.0,7.0,-9.8,-21.2,38.9,1032.3,7.0,1.3,2.0,cma,33.0
202101080000,54857.0,1.0,9.0,4.0,75.0,290.0,5.0,-9.6,-18.3,49.1,1032.4,2.0,0.1,2.0,cma,45.0
202101080100,54857.0,1.0,9.0,4.0,75.0,290.0,5.0,-9.6,-18.3,49.1,1032.4,2.0,0.1,2.0,cma,45.0
202101080200,54857.0,1.0,9.0,4.0,75.0,290.0,5.0,-9.6,-18.3,49.1,1032.4,2.0,0.1,2.0,cma,45.0
202101080300,54857.0,1.0,9.0,4.0,73.0,310.0,4.0,-7.2,-21.5,30.9,1031.4,7.0,0.9,2.0,cma,45.0
202101080400,54857.0,1.0,9.0,4.0,73.0,310.0,4.0,-7.2,-21.5,30.9,1031.4,7.0,0.9,2.0,cma,45.0
202101080500,54857.0,1.0,9.0,4.0,73.0,310.0,4.0,-7.2,-21.5,30.9,1031.4,7.0,0.9,2.0,cma,45.0
202101080600,54857.0,1.0,9.0,4.0,74.0,290.0,7.0,-5.4,-21.1,27.9,1028.8,7.0,2.6,2.0,cma,45.0
202101080700,54857.0,1.0,9.0,4.0,74.0,290.0,7.0,-5.4,-21.1,27.9,1028.8,7.0,2.6,2.0,cma,45.0
202101080800,54857.0,1.0,9.0,4.0,74.0,290.0,7.0,-5.4,-21.1,27.9,1028.8,7.0,2.6,2.0,cma,45.0
202101080900,54857.0,1.0,9.0,4.0,78.0,330.0,5.0,-5.6,-20.4,30.1,1029.0,2.0,0.2,2.0,cma,44.0
202101081000,54857.0,1.0,9.0,4.0,78.0,330.0,5.0,-5.6,-20.4,30.1,1029.0,2.0,0.2,2.0,cma,44.0
202101081100,54857.0,1.0,9.0,4.0,78.0,330.0,5.0,-5.6,-20.4,30.1,1029.0,2.0,0.2,2.0,cma,44.0
202101081200,54857.0,1.0,9.0,4.0,78.0,330.0,5.0,-5.6,-20.4,30.1,1029.0,2.0,0.2,2.0,cma,44.0
202101081300,54857.0,1.0,9.0,4.0,78.0,330.0,5.0,-5.6,-20.4,30.1,1029.0,2.0,0.2,2.0,cma,44.0
202101081400,54857.0,1.0,9.0,4.0,78.0,330.0,5.0,-5.6,-20.4,30.1,1029.0,2.0,0.2,2.0,cma,44.0
202101081500,54857.0,1.0,9.0,4.0,80.0,300.0,3.0,-7.0,-16.9,45.1,1030.1,7.0,0.2,2.0,cma,56.0
202101081600,54857.0,1.0,9.0,4.0,80.0,300.0,3.0,-7.0,-16.9,45.1,1030.1,7.0,0.2,2.0,cma,56.0
202101081700,54857.0,1.0,9.0,4.0,80.0,300.0,3.0,-7.0,-16.9,45.1,1030.1,7.0,0.2,2.0,cma,56.0
202101081800,54857.0,1.0,9.0,4.0,79.0,280.0,2.0,-7.2,-16.3,48.2,1029.5,7.0,0.5,2.0,cma,63.0
202101081900,54857.0,1.0,9.0,4.0,79.0,280.0,2.0,-7.2,-16.3,48.2,1029.5,7.0,0.5,2.0,cma,63.0
202101082000,54857.0,1.0,9.0,4.0,79.0,280.0,2.0,-7.2,-16.3,48.2,1029.5,7.0,0.5,2.0,cma,63.0
202101082100,54857.0,1.0,9.0,4.0,77.0,290.0,4.0,-5.8,-16.9,41.2,1029.1,7.0,0.4,2.0,cma,55.0
202101082200,54857.0,1.0,9.0,4.0,77.0,290.0,4.0,-5.8,-16.9,41.2,1029.1,7.0,0.4,2.0,cma,55.0
202101082300,54857.0,1.0,9.0,4.0,77.0,290.0,4.0,-5.8,-16.9,41.2,1029.1,7.0,0.4,2.0,cma,55.0
202101090000,54857.0,1.0,9.0,4.0,77.0,300.0,5.0,-5.7,-16.9,40.8,1030.1,2.0,1.0,2.0,cma,39.0
202101090100,54857.0,1.0,9.0,4.0,77.0,300.0,5.0,-5.7,-16.9,40.8,1030.1,2.0,1.0,2.0,cma,39.0
202101090200,54857.0,1.0,9.0,4.0,77.0,300.0,5.0,-5.7,-16.9,40.8,1030.1,2.0,1.0,2.0,cma,39.0
202101090300,54857.0,1.0,9.0,4.0,79.0,290.0,5.0,-3.5,-15.5,38.9,1030.7,2.0,0.6,2.0,cma,36.0
202101090400,54857.0,1.0,9.0,4.0,79.0,290.0,5.0,-3.5,-15.5,38.9,1030.7,2.0,0.6,2.0,cma,36.0
202101090500,54857.0,1.0,9.0,4.0,79.0,290.0,5.0,-3.5,-15.5,38.9,1030.7,2.0,0.6,2.0,cma,36.0
202101090600,54857.0,1.0,9.0,4.0,80.0,330.0,7.0,-1.9,-15.7,33.9,1028.2,7.0,2.4,2.0,cma,39.0
202101090700,54857.0,1.0,9.0,4.0,80.0,330.0,7.0,-1.9,-15.7,33.9,1028.2,7.0,2.4,2.0,cma,39.0
202101090800,54857.0,1.0,9.0,4.0,80.0,330.0,7.0,-1.9,-15.7,33.9,1028.2,7.0,2.4,2.0,cma,39.0
202101090900,54857.0,1.0,9.0,4.0,80.0,330.0,5.0,-2.8,-15.5,36.9,1028.7,2.0,0.5,2.0,cma,37.0
202101091000,54857.0,1.0,9.0,4.0,80.0,330.0,5.0,-2.8,-15.5,36.9,1028.7,2.0,0.5,2.0,cma,37.0
202101091100,54857.0,1.0,9.0,4.0,80.0,330.0,5.0,-2.8,-15.5,36.9,1028.7,2.0,0.5,2.0,cma,37.0
202101091200,54857.0,1.0,9.0,4.0,74.0,320.0,2.0,-3.7,-15.0,41.1,1030.1,2.0,1.3,2.0,cma,41.0
202101091300,54857.0,1.0,9.0,4.0,74.0,320.0,2.0,-3.7,-15.0,41.1,1030.1,2.0,1.3,2.0,cma,41.0
202101091400,54857.0,1.0,9.0,4.0,74.0,320.0,2.0,-3.7,-15.0,41.1,1030.1,2.0,1.3,2.0,cma,41.0
202101091500,54857.0,1.0,9.0,4.0,78.0,250.0,2.0,-4.5,-14.6,45.1,1030.4,2.0,0.4,2.0,cma,30.0
202101091600,54857.0,1.0,9.0,4.0,78.0,250.0,2.0,-4.5,-14.6,45.1,1030.4,2.0,0.4,2.0,cma,30.0
202101091700,54857.0,1.0,9.0,4.0,78.0,250.0,2.0,-4.5,-14.6,45.1,1030.4,2.0,0.4,2.0,cma,30.0
202101091800,54857.0,1.0,9.0,4.0,74.0,250.0,1.0,-4.1,-14.8,43.1,1030.4,4.0,0.0,2.0,cma,33.0
202101091900,54857.0,1.0,9.0,4.0,74.0,250.0,1.0,-4.1,-14.8,43.1,1030.4,4.0,0.0,2.0,cma,33.0
202101092000,54857.0,1.0,9.0,4.0,74.0,250.0,1.0,-4.1,-14.8,43.1,1030.4,4.0,0.0,2.0,cma,33.0
202101092100,54857.0,1.0,9.0,4.0,77.0,280.0,2.0,-3.3,-13.8,44.0,1029.4,7.0,1.0,2.0,cma,35.0
202101092200,54857.0,1.0,9.0,4.0,77.0,280.0,2.0,-3.3,-13.8,44.0,1029.4,7.0,1.0,2.0,cma,35.0
202101092300,54857.0,1.0,9.0,4.0,77.0,280.0,2.0,-3.3,-13.8,44.0,1029.4,7.0,1.0,2.0,cma,35.0
202101100000,54857.0,1.0,9.0,4.0,72.0,340.0,2.0,-2.9,-12.6,47.1,1030.0,2.0,0.6,2.0,cma,37.0
202101100100,54857.0,1.0,9.0,4.0,72.0,340.0,2.0,-2.9,-12.6,47.1,1030.0,2.0,0.6,2.0,cma,37.0
202101100200,54857.0,1.0,9.0,4.0,72.0,340.0,2.0,-2.9,-12.6,47.1,1030.0,2.0,0.6,2.0,cma,37.0
202101100300,54857.0,1.0,9.0,4.0,64.0,330.0,4.0,-1.9,-13.4,41.0,1031.3,2.0,1.3,2.0,cma,47.0
202101100400,54857.0,1.0,9.0,4.0,64.0,330.0,4.0,-1.9,-13.4,41.0,1031.3,2.0,1.3,2.0,cma,47.0
202101100500,54857.0,1.0,9.0,4.0,64.0,330.0,4.0,-1.9,-13.4,41.0,1031.3,2.0,1.3,2.0,cma,47.0
202101100600,54857.0,1.0,9.0,4.0,80.0,330.0,7.0,-0.2,-13.5,35.9,1029.6,7.0,1.7,2.0,cma,56.0
202101100700,54857.0,1.0,9.0,4.0,80.0,330.0,7.0,-0.2,-13.5,35.9,1029.6,7.0,1.7,2.0,cma,56.0
202101100800,54857.0,1.0,9.0,4.0,80.0,330.0,7.0,-0.2,-13.5,35.9,1029.6,7.0,1.7,2.0,cma,56.0
202101100900,54857.0,1.0,9.0,4.0,80.0,330.0,7.0,-2.1,-13.3,42.0,1031.1,2.0,1.5,2.0,cma,55.0
202101101000,54857.0,1.0,9.0,4.0,80.0,330.0,7.0,-2.1,-13.3,42.0,1031.1,2.0,1.5,2.0,cma,55.0
202101101100,54857.0,1.0,9.0,4.0,80.0,330.0,7.0,-2.1,-13.3,42.0,1031.1,2.0,1.5,2.0,cma,55.0
202101101200,54857.0,1.0,9.0,4.0,80.0,340.0,5.0,-3.3,-12.2,50.1,1032.6,2.0,1.5,2.0,cma,100.0
202101101300,54857.0,1.0,9.0,4.0,80.0,340.0,5.0,-3.3,-12.2,50.1,1032.6,2.0,1.5,2.0,cma,100.0
202101101400,54857.0,1.0,9.0,4.0,80.0,340.0,5.0,-3.3,-12.2,50.1,1032.6,2.0,1.5,2.0,cma,100.0
202101101500,54857.0,1.0,9.0,4.0,75.0,350.0,2.0,-3.8,-9.8,63.0,1032.9,2.0,0.3,2.0,cma,51.0
202101101600,54857.0,1.0,9.0,4.0,75.0,350.0,2.0,-3.8,-9.8,63.0,1032.9,2.0,0.3,2.0,cma,51.0
202101101700,54857.0,1.0,9.0,4.0,75.0,350.0,2.0,-3.8,-9.8,63.0,1032.9,2.0,0.3,2.0,cma,51.0
202101101800,54857.0,1.0,9.0,4.0,69.0,350.0,1.0,-3.8,-8.6,69.3,1032.2,7.0,0.7,2.0,cma,30.0
202101101900,54857.0,1.0,9.0,4.0,69.0,350.0,1.0,-3.8,-8.6,69.3,1032.2,7.0,0.7,2.0,cma,30.0
202101102000,54857.0,1.0,9.0,4.0,69.0,350.0,1.0,-3.8,-8.6,69.3,1032.2,7.0,0.7,2.0,cma,30.0
202101102100,54857.0,1.0,9.0,4.0,64.0,330.0,1.0,-4.4,,70.2,1030.7,7.0,1.5,2.0,cma,28.0
202101102200,54857.0,1.0,9.0,4.0,64.0,330.0,1.0,-4.4,,70.2,1030.7,7.0,1.5,2.0,cma,28.0
202101102300,54857.0,1.0,9.0,4.0,64.0,330.0,1.0,-4.4,,70.2,1030.7,7.0,1.5,2.0,cma,28.0
202101110000,54857.0,1.0,9.0,4.0,65.0,310.0,1.0,-3.9,-9.9,63.0,1030.2,7.0,0.5,2.0,cma,52.0
202101110100,54857.0,1.0,9.0,4.0,65.0,310.0,1.0,-3.9,-9.9,63.0,1030.2,7.0,0.5,2.0,cma,52.0
202101110200,54857.0,1.0,9.0,4.0,65.0,310.0,1.0,-3.9,-9.9,63.0,1030.2,7.0,0.5,2.0,cma,52.0
202101110300,54857.0,1.0,9.0,4.0,72.0,210.0,2.0,0.4,-13.3,34.9,1028.5,7.0,1.6,2.0,cma,41.0
202101110400,54857.0,1.0,9.0,4.0,72.0,210.0,2.0,0.4,-13.3,34.9,1028.5,7.0,1.6,2.0,cma,41.0
202101110500,54857.0,1.0,9.0,4.0,72.0,210.0,2.0,0.4,-13.3,34.9,1028.5,7.0,1.6,2.0,cma,41.0
202101110600,54857.0,1.0,9.0,4.0,79.0,340.0,3.0,1.3,-15.7,26.9,1025.4,7.0,3.1,2.0,cma,52.0
202101110700,54857.0,1.0,9.0,4.0,79.0,340.0,3.0,1.3,-15.7,26.9,1025.4,7.0,3.1,2.0,cma,52.0
202101110800,54857.0,1.0,9.0,4.0,79.0,340.0,3.0,1.3,-15.7,26.9,1025.4,7.0,3.1,2.0,cma,52.0
202101110900,54857.0,1.0,9.0,4.0,79.0,300.0,2.0,0.8,-14.4,31.0,1025.1,7.0,0.3,2.0,cma,61.0
202101111000,54857.0,1.0,9.0,4.0,79.0,300.0,2.0,0.8,-14.4,31.0,1025.1,7.0,0.3,2.0,cma,61.0
202101111100,54857.0,1.0,9.0,4.0,79.0,300.0,2.0,0.8,-14.4,31.0,1025.1,7.0,0.3,2.0,cma,61.0
202101111200,54857.0,1.0,9.0,4.0,74.0,220.0,1.0,-0.1,-13.0,37.1,1025.5,2.0,0.4,2.0,cma,73.0
202101111300,54857.0,1.0,9.0,4.0,74.0,220.0,1.0,-0.1,-13.0,37.1,1025.5,2.0,0.4,2.0,cma,73.0
202101111400,54857.0,1.0,9.0,4.0,74.0,220.0,1.0,-0.1,-13.0,37.1,1025.5,2.0,0.4,2.0,cma,73.0
202101111500,54857.0,1.0,9.0,4.0,63.0,290.0,3.0,-0.8,-12.1,42.0,1024.7,7.0,0.8,2.0,cma,41.0
202101111600,54857.0,1.0,9.0,4.0,63.0,290.0,3.0,-0.8,-12.1,42.0,1024.7,7.0,0.8,2.0,cma,41.0
202101111700,54857.0,1.0,9.0,4.0,63.0,290.0,3.0,-0.8,-12.1,42.0,1024.7,7.0,0.8,2.0,cma,41.0
202101111800,54857.0,1.0,9.0,4.0,67.0,240.0,2.0,-2.2,-14.0,39.9,1022.6,7.0,2.0,2.0,cma,60.0
202101111900,54857.0,1.0,9.0,4.0,67.0,240.0,2.0,-2.2,-14.0,39.9,1022.6,7.0,2.0,2.0,cma,60.0
202101112000,54857.0,1.0,9.0,4.0,67.0,240.0,2.0,-2.2,-14.0,39.9,1022.6,7.0,2.0,2.0,cma,60.0
202101112100,54857.0,1.0,9.0,4.0,67.0,210.0,2.0,-1.9,-14.0,39.1,1019.8,7.0,2.8,2.0,cma,59.0
202101112200,54857.0,1.0,9.0,4.0,67.0,210.0,2.0,-1.9,-14.0,39.1,1019.8,7.0,2.8,2.0,cma,59.0
202101112300,54857.0,1.0,9.0,4.0,67.0,210.0,2.0,-1.9,-14.0,39.1,1019.8,7.0,2.8,2.0,cma,59.0
202101120000,54857.0,1.0,9.0,4.0,68.0,210.0,4.0,-0.6,-11.3,44.2,1018.4,7.0,1.4,2.0,cma,143.0
202101120100,54857.0,1.0,9.0,4.0,68.0,210.0,4.0,-0.6,-11.3,44.2,1018.4,7.0,1.4,2.0,cma,143.0
202101120200,54857.0,1.0,9.0,4.0,68.0,210.0,4.0,-0.6,-11.3,44.2,1018.4,7.0,1.4,2.0,cma,143.0
202101120300,54857.0,1.0,9.0,4.0,64.0,240.0,4.0,3.5,-13.3,28.0,1017.1,7.0,1.2,2.0,cma,91.0
202101120400,54857.0,1.0,9.0,4.0,64.0,240.0,4.0,3.5,-13.3,28.0,1017.1,7.0,1.2,2.0,cma,91.0
202101120500,54857.0,1.0,9.0,4.0,64.0,240.0,4.0,3.5,-13.3,28.0,1017.1,7.0,1.2,2.0,cma,91.0
202101120600,54857.0,1.0,9.0,4.0,62.0,190.0,2.0,5.1,-6.1,44.1,1013.6,7.0,3.5,2.0,cma,98.0
202101120700,54857.0,1.0,9.0,4.0,62.0,190.0,2.0,5.1,-6.1,44.1,1013.6,7.0,3.5,2.0,cma,98.0
202101120800,54857.0,1.0,9.0,4.0,62.0,190.0,2.0,5.1,-6.1,44.1,1013.6,7.0,3.5,2.0,cma,98.0
202101120900,54857.0,1.0,9.0,4.0,60.0,200.0,3.0,3.1,-4.6,56.9,1013.8,2.0,0.2,2.0,cma,85.0
202101121000,54857.0,1.0,9.0,4.0,60.0,200.0,3.0,3.1,-4.6,56.9,1013.8,2.0,0.2,2.0,cma,85.0
202101121100,54857.0,1.0,9.0,4.0,60.0,200.0,3.0,3.1,-4.6,56.9,1013.8,2.0,0.2,2.0,cma,85.0
202101121200,54857.0,1.0,9.0,4.0,62.0,220.0,4.0,3.4,-8.6,41.0,1014.7,2.0,0.9,2.0,cma,123.0
202101121300,54857.0,1.0,9.0,4.0,62.0,220.0,4.0,3.4,-8.6,41.0,1014.7,2.0,0.9,2.0,cma,123.0
202101121400,54857.0,1.0,9.0,4.0,62.0,220.0,4.0,3.4,-8.6,41.0,1014.7,2.0,0.9,2.0,cma,123.0
202101121500,54857.0,1.0,9.0,4.0,63.0,180.0,3.0,3.4,-8.3,42.0,1013.8,7.0,0.8,2.0,cma,116.0
202101121600,54857.0,1.0,9.0,4.0,63.0,180.0,3.0,3.4,-8.3,42.0,1013.8,7.0,0.8,2.0,cma,116.0
202101121700,54857.0,1.0,9.0,4.0,63.0,180.0,3.0,3.4,-8.3,42.0,1013.8,7.0,0.8,2.0,cma,116.0
202101121800,54857.0,1.0,9.0,4.0,62.0,170.0,3.0,3.4,-0.1,77.8,1012.6,7.0,1.2,2.0,cma,219.0
202101121900,54857.0,1.0,9.0,4.0,62.0,170.0,3.0,3.4,-0.1,77.8,1012.6,7.0,1.2,2.0,cma,219.0
202101122000,54857.0,1.0,9.0,4.0,62.0,170.0,3.0,3.4,-0.1,77.8,1012.6,7.0,1.2,2.0,cma,219.0
202101122100,54857.0,1.0,9.0,4.0,63.0,190.0,4.0,4.0,-1.8,65.9,1011.3,7.0,1.3,2.0,cma,156.0
202101122200,54857.0,1.0,9.0,4.0,63.0,190.0,4.0,4.0,-1.8,65.9,1011.3,7.0,1.3,2.0,cma,156.0
202101122300,54857.0,1.0,9.0,4.0,63.0,190.0,4.0,4.0,-1.8,65.9,1011.3,7.0,1.3,2.0,cma,156.0
202101130000,54857.0,1.0,9.0,4.0,62.0,160.0,4.0,3.2,-3.2,62.8,1012.2,2.0,0.9,2.0,cma,199.0
202101130100,54857.0,1.0,9.0,4.0,62.0,160.0,4.0,3.2,-3.2,62.8,1012.2,2.0,0.9,2.0,cma,199.0
202101130200,54857.0,1.0,9.0,4.0,62.0,160.0,4.0,3.2,-3.2,62.8,1012.2,2.0,0.9,2.0,cma,199.0
202101130300,54857.0,1.0,9.0,4.0,63.0,340.0,4.0,6.0,-5.0,45.1,1013.8,2.0,1.6,2.0,cma,123.0
202101130400,54857.0,1.0,9.0,4.0,63.0,340.0,4.0,6.0,-5.0,45.1,1013.8,2.0,1.6,2.0,cma,123.0
202101130500,54857.0,1.0,9.0,4.0,63.0,340.0,4.0,6.0,-5.0,45.1,1013.8,2.0,1.6,2.0,cma,123.0
202101130600,54857.0,1.0,9.0,4.0,60.0,340.0,4.0,7.7,-6.8,35.0,1014.2,2.0,0.4,2.0,cma,94.0
202101130700,54857.0,1.0,9.0,4.0,60.0,340.0,4.0,7.7,-6.8,35.0,1014.2,2.0,0.4,2.0,cma,94.0
202101130800,54857.0,1.0,9.0,4.0,60.0,340.0,4.0,7.7,-6.8,35.0,1014.2,2.0,0.4,2.0,cma,94.0
202101130900,54857.0,1.0,9.0,4.0,61.0,330.0,3.0,7.7,-7.6,32.9,1016.1,2.0,1.9,2.0,cma,96.0
202101131000,54857.0,1.0,9.0,4.0,61.0,330.0,3.0,7.7,-7.6,32.9,1016.1,2.0,1.9,2.0,cma,96.0
202101131100,54857.0,1.0,9.0,4.0,61.0,330.0,3.0,7.7,-7.6,32.9,1016.1,2.0,1.9,2.0,cma,96.0
202101131200,54857.0,1.0,9.0,4.0,62.0,350.0,2.0,6.6,-9.3,31.1,1018.5,2.0,2.4,2.0,cma,132.0
202101131300,54857.0,1.0,9.0,4.0,62.0,350.0,2.0,6.6,-9.3,31.1,1018.5,2.0,2.4,2.0,cma,132.0
202101131400,54857.0,1.0,9.0,4.0,62.0,350.0,2.0,6.6,-9.3,31.1,1018.5,2.0,2.4,2.0,cma,132.0
202101131500,54857.0,1.0,9.0,4.0,59.0,100.0,5.0,4.5,-3.8,54.8,1019.8,2.0,1.3,2.0,cma,163.0
202101131600,54857.0,1.0,9.0,4.0,59.0,100.0,5.0,4.5,-3.8,54.8,1019.8,2.0,1.3,2.0,cma,163.0
202101131700,54857.0,1.0,9.0,4.0,59.0,100.0,5.0,4.5,-3.8,54.8,1019.8,2.0,1.3,2.0,cma,163.0
202101131800,54857.0,1.0,9.0,4.0,62.0,100.0,5.0,3.7,-2.3,64.8,1020.5,2.0,0.7,2.0,cma,212.0
202101131900,54857.0,1.0,9.0,4.0,62.0,100.0,5.0,3.7,-2.3,64.8,1020.5,2.0,0.7,2.0,cma,212.0
202101132000,54857.0,1.0,9.0,4.0,62.0,100.0,5.0,3.7,-2.3,64.8,1020.5,2.0,0.7,2.0,cma,212.0
202101132100,54857.0,1.0,9.0,4.0,67.0,110.0,5.0,3.8,-1.0,70.8,1019.8,7.0,0.7,2.0,cma,137.0
202101132200,54857.0,1.0,9.0,4.0,67.0,110.0,5.0,3.8,-1.0,70.8,1019.8,7.0,0.7,2.0,cma,137.0
202101132300,54857.0,1.0,9.0,4.0,67.0,110.0,5.0,3.8,-1.0,70.8,1019.8,7.0,0.7,2.0,cma,137.0
202101140000,54857.0,1.0,9.0,4.0,66.0,110.0,4.0,5.1,1.8,79.2,1019.3,7.0,0.5,2.0,cma,161.0
202101140100,54857.0,1.0,9.0,4.0,66.0,110.0,4.0,5.1,1.8,79.2,1019.3,7.0,0.5,2.0,cma,161.0
202101140200,54857.0,1.0,9.0,4.0,66.0,110.0,4.0,5.1,1.8,79.2,1019.3,7.0,0.5,2.0,cma,161.0
202101140300,54857.0,1.0,9.0,4.0,61.0,120.0,5.0,7.9,3.9,75.8,1019.0,7.0,0.3,2.0,cma,138.0
202101140400,54857.0,1.0,9.0,4.0,61.0,120.0,5.0,7.9,3.9,75.8,1019.0,7.0,0.3,2.0,cma,138.0
202101140500,54857.0,1.0,9.0,4.0,61.0,120.0,5.0,7.9,3.9,75.8,1019.0,7.0,0.3,2.0,cma,138.0
202101140600,54857.0,1.0,9.0,4.0,59.0,130.0,4.0,8.6,4.8,77.0,1016.0,7.0,2.9,2.0,cma,69.0
202101140700,54857.0,1.0,9.0,4.0,59.0,130.0,4.0,8.6,4.8,77.0,1016.0,7.0,2.9,2.0,cma,69.0
202101140800,54857.0,1.0,9.0,4.0,59.0,130.0,4.0,8.6,4.8,77.0,1016.0,7.0,2.9,2.0,cma,69.0
202101140900,54857.0,1.0,9.0,4.0,56.0,120.0,4.0,7.3,5.1,85.9,1014.9,7.0,1.2,2.0,cma,68.0
202101141000,54857.0,1.0,9.0,4.0,56.0,120.0,4.0,7.3,5.1,85.9,1014.9,7.0,1.2,2.0,cma,68.0
202101141100,54857.0,1.0,9.0,4.0,56.0,120.0,4.0,7.3,5.1,85.9,1014.9,7.0,1.2,2.0,cma,68.0
202101141200,54857.0,1.0,9.0,4.0,42.0,140.0,4.0,6.9,4.6,85.3,1014.0,7.0,0.8,2.0,cma,85.0
202101141300,54857.0,1.0,9.0,4.0,42.0,140.0,4.0,6.9,4.6,85.3,1014.0,7.0,0.8,2.0,cma,85.0
202101141400,54857.0,1.0,9.0,4.0,42.0,140.0,4.0,6.9,4.6,85.3,1014.0,7.0,0.8,2.0,cma,85.0
202101141500,54857.0,1.0,9.0,4.0,50.0,170.0,3.0,6.4,3.2,80.0,1014.8,2.0,0.8,2.0,cma,82.0
202101141600,54857.0,1.0,9.0,4.0,50.0,170.0,3.0,6.4,3.2,80.0,1014.8,2.0,0.8,2.0,cma,82.0
202101141700,54857.0,1.0,9.0,4.0,50.0,170.0,3.0,6.4,3.2,80.0,1014.8,2.0,0.8,2.0,cma,82.0
202101141800,54857.0,1.0,9.0,4.0,50.0,160.0,3.0,6.6,2.5,75.0,1013.9,7.0,0.9,2.0,cma,82.0
202101141900,54857.0,1.0,9.0,4.0,50.0,160.0,3.0,6.6,2.5,75.0,1013.9,7.0,0.9,2.0,cma,82.0
202101142000,54857.0,1.0,9.0,4.0,50.0,160.0,3.0,6.6,2.5,75.0,1013.9,7.0,0.9,2.0,cma,82.0
202101142100,54857.0,1.0,9.0,4.0,46.0,330.0,2.0,5.5,1.6,75.9,1014.0,2.0,0.1,2.0,cma,92.0
202101142200,54857.0,1.0,9.0,4.0,46.0,330.0,2.0,5.5,1.6,75.9,1014.0,2.0,0.1,2.0,cma,92.0
202101142300,54857.0,1.0,9.0,4.0,46.0,330.0,2.0,5.5,1.6,75.9,1014.0,2.0,0.1,2.0,cma,92.0
202101150000,54857.0,1.0,9.0,4.0,22.0,330.0,8.0,0.9,-0.9,87.7,1017.0,2.0,2.9,2.0,cma,102.0
202101150100,54857.0,1.0,9.0,4.0,22.0,330.0,8.0,0.9,-0.9,87.7,1017.0,2.0,2.9,2.0,cma,102.0
202101150200,54857.0,1.0,9.0,4.0,22.0,330.0,8.0,0.9,-0.9,87.7,1017.0,2.0,2.9,2.0,cma,102.0
202101150300,54857.0,1.0,9.0,4.0,30.0,340.0,8.0,1.2,-0.1,91.0,1019.6,2.0,2.5,2.0,cma,128.0
202101150400,54857.0,1.0,9.0,4.0,30.0,340.0,8.0,1.2,-0.1,91.0,1019.6,2.0,2.5,2.0,cma,128.0
202101150500,54857.0,1.0,9.0,4.0,30.0,340.0,8.0,1.2,-0.1,91.0,1019.6,2.0,2.5,2.0,cma,128.0
202101150600,54857.0,1.0,9.0,4.0,56.0,340.0,8.0,3.1,-1.5,71.7,1020.5,2.0,1.0,2.0,cma,173.0
202101150700,54857.0,1.0,9.0,4.0,56.0,340.0,8.0,3.1,-1.5,71.7,1020.5,2.0,1.0,2.0,cma,173.0
202101150800,54857.0,1.0,9.0,4.0,56.0,340.0,8.0,3.1,-1.5,71.7,1020.5,2.0,1.0,2.0,cma,173.0
202101150900,54857.0,1.0,9.0,4.0,62.0,350.0,7.0,-0.6,-5.6,68.9,1024.8,2.0,4.1,2.0,cma,167.0
202101151000,54857.0,1.0,9.0,4.0,62.0,350.0,7.0,-0.6,-5.6,68.9,1024.8,2.0,4.1,2.0,cma,167.0
202101151100,54857.0,1.0,9.0,4.0,62.0,350.0,7.0,-0.6,-5.6,68.9,1024.8,2.0,4.1,2.0,cma,167.0
202101151200,54857.0,1.0,9.0,4.0,70.0,10.0,7.0,-3.1,-9.3,62.2,1027.5,2.0,2.6,2.0,cma,125.0
202101151300,54857.0,1.0,9.0,4.0,70.0,10.0,7.0,-3.1,-9.3,62.2,1027.5,2.0,2.6,2.0,cma,125.0
202101151400,54857.0,1.0,9.0,4.0,70.0,10.0,7.0,-3.1,-9.3,62.2,1027.5,2.0,2.6,2.0,cma,125.0
202101151500,54857.0,1.0,9.0,4.0,74.0,350.0,7.0,-4.2,-9.6,66.0,1029.9,2.0,2.4,2.0,cma,101.0
202101151600,54857.0,1.0,9.0,4.0,74.0,350.0,7.0,-4.2,-9.6,66.0,1029.9,2.0,2.4,2.0,cma,101.0
202101151700,54857.0,1.0,9.0,4.0,74.0,350.0,7.0,-4.2,-9.6,66.0,1029.9,2.0,2.4,2.0,cma,101.0
202101151800,54857.0,1.0,9.0,4.0,72.0,350.0,5.0,-4.9,-9.2,71.8,1031.0,2.0,1.1,2.0,cma,85.0
202101151900,54857.0,1.0,9.0,4.0,72.0,350.0,5.0,-4.9,-9.2,71.8,1031.0,2.0,1.1,2.0,cma,85.0
202101152000,54857.0,1.0,9.0,4.0,72.0,350.0,5.0,-4.9,-9.2,71.8,1031.0,2.0,1.1,2.0,cma,85.0
202101152100,54857.0,1.0,9.0,4.0,79.0,360.0,5.0,-5.7,-11.0,66.2,1031.4,2.0,0.3,2.0,cma,77.0
202101152200,54857.0,1.0,9.0,4.0,79.0,360.0,5.0,-5.7,-11.0,66.2,1031.4,2.0,0.3,2.0,cma,77.0
202101152300,54857.0,1.0,9.0,4.0,79.0,360.0,5.0,-5.7,-11.0,66.2,1031.4,2.0,0.3,2.0,cma,77.0
202101160000,54857.0,1.0,9.0,4.0,80.0,350.0,4.0,-5.5,-11.0,65.2,1034.2,2.0,2.7,2.0,cma,37.0
202101160100,54857.0,1.0,9.0,4.0,80.0,350.0,4.0,-5.5,-11.0,65.2,1034.2,2.0,2.7,2.0,cma,37.0
202101160200,54857.0,1.0,9.0,4.0,80.0,350.0,4.0,-5.5,-11.0,65.2,1034.2,2.0,2.7,2.0,cma,37.0
202101160300,54857.0,1.0,9.0,4.0,73.0,330.0,5.0,-3.8,-10.0,62.0,1034.7,2.0,0.5,2.0,cma,37.0
202101160400,54857.0,1.0,9.0,4.0,73.0,330.0,5.0,-3.8,-10.0,62.0,1034.7,2.0,0.5,2.0,cma,37.0
202101160500,54857.0,1.0,9.0,4.0,73.0,330.0,5.0,-3.8,-10.0,62.0,1034.7,2.0,0.5,2.0,cma,37.0
202101160600,54857.0,1.0,9.0,4.0,76.0,330.0,6.0,-0.9,-10.5,48.1,1032.1,7.0,2.5,2.0,cma,30.0
202101160700,54857.0,1.0,9.0,4.0,76.0,330.0,6.0,-0.9,-10.5,48.1,1032.1,7.0,2.5,2.0,cma,30.0
202101160800,54857.0,1.0,9.0,4.0,76.0,330.0,6.0,-0.9,-10.5,48.1,1032.1,7.0,2.5,2.0,cma,30.0
202101160900,54857.0,1.0,9.0,4.0,79.0,340.0,6.0,-1.5,-13.7,38.9,1033.5,2.0,1.3,2.0,cma,29.0
202101161000,54857.0,1.0,9.0,4.0,79.0,340.0,6.0,-1.5,-13.7,38.9,1033.5,2.0,1.3,2.0,cma,29.0
202101161100,54857.0,1.0,9.0,4.0,79.0,340.0,6.0,-1.5,-13.7,38.9,1033.5,2.0,1.3,2.0,cma,29.0
202101161200,54857.0,1.0,9.0,4.0,73.0,320.0,5.0,-2.0,-11.3,48.9,1034.6,2.0,1.1,2.0,cma,40.0
202101161300,54857.0,1.0,9.0,4.0,73.0,320.0,5.0,-2.0,-11.3,48.9,1034.6,2.0,1.1,2.0,cma,40.0
202101161400,54857.0,1.0,9.0,4.0,73.0,320.0,5.0,-2.0,-11.3,48.9,1034.6,2.0,1.1,2.0,cma,40.0
202101161500,54857.0,1.0,9.0,4.0,77.0,330.0,5.0,-3.1,-12.1,49.8,1036.4,2.0,1.8,2.0,cma,35.0
202101161600,54857.0,1.0,9.0,4.0,77.0,330.0,5.0,-3.1,-12.1,49.8,1036.4,2.0,1.8,2.0,cma,35.0
202101161700,54857.0,1.0,9.0,4.0,77.0,330.0,5.0,-3.1,-12.1,49.8,1036.4,2.0,1.8,2.0,cma,35.0
202101161800,54857.0,1.0,9.0,4.0,76.0,290.0,3.0,-3.3,-13.3,45.9,1035.9,7.0,0.4,2.0,cma,49.0
202101161900,54857.0,1.0,9.0,4.0,76.0,290.0,3.0,-3.3,-13.3,45.9,1035.9,7.0,0.4,2.0,cma,49.0
202101162000,54857.0,1.0,9.0,4.0,76.0,290.0,3.0,-3.3,-13.3,45.9,1035.9,7.0,0.4,2.0,cma,49.0
202101162100,54857.0,1.0,9.0,4.0,65.0,290.0,4.0,-3.0,-11.0,54.0,1034.9,7.0,1.0,2.0,cma,52.0
202101162200,54857.0,1.0,9.0,4.0,65.0,290.0,4.0,-3.0,-11.0,54.0,1034.9,7.0,1.0,2.0,cma,52.0
202101162300,54857.0,1.0,9.0,4.0,65.0,290.0,4.0,-3.0,-11.0,54.0,1034.9,7.0,1.0,2.0,cma,52.0
202101170000,54857.0,1.0,9.0,4.0,69.0,230.0,1.0,-2.5,-12.0,48.0,1033.8,7.0,1.1,2.0,cma,44.0
202101170100,54857.0,1.0,9.0,4.0,69.0,230.0,1.0,-2.5,-12.0,48.0,1033.8,7.0,1.1,2.0,cma,44.0
202101170200,54857.0,1.0,9.0,4.0,69.0,230.0,1.0,-2.5,-12.0,48.0,1033.8,7.0,1.1,2.0,cma,44.0
202101170300,54857.0,1.0,9.0,4.0,64.0,300.0,4.0,0.8,-11.0,40.9,1032.1,7.0,1.7,2.0,cma,39.0
202101170400,54857.0,1.0,9.0,4.0,64.0,300.0,4.0,0.8,-11.0,40.9,1032.1,7.0,1.7,2.0,cma,39.0
202101170500,54857.0,1.0,9.0,4.0,64.0,300.0,4.0,0.8,-11.0,40.9,1032.1,7.0,1.7,2.0,cma,39.0
202101170600,54857.0,1.0,9.0,4.0,66.0,310.0,3.0,2.8,-11.9,32.9,1027.6,7.0,4.4,2.0,cma,88.0
202101170700,54857.0,1.0,9.0,4.0,66.0,310.0,3.0,2.8,-11.9,32.9,1027.6,7.0,4.4,2.0,cma,88.0
202101170800,54857.0,1.0,9.0,4.0,66.0,310.0,3.0,2.8,-11.9,32.9,1027.6,7.0,4.4,2.0,cma,88.0
202101170900,54857.0,1.0,9.0,4.0,66.0,240.0,2.0,2.2,-13.6,30.0,1025.4,7.0,2.2,2.0,cma,71.0
202101171000,54857.0,1.0,9.0,4.0,66.0,240.0,2.0,2.2,-13.6,30.0,1025.4,7.0,2.2,2.0,cma,71.0
202101171100,54857.0,1.0,9.0,4.0,66.0,240.0,2.0,2.2,-13.6,30.0,1025.4,7.0,2.2,2.0,cma,71.0
202101171200,54857.0,1.0,9.0,4.0,61.0,210.0,2.0,1.8,-9.4,43.2,1024.8,7.0,0.6,2.0,cma,112.0
202101171300,54857.0,1.0,9.0,4.0,61.0,210.0,2.0,1.8,-9.4,43.2,1024.8,7.0,0.6,2.0,cma,112.0
202101171400,54857.0,1.0,9.0,4.0,61.0,210.0,2.0,1.8,-9.4,43.2,1024.8,7.0,0.6,2.0,cma,112.0
202101171500,54857.0,1.0,9.0,4.0,58.0,230.0,3.0,1.4,,45.8,1023.5,7.0,1.2,2.0,cma,80.0
202101171600,54857.0,1.0,9.0,4.0,58.0,230.0,3.0,1.4,,45.8,1023.5,7.0,1.2,2.0,cma,80.0
202101171700,54857.0,1.0,9.0,4.0,58.0,230.0,3.0,1.4,,45.8,1023.5,7.0,1.2,2.0,cma,80.0
202101171800,54857.0,1.0,9.0,4.0,59.0,200.0,2.0,1.0,-8.8,47.9,1022.1,7.0,1.4,2.0,cma,107.0
202101171900,54857.0,1.0,9.0,4.0,59.0,200.0,2.0,1.0,-8.8,47.9,1022.1,7.0,1.4,2.0,cma,107.0
202101172000,54857.0,1.0,9.0,4.0,59.0,200.0,2.0,1.0,-8.8,47.9,1022.1,7.0,1.4,2.0,cma,107.0
202101172100,54857.0,1.0,9.0,4.0,65.0,230.0,1.0,0.5,-11.2,41.1,1021.2,7.0,0.9,2.0,cma,113.0
202101172200,54857.0,1.0,9.0,4.0,65.0,230.0,1.0,0.5,-11.2,41.1,1021.2,7.0,0.9,2.0,cma,113.0
202101172300,54857.0,1.0,9.0,4.0,65.0,230.0,1.0,0.5,-11.2,41.1,1021.2,7.0,0.9,2.0,cma,113.0
202101180000,54857.0,1.0,9.0,4.0,66.0,310.0,4.0,1.0,-10.8,40.9,1022.3,2.0,1.1,2.0,cma,218.0
202101180100,54857.0,1.0,9.0,4.0,66.0,310.0,4.0,1.0,-10.8,40.9,1022.3,2.0,1.1,2.0,cma,218.0
202101180200,54857.0,1.0,9.0,4.0,66.0,310.0,4.0,1.0,-10.8,40.9,1022.3,2.0,1.1,2.0,cma,218.0
202101180300,54857.0,1.0,9.0,4.0,61.0,320.0,3.0,2.0,-9.6,41.9,1024.8,2.0,2.5,2.0,cma,154.0
202101180400,54857.0,1.0,9.0,4.0,61.0,320.0,3.0,2.0,-9.6,41.9,1024.8,2.0,2.5,2.0,cma,154.0
202101180500,54857.0,1.0,9.0,4.0,61.0,320.0,3.0,2.0,-9.6,41.9,1024.8,2.0,2.5,2.0,cma,154.0
202101180600,54857.0,1.0,9.0,4.0,68.0,340.0,4.0,5.2,-12.7,26.1,1024.0,7.0,0.7,2.0,cma,140.0
202101180700,54857.0,1.0,9.0,4.0,68.0,340.0,4.0,5.2,-12.7,26.1,1024.0,7.0,0.7,2.0,cma,140.0
202101180800,54857.0,1.0,9.0,4.0,68.0,340.0,4.0,5.2,-12.7,26.1,1024.0,7.0,0.7,2.0,cma,140.0
202101180900,54857.0,1.0,9.0,4.0,80.0,20.0,3.0,4.2,-15.6,22.1,1026.3,2.0,2.2,2.0,cma,92.0
202101181000,54857.0,1.0,9.0,4.0,80.0,20.0,3.0,4.2,-15.6,22.1,1026.3,2.0,2.2,2.0,cma,92.0
202101181100,54857.0,1.0,9.0,4.0,80.0,20.0,3.0,4.2,-15.6,22.1,1026.3,2.0,2.2,2.0,cma,92.0
202101181200,54857.0,1.0,9.0,4.0,80.0,60.0,1.0,1.8,-15.7,25.9,1028.7,2.0,2.4,2.0,cma,155.0
202101181300,54857.0,1.0,9.0,4.0,80.0,60.0,1.0,1.8,-15.7,25.9,1028.7,2.0,2.4,2.0,cma,155.0
202101181400,54857.0,1.0,9.0,4.0,80.0,60.0,1.0,1.8,-15.7,25.9,1028.7,2.0,2.4,2.0,cma,155.0
202101181500,54857.0,1.0,9.0,4.0,79.0,100.0,5.0,0.2,-5.8,64.0,1029.8,2.0,1.0,2.0,cma,103.0
202101181600,54857.0,1.0,9.0,4.0,79.0,100.0,5.0,0.2,-5.8,64.0,1029.8,2.0,1.0,2.0,cma,103.0
202101181700,54857.0,1.0,9.0,4.0,79.0,100.0,5.0,0.2,-5.8,64.0,1029.8,2.0,1.0,2.0,cma,103.0
202101181800,54857.0,1.0,9.0,4.0,79.0,100.0,4.0,-1.2,-5.8,70.9,1030.2,2.0,0.5,2.0,cma,57.0
202101181900,54857.0,1.0,9.0,4.0,79.0,100.0,4.0,-1.2,-5.8,70.9,1030.2,2.0,0.5,2.0,cma,57.0
202101182000,54857.0,1.0,9.0,4.0,79.0,100.0,4.0,-1.2,-5.8,70.9,1030.2,2.0,0.5,2.0,cma,57.0
202101182100,54857.0,1.0,9.0,4.0,80.0,120.0,4.0,-1.2,-5.4,73.1,1030.5,2.0,0.3,2.0,cma,37.0
202101182200,54857.0,1.0,9.0,4.0,80.0,120.0,4.0,-1.2,-5.4,73.1,1030.5,2.0,0.3,2.0,cma,37.0
202101182300,54857.0,1.0,9.0,4.0,80.0,120.0,4.0,-1.2,-5.4,73.1,1030.5,2.0,0.3,2.0,cma,37.0
202101190000,54857.0,1.0,9.0,4.0,80.0,120.0,5.0,0.1,-4.3,72.2,1031.0,2.0,0.4,2.0,cma,34.0
202101190100,54857.0,1.0,9.0,4.0,80.0,120.0,5.0,0.1,-4.3,72.2,1031.0,2.0,0.4,2.0,cma,34.0
202101190200,54857.0,1.0,9.0,4.0,80.0,120.0,5.0,0.1,-4.3,72.2,1031.0,2.0,0.4,2.0,cma,34.0
202101190300,54857.0,1.0,9.0,4.0,80.0,130.0,4.0,3.4,-2.3,66.2,1031.0,2.0,0.1,2.0,cma,23.0
202101190400,54857.0,1.0,9.0,4.0,80.0,130.0,4.0,3.4,-2.3,66.2,1031.0,2.0,0.1,2.0,cma,23.0
202101190500,54857.0,1.0,9.0,4.0,80.0,130.0,4.0,3.4,-2.3,66.2,1031.0,2.0,0.1,2.0,cma,23.0
202101190600,54857.0,1.0,9.0,4.0,80.0,140.0,5.0,4.3,-1.3,66.9,1028.9,7.0,2.1,2.0,cma,18.0
202101190700,54857.0,1.0,9.0,4.0,80.0,140.0,5.0,4.3,-1.3,66.9,1028.9,7.0,2.1,2.0,cma,18.0
202101190800,54857.0,1.0,9.0,4.0,80.0,140.0,5.0,4.3,-1.3,66.9,1028.9,7.0,2.1,2.0,cma,18.0
202101190900,54857.0,1.0,9.0,4.0,80.0,150.0,4.0,4.3,0.1,74.1,1029.4,2.0,0.5,2.0,cma,13.0
202101191000,54857.0,1.0,9.0,4.0,80.0,150.0,4.0,4.3,0.1,74.1,1029.4,2.0,0.5,2.0,cma,13.0
202101191100,54857.0,1.0,9.0,4.0,80.0,150.0,4.0,4.3,0.1,74.1,1029.4,2.0,0.5,2.0,cma,13.0
202101191200,54857.0,1.0,9.0,4.0,80.0,160.0,5.0,4.4,0.7,76.9,1029.1,7.0,0.3,2.0,cma,14.0
202101191300,54857.0,1.0,9.0,4.0,80.0,160.0,5.0,4.4,0.7,76.9,1029.1,7.0,0.3,2.0,cma,14.0
202101191400,54857.0,1.0,9.0,4.0,80.0,160.0,5.0,4.4,0.7,76.9,1029.1,7.0,0.3,2.0,cma,14.0
202101191500,54857.0,1.0,9.0,4.0,80.0,160.0,6.0,4.6,0.9,76.9,1028.6,7.0,0.4,2.0,cma,18.0
202101191600,54857.0,1.0,9.0,4.0,80.0,160.0,6.0,4.6,0.9,76.9,1028.6,7.0,0.4,2.0,cma,18.0
202101191700,54857.0,1.0,9.0,4.0,80.0,160.0,6.0,4.6,0.9,76.9,1028.6,7.0,0.4,2.0,cma,18.0
202101191800,54857.0,1.0,9.0,4.0,76.0,160.0,5.0,4.5,1.9,83.2,1027.4,7.0,1.2,2.0,cma,22.0
202101191900,54857.0,1.0,9.0,4.0,76.0,160.0,5.0,4.5,1.9,83.2,1027.4,7.0,1.2,2.0,cma,22.0
202101192000,54857.0,1.0,9.0,4.0,76.0,160.0,5.0,4.5,1.9,83.2,1027.4,7.0,1.2,2.0,cma,22.0
202101192100,54857.0,1.0,9.0,4.0,76.0,160.0,3.0,4.3,2.3,86.8,1026.7,7.0,0.7,2.0,cma,18.0
202101192200,54857.0,1.0,9.0,4.0,76.0,160.0,3.0,4.3,2.3,86.8,1026.7,7.0,0.7,2.0,cma,18.0
202101192300,54857.0,1.0,9.0,4.0,76.0,160.0,3.0,4.3,2.3,86.8,1026.7,7.0,0.7,2.0,cma,18.0
202101200000,54857.0,1.0,9.0,4.0,78.0,150.0,3.0,4.7,2.7,86.9,1026.5,7.0,0.2,2.0,cma,18.0
202101200100,54857.0,1.0,9.0,4.0,78.0,150.0,3.0,4.7,2.7,86.9,1026.5,7.0,0.2,2.0,cma,18.0
202101200200,54857.0,1.0,9.0,4.0,78.0,150.0,3.0,4.7,2.7,86.9,1026.5,7.0,0.2,2.0,cma,18.0
202101200300,54857.0,1.0,9.0,4.0,80.0,160.0,5.0,6.2,3.7,84.0,1026.4,7.0,0.1,2.0,cma,22.0
202101200400,54857.0,1.0,9.0,4.0,80.0,160.0,5.0,6.2,3.7,84.0,1026.4,7.0,0.1,2.0,cma,22.0
202101200500,54857.0,1.0,9.0,4.0,80.0,160.0,5.0,6.2,3.7,84.0,1026.4,7.0,0.1,2.0,cma,22.0
202101200600,54857.0,1.0,9.0,4.0,80.0,160.0,4.0,6.5,4.0,84.0,1023.7,7.0,2.6,2.0,cma,21.0
202101200700,54857.0,1.0,9.0,4.0,80.0,160.0,4.0,6.5,4.0,84.0,1023.7,7.0,2.6,2.0,cma,21.0
202101200800,54857.0,1.0,9.0,4.0,80.0,160.0,4.0,6.5,4.0,84.0,1023.7,7.0,2.6,2.0,cma,21.0
202101200900,54857.0,1.0,9.0,4.0,77.0,140.0,2.0,6.0,4.2,88.2,1023.6,7.0,0.2,2.0,cma,17.0
202101201000,54857.0,1.0,9.0,4.0,77.0,140.0,2.0,6.0,4.2,88.2,1023.6,7.0,0.2,2.0,cma,17.0
202101201100,54857.0,1.0,9.0,4.0,77.0,140.0,2.0,6.0,4.2,88.2,1023.6,7.0,0.2,2.0,cma,17.0
202101201200,54857.0,1.0,9.0,4.0,76.0,140.0,3.0,6.5,4.5,87.0,1023.5,4.0,0.0,2.0,cma,14.0
202101201300,54857.0,1.0,9.0,4.0,76.0,140.0,3.0,6.5,4.5,87.0,1023.5,4.0,0.0,2.0,cma,14.0
202101201400,54857.0,1.0,9.0,4.0,76.0,140.0,3.0,6.5,4.5,87.0,1023.5,4.0,0.0,2.0,cma,14.0
202101201500,54857.0,1.0,9.0,4.0,67.0,140.0,3.0,7.1,5.4,88.9,1023.3,7.0,0.2,2.0,cma,13.0
202101201600,54857.0,1.0,9.0,4.0,67.0,140.0,3.0,7.1,5.4,88.9,1023.3,7.0,0.2,2.0,cma,13.0
202101201700,54857.0,1.0,9.0,4.0,67.0,140.0,3.0,7.1,5.4,88.9,1023.3,7.0,0.2,2.0,cma,13.0
202101201800,54857.0,1.0,9.0,4.0,7.0,130.0,1.0,6.5,5.9,95.9,1022.5,7.0,0.8,2.0,cma,16.0
202101201900,54857.0,1.0,9.0,4.0,7.0,130.0,1.0,6.5,5.9,95.9,1022.5,7.0,0.8,2.0,cma,16.0
202101202000,54857.0,1.0,9.0,4.0,7.0,130.0,1.0,6.5,5.9,95.9,1022.5,7.0,0.8,2.0,cma,16.0
202101202100,54857.0,1.0,9.0,4.0,5.0,360.0,0.0,6.5,6.1,97.3,1021.6,7.0,0.9,2.0,cma,19.0
202101202200,54857.0,1.0,9.0,4.0,5.0,360.0,0.0,6.5,6.1,97.3,1021.6,7.0,0.9,2.0,cma,19.0
202101202300,54857.0,1.0,9.0,4.0,5.0,360.0,0.0,6.5,6.1,97.3,1021.6,7.0,0.9,2.0,cma,19.0
202101210000,54857.0,1.0,9.0,4.0,5.0,360.0,0.0,6.5,6.1,97.3,1021.6,7.0,0.9,2.0,cma,19.0
202101210100,54857.0,1.0,9.0,4.0,5.0,360.0,0.0,6.5,6.1,97.3,1021.6,7.0,0.9,2.0,cma,19.0
202101210200,54857.0,1.0,9.0,4.0,5.0,360.0,0.0,6.5,6.1,97.3,1021.6,7.0,0.9,2.0,cma,19.0
202101210300,54857.0,1.0,9.0,4.0,64.0,240.0,2.0,7.8,7.2,96.0,1020.8,7.0,0.7,2.0,cma,33.0
202101210400,54857.0,1.0,9.0,4.0,64.0,240.0,2.0,7.8,7.2,96.0,1020.8,7.0,0.7,2.0,cma,33.0
202101210500,54857.0,1.0,9.0,4.0,64.0,240.0,2.0,7.8,7.2,96.0,1020.8,7.0,0.7,2.0,cma,33.0
202101210600,54857.0,1.0,9.0,4.0,64.0,240.0,2.0,7.8,7.2,96.0,1020.8,7.0,0.7,2.0,cma,33.0
202101210700,54857.0,1.0,9.0,4.0,64.0,240.0,2.0,7.8,7.2,96.0,1020.8,7.0,0.7,2.0,cma,33.0
202101210800,54857.0,1.0,9.0,4.0,64.0,240.0,2.0,7.8,7.2,96.0,1020.8,7.0,0.7,2.0,cma,33.0
202101210900,54857.0,1.0,9.0,4.0,42.0,340.0,2.0,7.6,5.2,84.7,1019.4,2.0,0.4,2.0,cma,42.0
202101211000,54857.0,1.0,9.0,4.0,42.0,340.0,2.0,7.6,5.2,84.7,1019.4,2.0,0.4,2.0,cma,42.0
202101211100,54857.0,1.0,9.0,4.0,42.0,340.0,2.0,7.6,5.2,84.7,1019.4,2.0,0.4,2.0,cma,42.0
202101211200,54857.0,1.0,9.0,4.0,42.0,340.0,2.0,7.6,5.2,84.7,1019.4,2.0,0.4,2.0,cma,42.0
202101211300,54857.0,1.0,9.0,4.0,42.0,340.0,2.0,7.6,5.2,84.7,1019.4,2.0,0.4,2.0,cma,42.0
202101211400,54857.0,1.0,9.0,4.0,42.0,340.0,2.0,7.6,5.2,84.7,1019.4,2.0,0.4,2.0,cma,42.0
202101211500,54857.0,1.0,9.0,4.0,13.0,340.0,5.0,2.2,1.0,91.8,1021.3,2.0,0.2,2.0,cma,41.0
202101211600,54857.0,1.0,9.0,4.0,13.0,340.0,5.0,2.2,1.0,91.8,1021.3,2.0,0.2,2.0,cma,41.0
202101211700,54857.0,1.0,9.0,4.0,13.0,340.0,5.0,2.2,1.0,91.8,1021.3,2.0,0.2,2.0,cma,41.0
202101211800,54857.0,1.0,9.0,4.0,13.0,340.0,5.0,2.2,1.0,91.8,1021.3,2.0,0.2,2.0,cma,41.0
202101211900,54857.0,1.0,9.0,4.0,13.0,340.0,5.0,2.2,1.0,91.8,1021.3,2.0,0.2,2.0,cma,41.0
202101212000,54857.0,1.0,9.0,4.0,13.0,340.0,5.0,2.2,1.0,91.8,1021.3,2.0,0.2,2.0,cma,41.0
202101212100,54857.0,1.0,9.0,4.0,1.0,340.0,4.0,0.0,-0.3,97.8,1022.0,2.0,0.4,2.0,cma,88.0
202101212200,54857.0,1.0,9.0,4.0,1.0,340.0,4.0,0.0,-0.3,97.8,1022.0,2.0,0.4,2.0,cma,88.0
202101212300,54857.0,1.0,9.0,4.0,1.0,340.0,4.0,0.0,-0.3,97.8,1022.0,2.0,0.4,2.0,cma,88.0
202101220000,54857.0,1.0,9.0,4.0,1.0,340.0,4.0,0.0,-0.3,97.8,1022.0,2.0,0.4,2.0,cma,88.0
202101220100,54857.0,1.0,9.0,4.0,1.0,340.0,4.0,0.0,-0.3,97.8,1022.0,2.0,0.4,2.0,cma,88.0
202101220200,54857.0,1.0,9.0,4.0,1.0,340.0,4.0,0.0,-0.3,97.8,1022.0,2.0,0.4,2.0,cma,88.0
202101220300,54857.0,1.0,9.0,4.0,14.0,330.0,4.0,1.0,0.4,95.8,1024.2,2.0,0.4,2.0,cma,114.0
202101220400,54857.0,1.0,9.0,4.0,14.0,330.0,4.0,1.0,0.4,95.8,1024.2,2.0,0.4,2.0,cma,114.0
202101220500,54857.0,1.0,9.0,4.0,14.0,330.0,4.0,1.0,0.4,95.8,1024.2,2.0,0.4,2.0,cma,114.0
202101220600,54857.0,1.0,9.0,4.0,14.0,330.0,4.0,1.0,0.4,95.8,1024.2,2.0,0.4,2.0,cma,114.0
202101220700,54857.0,1.0,9.0,4.0,14.0,330.0,4.0,1.0,0.4,95.8,1024.2,2.0,0.4,2.0,cma,114.0
202101220800,54857.0,1.0,9.0,4.0,14.0,330.0,4.0,1.0,0.4,95.8,1024.2,2.0,0.4,2.0,cma,114.0
202101220900,54857.0,1.0,9.0,4.0,19.0,320.0,3.0,1.8,-0.1,87.2,1022.7,2.0,0.5,2.0,cma,136.0
202101221000,54857.0,1.0,9.0,4.0,19.0,320.0,3.0,1.8,-0.1,87.2,1022.7,2.0,0.5,2.0,cma,136.0
202101221100,54857.0,1.0,9.0,4.0,19.0,320.0,3.0,1.8,-0.1,87.2,1022.7,2.0,0.5,2.0,cma,136.0
202101221200,54857.0,1.0,9.0,4.0,19.0,320.0,3.0,1.8,-0.1,87.2,1022.7,2.0,0.5,2.0,cma,136.0
202101221300,54857.0,1.0,9.0,4.0,19.0,320.0,3.0,1.8,-0.1,87.2,1022.7,2.0,0.5,2.0,cma,136.0
202101221400,54857.0,1.0,9.0,4.0,19.0,320.0,3.0,1.8,-0.1,87.2,1022.7,2.0,0.5,2.0,cma,136.0
202101221500,54857.0,1.0,9.0,4.0,28.0,330.0,4.0,0.1,-1.8,87.0,1022.7,7.0,0.5,2.0,cma,174.0
202101221600,54857.0,1.0,9.0,4.0,28.0,330.0,4.0,0.1,-1.8,87.0,1022.7,7.0,0.5,2.0,cma,174.0
202101221700,54857.0,1.0,9.0,4.0,28.0,330.0,4.0,0.1,-1.8,87.0,1022.7,7.0,0.5,2.0,cma,174.0
202101221800,54857.0,1.0,9.0,4.0,28.0,330.0,4.0,0.1,-1.8,87.0,1022.7,7.0,0.5,2.0,cma,174.0
202101221900,54857.0,1.0,9.0,4.0,28.0,330.0,4.0,0.1,-1.8,87.0,1022.7,7.0,0.5,2.0,cma,174.0
202101222000,54857.0,1.0,9.0,4.0,28.0,330.0,4.0,0.1,-1.8,87.0,1022.7,7.0,0.5,2.0,cma,174.0
202101222100,54857.0,1.0,9.0,4.0,30.0,330.0,4.0,-0.4,-2.0,88.9,1022.2,7.0,0.5,2.0,cma,185.0
202101222200,54857.0,1.0,9.0,4.0,30.0,330.0,4.0,-0.4,-2.0,88.9,1022.2,7.0,0.5,2.0,cma,185.0
202101222300,54857.0,1.0,9.0,4.0,30.0,330.0,4.0,-0.4,-2.0,88.9,1022.2,7.0,0.5,2.0,cma,185.0
202101230000,54857.0,1.0,9.0,4.0,30.0,330.0,4.0,-0.4,-2.0,88.9,1022.2,7.0,0.5,2.0,cma,185.0
202101230100,54857.0,1.0,9.0,4.0,30.0,330.0,4.0,-0.4,-2.0,88.9,1022.2,7.0,0.5,2.0,cma,185.0
202101230200,54857.0,1.0,9.0,4.0,30.0,330.0,4.0,-0.4,-2.0,88.9,1022.2,7.0,0.5,2.0,cma,185.0
202101230300,54857.0,1.0,9.0,4.0,45.0,330.0,4.0,1.1,-1.6,82.2,1022.9,2.0,0.2,2.0,cma,114.0
202101230400,54857.0,1.0,9.0,4.0,45.0,330.0,4.0,1.1,-1.6,82.2,1022.9,2.0,0.2,2.0,cma,114.0
202101230500,54857.0,1.0,9.0,4.0,45.0,330.0,4.0,1.1,-1.6,82.2,1022.9,2.0,0.2,2.0,cma,114.0
202101230600,54857.0,1.0,9.0,4.0,45.0,330.0,4.0,1.1,-1.6,82.2,1022.9,2.0,0.2,2.0,cma,114.0
202101230700,54857.0,1.0,9.0,4.0,45.0,330.0,4.0,1.1,-1.6,82.2,1022.9,2.0,0.2,2.0,cma,114.0
202101230800,54857.0,1.0,9.0,4.0,45.0,330.0,4.0,1.1,-1.6,82.2,1022.9,2.0,0.2,2.0,cma,114.0
202101230900,54857.0,1.0,9.0,4.0,56.0,320.0,3.0,4.0,-2.2,63.9,1022.2,2.0,0.1,2.0,cma,118.0
202101231000,54857.0,1.0,9.0,4.0,56.0,320.0,3.0,4.0,-2.2,63.9,1022.2,2.0,0.1,2.0,cma,118.0
202101231100,54857.0,1.0,9.0,4.0,56.0,320.0,3.0,4.0,-2.2,63.9,1022.2,2.0,0.1,2.0,cma,118.0
202101231200,54857.0,1.0,9.0,4.0,56.0,320.0,3.0,4.0,-2.2,63.9,1022.2,2.0,0.1,2.0,cma,118.0
202101231300,54857.0,1.0,9.0,4.0,56.0,320.0,3.0,4.0,-2.2,63.9,1022.2,2.0,0.1,2.0,cma,118.0
202101231400,54857.0,1.0,9.0,4.0,56.0,320.0,3.0,4.0,-2.2,63.9,1022.2,2.0,0.1,2.0,cma,118.0
202101231500,54857.0,1.0,9.0,4.0,28.0,300.0,4.0,0.2,-1.7,87.0,1025.8,2.0,2.1,2.0,cma,110.0
202101231600,54857.0,1.0,9.0,4.0,28.0,300.0,4.0,0.2,-1.7,87.0,1025.8,2.0,2.1,2.0,cma,110.0
202101231700,54857.0,1.0,9.0,4.0,28.0,300.0,4.0,0.2,-1.7,87.0,1025.8,2.0,2.1,2.0,cma,110.0
202101231800,54857.0,1.0,9.0,4.0,28.0,300.0,4.0,0.2,-1.7,87.0,1025.8,2.0,2.1,2.0,cma,110.0
202101231900,54857.0,1.0,9.0,4.0,28.0,300.0,4.0,0.2,-1.7,87.0,1025.8,2.0,2.1,2.0,cma,110.0
202101232000,54857.0,1.0,9.0,4.0,28.0,300.0,4.0,0.2,-1.7,87.0,1025.8,2.0,2.1,2.0,cma,110.0
202101232100,54857.0,1.0,9.0,4.0,1.0,320.0,2.0,-2.2,-2.8,95.6,1025.9,2.0,0.1,2.0,cma,111.0
202101232200,54857.0,1.0,9.0,4.0,1.0,320.0,2.0,-2.2,-2.8,95.6,1025.9,2.0,0.1,2.0,cma,111.0
202101232300,54857.0,1.0,9.0,4.0,1.0,320.0,2.0,-2.2,-2.8,95.6,1025.9,2.0,0.1,2.0,cma,111.0
202101240000,54857.0,1.0,9.0,4.0,1.0,320.0,2.0,-2.2,-2.8,95.6,1025.9,2.0,0.1,2.0,cma,111.0
202101240100,54857.0,1.0,9.0,4.0,1.0,320.0,2.0,-2.2,-2.8,95.6,1025.9,2.0,0.1,2.0,cma,111.0
202101240200,54857.0,1.0,9.0,4.0,1.0,320.0,2.0,-2.2,-2.8,95.6,1025.9,2.0,0.1,2.0,cma,111.0
202101240300,54857.0,1.0,9.0,4.0,22.0,320.0,1.0,0.9,0.5,97.2,1027.0,2.0,0.1,2.0,cma,0.0
202101240400,54857.0,1.0,9.0,4.0,22.0,320.0,1.0,0.9,0.5,97.2,1027.0,2.0,0.1,2.0,cma,0.0
202101240500,54857.0,1.0,9.0,4.0,22.0,320.0,1.0,0.9,0.5,97.2,1027.0,2.0,0.1,2.0,cma,0.0
202101240600,54857.0,1.0,9.0,4.0,22.0,320.0,1.0,0.9,0.5,97.2,1027.0,2.0,0.1,2.0,cma,0.0
202101240700,54857.0,1.0,9.0,4.0,22.0,320.0,1.0,0.9,0.5,97.2,1027.0,2.0,0.1,2.0,cma,0.0
202101240800,54857.0,1.0,9.0,4.0,22.0,320.0,1.0,0.9,0.5,97.2,1027.0,2.0,0.1,2.0,cma,0.0
202101240900,54857.0,1.0,9.0,4.0,43.0,160.0,3.0,4.2,1.6,83.2,1025.9,7.0,0.2,2.0,cma,13.0
202101241000,54857.0,1.0,9.0,4.0,43.0,160.0,3.0,4.2,1.6,83.2,1025.9,7.0,0.2,2.0,cma,13.0
202101241100,54857.0,1.0,9.0,4.0,43.0,160.0,3.0,4.2,1.6,83.2,1025.9,7.0,0.2,2.0,cma,13.0
202101241200,54857.0,1.0,9.0,4.0,43.0,160.0,3.0,4.2,1.6,83.2,1025.9,7.0,0.2,2.0,cma,13.0
202101241300,54857.0,1.0,9.0,4.0,43.0,160.0,3.0,4.2,1.6,83.2,1025.9,7.0,0.2,2.0,cma,13.0
202101241400,54857.0,1.0,9.0,4.0,43.0,160.0,3.0,4.2,1.6,83.2,1025.9,7.0,0.2,2.0,cma,13.0
202101241500,54857.0,1.0,9.0,4.0,50.0,170.0,1.0,4.1,2.5,89.3,1028.0,2.0,0.5,2.0,cma,281.0
202101241600,54857.0,1.0,9.0,4.0,50.0,170.0,1.0,4.1,2.5,89.3,1028.0,2.0,0.5,2.0,cma,281.0
202101241700,54857.0,1.0,9.0,4.0,50.0,170.0,1.0,4.1,2.5,89.3,1028.0,2.0,0.5,2.0,cma,281.0
202101241800,54857.0,1.0,9.0,4.0,50.0,170.0,1.0,4.1,2.5,89.3,1028.0,2.0,0.5,2.0,cma,281.0
202101241900,54857.0,1.0,9.0,4.0,50.0,170.0,1.0,4.1,2.5,89.3,1028.0,2.0,0.5,2.0,cma,281.0
202101242000,54857.0,1.0,9.0,4.0,50.0,170.0,1.0,4.1,2.5,89.3,1028.0,2.0,0.5,2.0,cma,281.0
202101242100,54857.0,1.0,9.0,4.0,36.0,120.0,2.0,4.3,3.4,93.9,1027.0,7.0,1.0,2.0,cma,86.0
202101242200,54857.0,1.0,9.0,4.0,36.0,120.0,2.0,4.3,3.4,93.9,1027.0,7.0,1.0,2.0,cma,86.0
202101242300,54857.0,1.0,9.0,4.0,36.0,120.0,2.0,4.3,3.4,93.9,1027.0,7.0,1.0,2.0,cma,86.0
202101250000,54857.0,1.0,9.0,4.0,31.0,140.0,2.0,4.3,3.6,95.2,1027.0,4.0,0.0,2.0,cma,66.0
202101250100,54857.0,1.0,9.0,4.0,31.0,140.0,2.0,4.3,3.6,95.2,1027.0,4.0,0.0,2.0,cma,66.0
202101250200,54857.0,1.0,9.0,4.0,31.0,140.0,2.0,4.3,3.6,95.2,1027.0,4.0,0.0,2.0,cma,66.0
202101250300,54857.0,1.0,9.0,4.0,25.0,140.0,3.0,5.3,4.6,95.2,1026.0,7.0,1.0,2.0,cma,54.0
202101250400,54857.0,1.0,9.0,4.0,25.0,140.0,3.0,5.3,4.6,95.2,1026.0,7.0,1.0,2.0,cma,54.0
202101250500,54857.0,1.0,9.0,4.0,25.0,140.0,3.0,5.3,4.6,95.2,1026.0,7.0,1.0,2.0,cma,54.0
202101250600,54857.0,1.0,9.0,4.0,41.0,320.0,2.0,6.3,5.1,92.0,1023.7,7.0,2.2,2.0,cma,53.0
202101250700,54857.0,1.0,9.0,4.0,41.0,320.0,2.0,6.3,5.1,92.0,1023.7,7.0,2.2,2.0,cma,53.0
202101250800,54857.0,1.0,9.0,4.0,41.0,320.0,2.0,6.3,5.1,92.0,1023.7,7.0,2.2,2.0,cma,53.0
202101250900,54857.0,1.0,9.0,4.0,56.0,360.0,2.0,6.6,5.1,90.1,1023.0,7.0,0.7,2.0,cma,55.0
202101251000,54857.0,1.0,9.0,4.0,56.0,360.0,2.0,6.6,5.1,90.1,1023.0,7.0,0.7,2.0,cma,55.0
202101251100,54857.0,1.0,9.0,4.0,56.0,360.0,2.0,6.6,5.1,90.1,1023.0,7.0,0.7,2.0,cma,55.0
202101251200,54857.0,1.0,9.0,4.0,50.0,350.0,1.0,7.1,5.1,87.1,1022.9,7.0,0.1,2.0,cma,49.0
202101251300,54857.0,1.0,9.0,4.0,50.0,350.0,1.0,7.1,5.1,87.1,1022.9,7.0,0.1,2.0,cma,49.0
202101251400,54857.0,1.0,9.0,4.0,50.0,350.0,1.0,7.1,5.1,87.1,1022.9,7.0,0.1,2.0,cma,49.0
202101251500,54857.0,1.0,9.0,4.0,20.0,340.0,3.0,5.5,4.6,93.9,1022.9,4.0,0.0,2.0,cma,41.0
202101251600,54857.0,1.0,9.0,4.0,20.0,340.0,3.0,5.5,4.6,93.9,1022.9,4.0,0.0,2.0,cma,41.0
202101251700,54857.0,1.0,9.0,4.0,20.0,340.0,3.0,5.5,4.6,93.9,1022.9,4.0,0.0,2.0,cma,41.0
202101251800,54857.0,1.0,9.0,4.0,6.0,330.0,5.0,3.4,3.0,97.2,1023.6,2.0,0.6,2.0,cma,50.0
202101251900,54857.0,1.0,9.0,4.0,6.0,330.0,5.0,3.4,3.0,97.2,1023.6,2.0,0.6,2.0,cma,50.0
202101252000,54857.0,1.0,9.0,4.0,6.0,330.0,5.0,3.4,3.0,97.2,1023.6,2.0,0.6,2.0,cma,50.0
202101252100,54857.0,1.0,9.0,4.0,56.0,330.0,6.0,2.4,2.0,97.2,1022.8,7.0,0.8,2.0,cma,57.0
202101252200,54857.0,1.0,9.0,4.0,56.0,330.0,6.0,2.4,2.0,97.2,1022.8,7.0,0.8,2.0,cma,57.0
202101252300,54857.0,1.0,9.0,4.0,56.0,330.0,6.0,2.4,2.0,97.2,1022.8,7.0,0.8,2.0,cma,57.0
202101260000,54857.0,1.0,9.0,4.0,34.0,330.0,6.0,2.0,1.4,95.8,1023.8,2.0,1.0,2.0,cma,104.0
202101260100,54857.0,1.0,9.0,4.0,34.0,330.0,6.0,2.0,1.4,95.8,1023.8,2.0,1.0,2.0,cma,104.0
202101260200,54857.0,1.0,9.0,4.0,34.0,330.0,6.0,2.0,1.4,95.8,1023.8,2.0,1.0,2.0,cma,104.0
202101260300,54857.0,1.0,9.0,4.0,34.0,330.0,6.0,2.0,1.4,95.8,1023.8,2.0,1.0,2.0,cma,104.0
202101260400,54857.0,1.0,9.0,4.0,34.0,330.0,6.0,2.0,1.4,95.8,1023.8,2.0,1.0,2.0,cma,104.0
202101260500,54857.0,1.0,9.0,4.0,34.0,330.0,6.0,2.0,1.4,95.8,1023.8,2.0,1.0,2.0,cma,104.0
202101260600,54857.0,1.0,9.0,4.0,28.0,330.0,5.0,4.6,-0.2,71.0,1023.9,7.0,1.8,2.0,cma,41.0
202101260700,54857.0,1.0,9.0,4.0,28.0,330.0,5.0,4.6,-0.2,71.0,1023.9,7.0,1.8,2.0,cma,41.0
202101260800,54857.0,1.0,9.0,4.0,28.0,330.0,5.0,4.6,-0.2,71.0,1023.9,7.0,1.8,2.0,cma,41.0
202101260900,54857.0,1.0,9.0,4.0,50.0,330.0,4.0,4.7,-1.3,65.1,1024.6,2.0,0.7,2.0,cma,41.0
202101261000,54857.0,1.0,9.0,4.0,50.0,330.0,4.0,4.7,-1.3,65.1,1024.6,2.0,0.7,2.0,cma,41.0
202101261100,54857.0,1.0,9.0,4.0,50.0,330.0,4.0,4.7,-1.3,65.1,1024.6,2.0,0.7,2.0,cma,41.0
202101261200,54857.0,1.0,9.0,4.0,50.0,330.0,4.0,4.7,-1.3,65.1,1024.6,2.0,0.7,2.0,cma,41.0
202101261300,54857.0,1.0,9.0,4.0,50.0,330.0,4.0,4.7,-1.3,65.1,1024.6,2.0,0.7,2.0,cma,41.0
202101261400,54857.0,1.0,9.0,4.0,50.0,330.0,4.0,4.7,-1.3,65.1,1024.6,2.0,0.7,2.0,cma,41.0
202101261500,54857.0,1.0,9.0,4.0,39.0,330.0,2.0,1.6,-2.9,72.0,1027.8,2.0,1.4,2.0,cma,255.0
202101261600,54857.0,1.0,9.0,4.0,39.0,330.0,2.0,1.6,-2.9,72.0,1027.8,2.0,1.4,2.0,cma,255.0
202101261700,54857.0,1.0,9.0,4.0,39.0,330.0,2.0,1.6,-2.9,72.0,1027.8,2.0,1.4,2.0,cma,255.0
202101261800,54857.0,1.0,9.0,4.0,39.0,330.0,2.0,1.6,-2.9,72.0,1027.8,2.0,1.4,2.0,cma,255.0
202101261900,54857.0,1.0,9.0,4.0,39.0,330.0,2.0,1.6,-2.9,72.0,1027.8,2.0,1.4,2.0,cma,255.0
202101262000,54857.0,1.0,9.0,4.0,39.0,330.0,2.0,1.6,-2.9,72.0,1027.8,2.0,1.4,2.0,cma,255.0
202101262100,54857.0,1.0,9.0,4.0,39.0,330.0,2.0,1.6,-2.9,72.0,1027.8,2.0,1.4,2.0,cma,255.0
202101262200,54857.0,1.0,9.0,4.0,39.0,330.0,2.0,1.6,-2.9,72.0,1027.8,2.0,1.4,2.0,cma,255.0
202101262300,54857.0,1.0,9.0,4.0,39.0,330.0,2.0,1.6,-2.9,72.0,1027.8,2.0,1.4,2.0,cma,255.0
202101270000,54857.0,1.0,9.0,4.0,60.0,160.0,1.0,3.0,-5.4,54.0,1026.7,7.0,0.1,2.0,cma,178.0
202101270100,54857.0,1.0,9.0,4.0,60.0,160.0,1.0,3.0,-5.4,54.0,1026.7,7.0,0.1,2.0,cma,178.0
202101270200,54857.0,1.0,9.0,4.0,60.0,160.0,1.0,3.0,-5.4,54.0,1026.7,7.0,0.1,2.0,cma,178.0
202101270300,54857.0,1.0,9.0,4.0,57.0,140.0,4.0,5.1,-1.8,61.0,1027.3,2.0,0.6,2.0,cma,168.0
202101270400,54857.0,1.0,9.0,4.0,57.0,140.0,4.0,5.1,-1.8,61.0,1027.3,2.0,0.6,2.0,cma,168.0
202101270500,54857.0,1.0,9.0,4.0,57.0,140.0,4.0,5.1,-1.8,61.0,1027.3,2.0,0.6,2.0,cma,168.0
202101270600,54857.0,1.0,9.0,4.0,68.0,170.0,3.0,5.5,-4.1,50.0,1023.8,7.0,3.4,2.0,cma,139.0
202101270700,54857.0,1.0,9.0,4.0,68.0,170.0,3.0,5.5,-4.1,50.0,1023.8,7.0,3.4,2.0,cma,139.0
202101270800,54857.0,1.0,9.0,4.0,68.0,170.0,3.0,5.5,-4.1,50.0,1023.8,7.0,3.4,2.0,cma,139.0
202101270900,54857.0,1.0,9.0,4.0,61.0,180.0,3.0,4.5,0.5,75.2,1022.6,7.0,1.2,2.0,cma,121.0
202101271000,54857.0,1.0,9.0,4.0,61.0,180.0,3.0,4.5,0.5,75.2,1022.6,7.0,1.2,2.0,cma,121.0
202101271100,54857.0,1.0,9.0,4.0,61.0,180.0,3.0,4.5,0.5,75.2,1022.6,7.0,1.2,2.0,cma,121.0
202101271200,54857.0,1.0,9.0,4.0,60.0,180.0,4.0,4.5,1.4,80.3,1021.9,7.0,0.7,2.0,cma,77.0
202101271300,54857.0,1.0,9.0,4.0,60.0,180.0,4.0,4.5,1.4,80.3,1021.9,7.0,0.7,2.0,cma,77.0
202101271400,54857.0,1.0,9.0,4.0,60.0,180.0,4.0,4.5,1.4,80.3,1021.9,7.0,0.7,2.0,cma,77.0
202101271500,54857.0,1.0,9.0,4.0,65.0,190.0,5.0,4.9,0.8,74.7,1020.6,7.0,1.2,2.0,cma,68.0
202101271600,54857.0,1.0,9.0,4.0,65.0,190.0,5.0,4.9,0.8,74.7,1020.6,7.0,1.2,2.0,cma,68.0
202101271700,54857.0,1.0,9.0,4.0,65.0,190.0,5.0,4.9,0.8,74.7,1020.6,7.0,1.2,2.0,cma,68.0
202101271800,54857.0,1.0,9.0,4.0,56.0,260.0,7.0,5.2,-1.9,60.1,1020.3,7.0,0.3,2.0,cma,58.0
202101271900,54857.0,1.0,9.0,4.0,56.0,260.0,7.0,5.2,-1.9,60.1,1020.3,7.0,0.3,2.0,cma,58.0
202101272000,54857.0,1.0,9.0,4.0,56.0,260.0,7.0,5.2,-1.9,60.1,1020.3,7.0,0.3,2.0,cma,58.0
202101272100,54857.0,1.0,9.0,4.0,26.0,330.0,8.0,1.2,-1.4,82.8,1021.6,2.0,1.2,2.0,cma,61.0
202101272200,54857.0,1.0,9.0,4.0,26.0,330.0,8.0,1.2,-1.4,82.8,1021.6,2.0,1.2,2.0,cma,61.0
202101272300,54857.0,1.0,9.0,4.0,26.0,330.0,8.0,1.2,-1.4,82.8,1021.6,2.0,1.2,2.0,cma,61.0
202101280000,54857.0,1.0,9.0,4.0,76.0,330.0,7.0,0.1,-9.9,46.9,1024.4,2.0,2.7,2.0,cma,43.0
202101280100,54857.0,1.0,9.0,4.0,76.0,330.0,7.0,0.1,-9.9,46.9,1024.4,2.0,2.7,2.0,cma,43.0
202101280200,54857.0,1.0,9.0,4.0,76.0,330.0,7.0,0.1,-9.9,46.9,1024.4,2.0,2.7,2.0,cma,43.0
202101280300,54857.0,1.0,9.0,4.0,79.0,330.0,10.0,0.1,-15.0,31.1,1027.5,2.0,3.1,2.0,cma,64.0
202101280400,54857.0,1.0,9.0,4.0,79.0,330.0,10.0,0.1,-15.0,31.1,1027.5,2.0,3.1,2.0,cma,64.0
202101280500,54857.0,1.0,9.0,4.0,79.0,330.0,10.0,0.1,-15.0,31.1,1027.5,2.0,3.1,2.0,cma,64.0
202101280600,54857.0,1.0,9.0,4.0,74.0,320.0,9.0,-0.2,-17.0,26.9,1027.5,4.0,0.0,2.0,cma,159.0
202101280700,54857.0,1.0,9.0,4.0,74.0,320.0,9.0,-0.2,-17.0,26.9,1027.5,4.0,0.0,2.0,cma,159.0
202101280800,54857.0,1.0,9.0,4.0,74.0,320.0,9.0,-0.2,-17.0,26.9,1027.5,4.0,0.0,2.0,cma,159.0
202101280900,54857.0,1.0,9.0,4.0,80.0,330.0,10.0,-2.6,-17.4,31.0,1029.8,2.0,2.2,2.0,cma,59.0
202101281000,54857.0,1.0,9.0,4.0,80.0,330.0,10.0,-2.6,-17.4,31.0,1029.8,2.0,2.2,2.0,cma,59.0
202101281100,54857.0,1.0,9.0,4.0,80.0,330.0,10.0,-2.6,-17.4,31.0,1029.8,2.0,2.2,2.0,cma,59.0
202101281200,54857.0,1.0,9.0,4.0,80.0,340.0,8.0,-4.4,-17.2,36.1,1031.3,2.0,1.4,2.0,cma,33.0
202101281300,54857.0,1.0,9.0,4.0,80.0,340.0,8.0,-4.4,-17.2,36.1,1031.3,2.0,1.4,2.0,cma,33.0
202101281400,54857.0,1.0,9.0,4.0,80.0,340.0,8.0,-4.4,-17.2,36.1,1031.3,2.0,1.4,2.0,cma,33.0
202101281500,54857.0,1.0,9.0,4.0,80.0,350.0,5.0,-4.5,-15.8,40.9,1031.5,2.0,0.2,2.0,cma,48.0
202101281600,54857.0,1.0,9.0,4.0,80.0,350.0,5.0,-4.5,-15.8,40.9,1031.5,2.0,0.2,2.0,cma,48.0
202101281700,54857.0,1.0,9.0,4.0,80.0,350.0,5.0,-4.5,-15.8,40.9,1031.5,2.0,0.2,2.0,cma,48.0
202101281800,54857.0,1.0,9.0,4.0,80.0,300.0,1.0,-4.9,-14.7,46.1,1031.2,7.0,0.3,2.0,cma,48.0
202101281900,54857.0,1.0,9.0,4.0,80.0,300.0,1.0,-4.9,-14.7,46.1,1031.2,7.0,0.3,2.0,cma,48.0
202101282000,54857.0,1.0,9.0,4.0,80.0,300.0,1.0,-4.9,-14.7,46.1,1031.2,7.0,0.3,2.0,cma,48.0
202101282100,54857.0,1.0,9.0,4.0,80.0,210.0,2.0,-3.9,-12.5,51.2,1029.0,7.0,2.2,2.0,cma,31.0
202101282200,54857.0,1.0,9.0,4.0,80.0,210.0,2.0,-3.9,-12.5,51.2,1029.0,7.0,2.2,2.0,cma,31.0
202101282300,54857.0,1.0,9.0,4.0,80.0,210.0,2.0,-3.9,-12.5,51.2,1029.0,7.0,2.2,2.0,cma,31.0
202101290000,54857.0,1.0,9.0,4.0,80.0,200.0,2.0,-2.5,,60.9,1028.7,7.0,0.3,2.0,cma,25.0
202101290100,54857.0,1.0,9.0,4.0,80.0,200.0,2.0,-2.5,,60.9,1028.7,7.0,0.3,2.0,cma,25.0
202101290200,54857.0,1.0,9.0,4.0,80.0,200.0,2.0,-2.5,,60.9,1028.7,7.0,0.3,2.0,cma,25.0
202101290300,54857.0,1.0,9.0,4.0,79.0,210.0,3.0,2.8,-8.0,44.8,1028.0,7.0,0.6,2.0,cma,20.0
202101290400,54857.0,1.0,9.0,4.0,79.0,210.0,3.0,2.8,-8.0,44.8,1028.0,7.0,0.6,2.0,cma,20.0
202101290500,54857.0,1.0,9.0,4.0,79.0,210.0,3.0,2.8,-8.0,44.8,1028.0,7.0,0.6,2.0,cma,20.0
202101290600,54857.0,1.0,9.0,4.0,74.0,190.0,4.0,3.9,-4.8,53.0,1024.6,7.0,3.4,2.0,cma,25.0
202101290700,54857.0,1.0,9.0,4.0,74.0,190.0,4.0,3.9,-4.8,53.0,1024.6,7.0,3.4,2.0,cma,25.0
202101290800,54857.0,1.0,9.0,4.0,74.0,190.0,4.0,3.9,-4.8,53.0,1024.6,7.0,3.4,2.0,cma,25.0
202101290900,54857.0,1.0,9.0,4.0,69.0,200.0,4.0,3.8,-3.5,58.9,1022.8,7.0,1.7,2.0,cma,26.0
202101291000,54857.0,1.0,9.0,4.0,69.0,200.0,4.0,3.8,-3.5,58.9,1022.8,7.0,1.7,2.0,cma,26.0
202101291100,54857.0,1.0,9.0,4.0,69.0,200.0,4.0,3.8,-3.5,58.9,1022.8,7.0,1.7,2.0,cma,26.0
202101291200,54857.0,1.0,9.0,4.0,68.0,210.0,3.0,4.5,-1.9,63.1,1022.7,7.0,0.1,2.0,cma,31.0
202101291300,54857.0,1.0,9.0,4.0,68.0,210.0,3.0,4.5,-1.9,63.1,1022.7,7.0,0.1,2.0,cma,31.0
202101291400,54857.0,1.0,9.0,4.0,68.0,210.0,3.0,4.5,-1.9,63.1,1022.7,7.0,0.1,2.0,cma,31.0
202101291500,54857.0,1.0,9.0,4.0,65.0,210.0,3.0,4.8,-3.7,54.1,1023.0,2.0,0.4,2.0,cma,60.0
202101291600,54857.0,1.0,9.0,4.0,65.0,210.0,3.0,4.8,-3.7,54.1,1023.0,2.0,0.4,2.0,cma,60.0
202101291700,54857.0,1.0,9.0,4.0,65.0,210.0,3.0,4.8,-3.7,54.1,1023.0,2.0,0.4,2.0,cma,60.0
202101291800,54857.0,1.0,9.0,4.0,66.0,180.0,3.0,4.7,-3.6,54.9,1022.9,7.0,0.1,2.0,cma,70.0
202101291900,54857.0,1.0,9.0,4.0,66.0,180.0,3.0,4.7,-3.6,54.9,1022.9,7.0,0.1,2.0,cma,70.0
202101292000,54857.0,1.0,9.0,4.0,66.0,180.0,3.0,4.7,-3.6,54.9,1022.9,7.0,0.1,2.0,cma,70.0
202101292100,54857.0,1.0,9.0,4.0,61.0,150.0,3.0,3.6,0.6,80.7,1023.0,2.0,0.1,2.0,cma,87.0
202101292200,54857.0,1.0,9.0,4.0,61.0,150.0,3.0,3.6,0.6,80.7,1023.0,2.0,0.1,2.0,cma,87.0
202101292300,54857.0,1.0,9.0,4.0,61.0,150.0,3.0,3.6,0.6,80.7,1023.0,2.0,0.1,2.0,cma,87.0
202101300000,54857.0,1.0,9.0,4.0,60.0,50.0,1.0,3.9,0.1,76.2,1024.9,2.0,1.9,2.0,cma,91.0
202101300100,54857.0,1.0,9.0,4.0,60.0,50.0,1.0,3.9,0.1,76.2,1024.9,2.0,1.9,2.0,cma,91.0
202101300200,54857.0,1.0,9.0,4.0,60.0,50.0,1.0,3.9,0.1,76.2,1024.9,2.0,1.9,2.0,cma,91.0
202101300300,54857.0,1.0,9.0,4.0,61.0,170.0,2.0,7.8,-0.7,54.9,1025.6,2.0,0.8,2.0,cma,113.0
202101300400,54857.0,1.0,9.0,4.0,61.0,170.0,2.0,7.8,-0.7,54.9,1025.6,2.0,0.8,2.0,cma,113.0
202101300500,54857.0,1.0,9.0,4.0,61.0,170.0,2.0,7.8,-0.7,54.9,1025.6,2.0,0.8,2.0,cma,113.0
202101300600,54857.0,1.0,9.0,4.0,62.0,140.0,3.0,8.8,-1.9,46.9,1024.0,7.0,1.6,2.0,cma,99.0
202101300700,54857.0,1.0,9.0,4.0,62.0,140.0,3.0,8.8,-1.9,46.9,1024.0,7.0,1.6,2.0,cma,99.0
202101300800,54857.0,1.0,9.0,4.0,62.0,140.0,3.0,8.8,-1.9,46.9,1024.0,7.0,1.6,2.0,cma,99.0
202101300900,54857.0,1.0,9.0,4.0,62.0,120.0,3.0,6.8,-2.4,51.9,1024.0,7.0,0.1,2.0,cma,103.0
202101301000,54857.0,1.0,9.0,4.0,62.0,120.0,3.0,6.8,-2.4,51.9,1024.0,7.0,0.1,2.0,cma,103.0
202101301100,54857.0,1.0,9.0,4.0,62.0,120.0,3.0,6.8,-2.4,51.9,1024.0,7.0,0.1,2.0,cma,103.0
202101301200,54857.0,1.0,9.0,4.0,58.0,130.0,4.0,5.4,2.1,79.3,1025.2,2.0,1.2,2.0,cma,117.0
202101301300,54857.0,1.0,9.0,4.0,58.0,130.0,4.0,5.4,2.1,79.3,1025.2,2.0,1.2,2.0,cma,117.0
202101301400,54857.0,1.0,9.0,4.0,58.0,130.0,4.0,5.4,2.1,79.3,1025.2,2.0,1.2,2.0,cma,117.0
202101301500,54857.0,1.0,9.0,4.0,56.0,140.0,3.0,5.2,2.7,83.9,1025.2,2.0,0.1,2.0,cma,119.0
202101301600,54857.0,1.0,9.0,4.0,56.0,140.0,3.0,5.2,2.7,83.9,1025.2,2.0,0.1,2.0,cma,119.0
202101301700,54857.0,1.0,9.0,4.0,56.0,140.0,3.0,5.2,2.7,83.9,1025.2,2.0,0.1,2.0,cma,119.0
202101301800,54857.0,1.0,9.0,4.0,56.0,130.0,2.0,5.0,3.7,91.3,1024.5,7.0,0.7,2.0,cma,124.0
202101301900,54857.0,1.0,9.0,4.0,56.0,130.0,2.0,5.0,3.7,91.3,1024.5,7.0,0.7,2.0,cma,124.0
202101302000,54857.0,1.0,9.0,4.0,56.0,130.0,2.0,5.0,3.7,91.3,1024.5,7.0,0.7,2.0,cma,124.0
202101302100,54857.0,1.0,9.0,4.0,59.0,150.0,3.0,5.1,3.6,90.0,1023.4,7.0,1.1,2.0,cma,130.0
202101302200,54857.0,1.0,9.0,4.0,59.0,150.0,3.0,5.1,3.6,90.0,1023.4,7.0,1.1,2.0,cma,130.0
202101302300,54857.0,1.0,9.0,4.0,59.0,150.0,3.0,5.1,3.6,90.0,1023.4,7.0,1.1,2.0,cma,130.0
202101310000,54857.0,1.0,9.0,4.0,56.0,140.0,3.0,5.0,3.8,91.9,1022.9,7.0,0.5,2.0,cma,97.0
202101310100,54857.0,1.0,9.0,4.0,56.0,140.0,3.0,5.0,3.8,91.9,1022.9,7.0,0.5,2.0,cma,97.0
202101310200,54857.0,1.0,9.0,4.0,56.0,140.0,3.0,5.0,3.8,91.9,1022.9,7.0,0.5,2.0,cma,97.0
202101310300,54857.0,1.0,9.0,4.0,58.0,160.0,4.0,7.0,4.0,81.2,1022.4,7.0,0.5,2.0,cma,66.0
202101310400,54857.0,1.0,9.0,4.0,58.0,160.0,4.0,7.0,4.0,81.2,1022.4,7.0,0.5,2.0,cma,66.0
202101310500,54857.0,1.0,9.0,4.0,58.0,160.0,4.0,7.0,4.0,81.2,1022.4,7.0,0.5,2.0,cma,66.0
202101310600,54857.0,1.0,9.0,4.0,56.0,170.0,4.0,7.4,3.1,74.1,1019.1,7.0,3.3,2.0,cma,57.0
202101310700,54857.0,1.0,9.0,4.0,56.0,170.0,4.0,7.4,3.1,74.1,1019.1,7.0,3.3,2.0,cma,57.0
202101310800,54857.0,1.0,9.0,4.0,56.0,170.0,4.0,7.4,3.1,74.1,1019.1,7.0,3.3,2.0,cma,57.0
202101310900,54857.0,1.0,9.0,4.0,56.0,160.0,4.0,6.1,2.2,76.0,1018.3,7.0,0.8,2.0,cma,55.0
202101311000,54857.0,1.0,9.0,4.0,56.0,160.0,4.0,6.1,2.2,76.0,1018.3,7.0,0.8,2.0,cma,55.0
202101311100,54857.0,1.0,9.0,4.0,56.0,160.0,4.0,6.1,2.2,76.0,1018.3,7.0,0.8,2.0,cma,55.0
202101311200,54857.0,1.0,9.0,4.0,56.0,160.0,3.0,6.0,3.8,85.8,1018.2,7.0,0.1,2.0,cma,70.0
202101311300,54857.0,1.0,9.0,4.0,56.0,160.0,3.0,6.0,3.8,85.8,1018.2,7.0,0.1,2.0,cma,70.0
202101311400,54857.0,1.0,9.0,4.0,56.0,160.0,3.0,6.0,3.8,85.8,1018.2,7.0,0.1,2.0,cma,70.0
202101311500,54857.0,1.0,9.0,4.0,50.0,160.0,4.0,6.0,3.7,85.2,1018.2,4.0,0.0,2.0,cma,106.0
202101311600,54857.0,1.0,9.0,4.0,50.0,160.0,4.0,6.0,3.7,85.2,1018.2,4.0,0.0,2.0,cma,106.0
202101311700,54857.0,1.0,9.0,4.0,50.0,160.0,4.0,6.0,3.7,85.2,1018.2,4.0,0.0,2.0,cma,106.0
202101311800,54857.0,1.0,9.0,4.0,60.0,200.0,2.0,8.2,-1.3,51.1,1017.5,7.0,0.6,2.0,cma,125.0
202101311900,54857.0,1.0,9.0,4.0,60.0,200.0,2.0,8.2,-1.3,51.1,1017.5,7.0,0.6,2.0,cma,125.0
202101312000,54857.0,1.0,9.0,4.0,60.0,200.0,2.0,8.2,-1.3,51.1,1017.5,7.0,0.6,2.0,cma,125.0
202101312100,54857.0,1.0,9.0,4.0,57.0,160.0,4.0,5.9,0.7,69.2,1016.4,7.0,1.2,2.0,cma,90.0
202101312200,54857.0,1.0,9.0,4.0,57.0,160.0,4.0,5.9,0.7,69.2,1016.4,7.0,1.2,2.0,cma,90.0
202101312300,54857.0,1.0,9.0,4.0,57.0,160.0,4.0,5.9,0.7,69.2,1016.4,7.0,1.2,2.0,cma,90.0
202102010000,54857.0,1.0,9.0,4.0,61.0,310.0,5.0,6.3,-3.9,48.0,1018.3,2.0,1.9,2.0,cma,89.0
202102010100,54857.0,1.0,9.0,4.0,61.0,310.0,5.0,6.3,-3.9,48.0,1018.3,2.0,1.9,2.0,cma,89.0
202102010200,54857.0,1.0,9.0,4.0,61.0,310.0,5.0,6.3,-3.9,48.0,1018.3,2.0,1.9,2.0,cma,89.0
202102010300,54857.0,1.0,9.0,4.0,50.0,330.0,5.0,5.6,-1.5,60.2,1019.2,2.0,0.9,2.0,cma,115.0
202102010400,54857.0,1.0,9.0,4.0,50.0,330.0,5.0,5.6,-1.5,60.2,1019.2,2.0,0.9,2.0,cma,115.0
202102010500,54857.0,1.0,9.0,4.0,50.0,330.0,5.0,5.6,-1.5,60.2,1019.2,2.0,0.9,2.0,cma,115.0
202102010600,54857.0,1.0,9.0,4.0,59.0,320.0,7.0,7.0,-5.3,41.1,1019.1,4.0,0.0,2.0,cma,125.0
202102010700,54857.0,1.0,9.0,4.0,59.0,320.0,7.0,7.0,-5.3,41.1,1019.1,4.0,0.0,2.0,cma,125.0
202102010800,54857.0,1.0,9.0,4.0,59.0,320.0,7.0,7.0,-5.3,41.1,1019.1,4.0,0.0,2.0,cma,125.0
202102010900,54857.0,1.0,9.0,4.0,69.0,340.0,6.0,5.4,-8.8,35.1,1022.4,2.0,3.2,2.0,cma,138.0
202102011000,54857.0,1.0,9.0,4.0,69.0,340.0,6.0,5.4,-8.8,35.1,1022.4,2.0,3.2,2.0,cma,138.0
202102011100,54857.0,1.0,9.0,4.0,69.0,340.0,6.0,5.4,-8.8,35.1,1022.4,2.0,3.2,2.0,cma,138.0
202102011200,54857.0,1.0,9.0,4.0,61.0,360.0,5.0,1.0,-5.7,60.9,1026.2,2.0,3.7,2.0,cma,207.0
202102011300,54857.0,1.0,9.0,4.0,61.0,360.0,5.0,1.0,-5.7,60.9,1026.2,2.0,3.7,2.0,cma,207.0
202102011400,54857.0,1.0,9.0,4.0,61.0,360.0,5.0,1.0,-5.7,60.9,1026.2,2.0,3.7,2.0,cma,207.0
202102011500,54857.0,1.0,9.0,4.0,69.0,20.0,4.0,-1.7,-10.3,51.8,1029.0,2.0,2.7,2.0,cma,159.0
202102011600,54857.0,1.0,9.0,4.0,69.0,20.0,4.0,-1.7,-10.3,51.8,1029.0,2.0,2.7,2.0,cma,159.0
202102011700,54857.0,1.0,9.0,4.0,69.0,20.0,4.0,-1.7,-10.3,51.8,1029.0,2.0,2.7,2.0,cma,159.0
202102011800,54857.0,1.0,9.0,4.0,71.0,30.0,2.0,-2.2,-10.7,52.1,1030.1,2.0,1.1,2.0,cma,80.0
202102011900,54857.0,1.0,9.0,4.0,71.0,30.0,2.0,-2.2,-10.7,52.1,1030.1,2.0,1.1,2.0,cma,80.0
202102012000,54857.0,1.0,9.0,4.0,71.0,30.0,2.0,-2.2,-10.7,52.1,1030.1,2.0,1.1,2.0,cma,80.0
202102012100,54857.0,1.0,9.0,4.0,71.0,30.0,2.0,-2.2,-10.7,52.1,1030.1,2.0,1.1,2.0,cma,80.0
202102012200,54857.0,1.0,9.0,4.0,71.0,30.0,2.0,-2.2,-10.7,52.1,1030.1,2.0,1.1,2.0,cma,80.0
202102012300,54857.0,1.0,9.0,4.0,71.0,30.0,2.0,-2.2,-10.7,52.1,1030.1,2.0,1.1,2.0,cma,80.0
202102020000,54857.0,1.0,9.0,4.0,64.0,310.0,4.0,-2.9,-8.0,67.9,1031.5,2.0,1.5,2.0,cma,51.0
202102020100,54857.0,1.0,9.0,4.0,64.0,310.0,4.0,-2.9,-8.0,67.9,1031.5,2.0,1.5,2.0,cma,51.0
202102020200,54857.0,1.0,9.0,4.0,64.0,310.0,4.0,-2.9,-8.0,67.9,1031.5,2.0,1.5,2.0,cma,51.0
202102020300,54857.0,1.0,9.0,4.0,64.0,330.0,3.0,-0.4,-8.8,53.0,1032.1,2.0,0.5,2.0,cma,53.0
202102020400,54857.0,1.0,9.0,4.0,64.0,330.0,3.0,-0.4,-8.8,53.0,1032.1,2.0,0.5,2.0,cma,53.0
202102020500,54857.0,1.0,9.0,4.0,64.0,330.0,3.0,-0.4,-8.8,53.0,1032.1,2.0,0.5,2.0,cma,53.0
202102020600,54857.0,1.0,9.0,4.0,70.0,330.0,4.0,1.9,-12.3,34.0,1029.1,7.0,2.9,2.0,cma,56.0
202102020700,54857.0,1.0,9.0,4.0,70.0,330.0,4.0,1.9,-12.3,34.0,1029.1,7.0,2.9,2.0,cma,56.0
202102020800,54857.0,1.0,9.0,4.0,70.0,330.0,4.0,1.9,-12.3,34.0,1029.1,7.0,2.9,2.0,cma,56.0
202102020900,54857.0,1.0,9.0,4.0,80.0,340.0,3.0,1.7,-14.4,29.1,1028.2,7.0,0.9,2.0,cma,63.0
202102021000,54857.0,1.0,9.0,4.0,80.0,340.0,3.0,1.7,-14.4,29.1,1028.2,7.0,0.9,2.0,cma,63.0
202102021100,54857.0,1.0,9.0,4.0,80.0,340.0,3.0,1.7,-14.4,29.1,1028.2,7.0,0.9,2.0,cma,63.0
202102021200,54857.0,1.0,9.0,4.0,78.0,190.0,1.0,0.8,-12.2,37.1,1028.8,2.0,0.6,2.0,cma,58.0
202102021300,54857.0,1.0,9.0,4.0,78.0,190.0,1.0,0.8,-12.2,37.1,1028.8,2.0,0.6,2.0,cma,58.0
202102021400,54857.0,1.0,9.0,4.0,78.0,190.0,1.0,0.8,-12.2,37.1,1028.8,2.0,0.6,2.0,cma,58.0
202102021500,54857.0,1.0,9.0,4.0,75.0,160.0,3.0,1.2,-9.1,46.1,1028.5,7.0,0.3,2.0,cma,73.0
202102021600,54857.0,1.0,9.0,4.0,75.0,160.0,3.0,1.2,-9.1,46.1,1028.5,7.0,0.3,2.0,cma,73.0
202102021700,54857.0,1.0,9.0,4.0,75.0,160.0,3.0,1.2,-9.1,46.1,1028.5,7.0,0.3,2.0,cma,73.0
202102021800,54857.0,1.0,9.0,4.0,78.0,160.0,3.0,2.0,-4.3,63.0,1027.5,7.0,0.9,2.0,cma,52.0
202102021900,54857.0,1.0,9.0,4.0,78.0,160.0,3.0,2.0,-4.3,63.0,1027.5,7.0,0.9,2.0,cma,52.0
202102022000,54857.0,1.0,9.0,4.0,78.0,160.0,3.0,2.0,-4.3,63.0,1027.5,7.0,0.9,2.0,cma,52.0
202102022100,54857.0,1.0,9.0,4.0,79.0,190.0,3.0,2.8,-1.6,72.7,1025.6,7.0,1.9,2.0,cma,52.0
202102022200,54857.0,1.0,9.0,4.0,79.0,190.0,3.0,2.8,-1.6,72.7,1025.6,7.0,1.9,2.0,cma,52.0
202102022300,54857.0,1.0,9.0,4.0,79.0,190.0,3.0,2.8,-1.6,72.7,1025.6,7.0,1.9,2.0,cma,52.0
202102030000,54857.0,1.0,9.0,4.0,73.0,200.0,4.0,3.7,0.4,79.0,1025.5,7.0,0.1,2.0,cma,50.0
202102030100,54857.0,1.0,9.0,4.0,73.0,200.0,4.0,3.7,0.4,79.0,1025.5,7.0,0.1,2.0,cma,50.0
202102030200,54857.0,1.0,9.0,4.0,73.0,200.0,4.0,3.7,0.4,79.0,1025.5,7.0,0.1,2.0,cma,50.0
202102030300,54857.0,1.0,9.0,4.0,67.0,210.0,4.0,4.7,1.0,76.9,1024.4,7.0,1.0,2.0,cma,42.0
202102030400,54857.0,1.0,9.0,4.0,67.0,210.0,4.0,4.7,1.0,76.9,1024.4,7.0,1.0,2.0,cma,42.0
202102030500,54857.0,1.0,9.0,4.0,67.0,210.0,4.0,4.7,1.0,76.9,1024.4,7.0,1.0,2.0,cma,42.0
202102030600,54857.0,1.0,9.0,4.0,60.0,190.0,2.0,5.1,1.9,79.8,1021.5,7.0,2.9,2.0,cma,22.0
202102030700,54857.0,1.0,9.0,4.0,60.0,190.0,2.0,5.1,1.9,79.8,1021.5,7.0,2.9,2.0,cma,22.0
202102030800,54857.0,1.0,9.0,4.0,60.0,190.0,2.0,5.1,1.9,79.8,1021.5,7.0,2.9,2.0,cma,22.0
202102030900,54857.0,1.0,9.0,4.0,57.0,170.0,1.0,4.5,2.4,86.2,1022.5,2.0,1.0,2.0,cma,28.0
202102031000,54857.0,1.0,9.0,4.0,57.0,170.0,1.0,4.5,2.4,86.2,1022.5,2.0,1.0,2.0,cma,28.0
202102031100,54857.0,1.0,9.0,4.0,57.0,170.0,1.0,4.5,2.4,86.2,1022.5,2.0,1.0,2.0,cma,28.0
202102031200,54857.0,1.0,9.0,4.0,56.0,340.0,5.0,4.8,0.0,71.0,1025.4,2.0,2.9,2.0,cma,27.0
202102031300,54857.0,1.0,9.0,4.0,56.0,340.0,5.0,4.8,0.0,71.0,1025.4,2.0,2.9,2.0,cma,27.0
202102031400,54857.0,1.0,9.0,4.0,56.0,340.0,5.0,4.8,0.0,71.0,1025.4,2.0,2.9,2.0,cma,27.0
202102031500,54857.0,1.0,9.0,4.0,63.0,350.0,4.0,2.9,-7.9,44.9,1027.9,2.0,2.5,2.0,cma,44.0
202102031600,54857.0,1.0,9.0,4.0,63.0,350.0,4.0,2.9,-7.9,44.9,1027.9,2.0,2.5,2.0,cma,44.0
202102031700,54857.0,1.0,9.0,4.0,63.0,350.0,4.0,2.9,-7.9,44.9,1027.9,2.0,2.5,2.0,cma,44.0
202102031800,54857.0,1.0,9.0,4.0,61.0,330.0,3.0,0.8,-7.0,55.9,1030.2,2.0,2.2,2.0,cma,61.0
202102031900,54857.0,1.0,9.0,4.0,61.0,330.0,3.0,0.8,-7.0,55.9,1030.2,2.0,2.2,2.0,cma,61.0
202102032000,54857.0,1.0,9.0,4.0,61.0,330.0,3.0,0.8,-7.0,55.9,1030.2,2.0,2.2,2.0,cma,61.0
202102032100,54857.0,1.0,9.0,4.0,58.0,280.0,2.0,-0.6,-5.4,69.9,1030.3,2.0,0.1,2.0,cma,86.0
202102032200,54857.0,1.0,9.0,4.0,58.0,280.0,2.0,-0.6,-5.4,69.9,1030.3,2.0,0.1,2.0,cma,86.0
202102032300,54857.0,1.0,9.0,4.0,58.0,280.0,2.0,-0.6,-5.4,69.9,1030.3,2.0,0.1,2.0,cma,86.0
202102040000,54857.0,1.0,9.0,4.0,57.0,260.0,1.0,0.1,-4.0,73.9,1031.0,2.0,0.7,2.0,cma,126.0
202102040100,54857.0,1.0,9.0,4.0,57.0,260.0,1.0,0.1,-4.0,73.9,1031.0,2.0,0.7,2.0,cma,126.0
202102040200,54857.0,1.0,9.0,4.0,57.0,260.0,1.0,0.1,-4.0,73.9,1031.0,2.0,0.7,2.0,cma,126.0
202102040300,54857.0,1.0,9.0,4.0,62.0,180.0,4.0,3.8,-3.7,58.0,1031.6,2.0,0.6,2.0,cma,156.0
202102040400,54857.0,1.0,9.0,4.0,62.0,180.0,4.0,3.8,-3.7,58.0,1031.6,2.0,0.6,2.0,cma,156.0
202102040500,54857.0,1.0,9.0,4.0,62.0,180.0,4.0,3.8,-3.7,58.0,1031.6,2.0,0.6,2.0,cma,156.0
202102040600,54857.0,1.0,9.0,4.0,63.0,190.0,3.0,5.0,-3.3,54.9,1028.3,7.0,3.3,2.0,cma,141.0
202102040700,54857.0,1.0,9.0,4.0,63.0,190.0,3.0,5.0,-3.3,54.9,1028.3,7.0,3.3,2.0,cma,141.0
202102040800,54857.0,1.0,9.0,4.0,63.0,190.0,3.0,5.0,-3.3,54.9,1028.3,7.0,3.3,2.0,cma,141.0
202102040900,54857.0,1.0,9.0,4.0,64.0,180.0,4.0,4.1,-2.3,63.0,1026.5,7.0,1.8,2.0,cma,147.0
202102041000,54857.0,1.0,9.0,4.0,64.0,180.0,4.0,4.1,-2.3,63.0,1026.5,7.0,1.8,2.0,cma,147.0
202102041100,54857.0,1.0,9.0,4.0,64.0,180.0,4.0,4.1,-2.3,63.0,1026.5,7.0,1.8,2.0,cma,147.0
202102041200,54857.0,1.0,9.0,4.0,63.0,190.0,3.0,3.8,-0.8,71.9,1026.2,7.0,0.3,2.0,cma,81.0
202102041300,54857.0,1.0,9.0,4.0,63.0,190.0,3.0,3.8,-0.8,71.9,1026.2,7.0,0.3,2.0,cma,81.0
202102041400,54857.0,1.0,9.0,4.0,63.0,190.0,3.0,3.8,-0.8,71.9,1026.2,7.0,0.3,2.0,cma,81.0
202102041500,54857.0,1.0,9.0,4.0,62.0,180.0,2.0,4.0,1.4,83.1,1024.9,7.0,1.2,2.0,cma,74.0
202102041600,54857.0,1.0,9.0,4.0,62.0,180.0,2.0,4.0,1.4,83.1,1024.9,7.0,1.2,2.0,cma,74.0
202102041700,54857.0,1.0,9.0,4.0,62.0,180.0,2.0,4.0,1.4,83.1,1024.9,7.0,1.2,2.0,cma,74.0
202102041800,54857.0,1.0,9.0,4.0,62.0,190.0,4.0,4.4,1.6,82.0,1023.5,7.0,1.4,2.0,cma,79.0
202102041900,54857.0,1.0,9.0,4.0,62.0,190.0,4.0,4.4,1.6,82.0,1023.5,7.0,1.4,2.0,cma,79.0
202102042000,54857.0,1.0,9.0,4.0,62.0,190.0,4.0,4.4,1.6,82.0,1023.5,7.0,1.4,2.0,cma,79.0
202102042100,54857.0,1.0,9.0,4.0,59.0,180.0,3.0,4.3,1.7,83.2,1021.2,7.0,2.3,2.0,cma,82.0
202102042200,54857.0,1.0,9.0,4.0,59.0,180.0,3.0,4.3,1.7,83.2,1021.2,7.0,2.3,2.0,cma,82.0
202102042300,54857.0,1.0,9.0,4.0,59.0,180.0,3.0,4.3,1.7,83.2,1021.2,7.0,2.3,2.0,cma,82.0
202102050000,54857.0,1.0,9.0,4.0,62.0,180.0,4.0,4.6,1.5,80.3,1020.8,7.0,0.4,2.0,cma,49.0
202102050100,54857.0,1.0,9.0,4.0,62.0,180.0,4.0,4.6,1.5,80.3,1020.8,7.0,0.4,2.0,cma,49.0
202102050200,54857.0,1.0,9.0,4.0,62.0,180.0,4.0,4.6,1.5,80.3,1020.8,7.0,0.4,2.0,cma,49.0
202102050300,54857.0,1.0,9.0,4.0,63.0,180.0,5.0,6.7,1.4,68.9,1019.8,7.0,0.9,2.0,cma,47.0
202102050400,54857.0,1.0,9.0,4.0,63.0,180.0,5.0,6.7,1.4,68.9,1019.8,7.0,0.9,2.0,cma,47.0
202102050500,54857.0,1.0,9.0,4.0,63.0,180.0,5.0,6.7,1.4,68.9,1019.8,7.0,0.9,2.0,cma,47.0
202102050600,54857.0,1.0,9.0,4.0,57.0,170.0,4.0,7.0,2.9,75.1,1016.0,7.0,3.8,2.0,cma,60.0
202102050700,54857.0,1.0,9.0,4.0,57.0,170.0,4.0,7.0,2.9,75.1,1016.0,7.0,3.8,2.0,cma,60.0
202102050800,54857.0,1.0,9.0,4.0,57.0,170.0,4.0,7.0,2.9,75.1,1016.0,7.0,3.8,2.0,cma,60.0
202102050900,54857.0,1.0,9.0,4.0,58.0,180.0,4.0,7.3,2.2,70.0,1014.6,7.0,1.3,2.0,cma,57.0
202102051000,54857.0,1.0,9.0,4.0,58.0,180.0,4.0,7.3,2.2,70.0,1014.6,7.0,1.3,2.0,cma,57.0
202102051100,54857.0,1.0,9.0,4.0,58.0,180.0,4.0,7.3,2.2,70.0,1014.6,7.0,1.3,2.0,cma,57.0
202102051200,54857.0,1.0,9.0,4.0,57.0,200.0,3.0,7.8,1.2,63.0,1015.3,2.0,0.7,2.0,cma,52.0
202102051300,54857.0,1.0,9.0,4.0,57.0,200.0,3.0,7.8,1.2,63.0,1015.3,2.0,0.7,2.0,cma,52.0
202102051400,54857.0,1.0,9.0,4.0,57.0,200.0,3.0,7.8,1.2,63.0,1015.3,2.0,0.7,2.0,cma,52.0
202102051500,54857.0,1.0,9.0,4.0,58.0,180.0,3.0,7.8,1.4,63.9,1015.6,2.0,0.3,2.0,cma,78.0
202102051600,54857.0,1.0,9.0,4.0,58.0,180.0,3.0,7.8,1.4,63.9,1015.6,2.0,0.3,2.0,cma,78.0
202102051700,54857.0,1.0,9.0,4.0,58.0,180.0,3.0,7.8,1.4,63.9,1015.6,2.0,0.3,2.0,cma,78.0
202102051800,54857.0,1.0,9.0,4.0,50.0,150.0,4.0,6.0,3.2,82.2,1015.0,7.0,0.6,2.0,cma,102.0
202102051900,54857.0,1.0,9.0,4.0,50.0,150.0,4.0,6.0,3.2,82.2,1015.0,7.0,0.6,2.0,cma,102.0
202102052000,54857.0,1.0,9.0,4.0,50.0,150.0,4.0,6.0,3.2,82.2,1015.0,7.0,0.6,2.0,cma,102.0
202102052100,54857.0,1.0,9.0,4.0,39.0,160.0,5.0,5.1,3.9,91.9,1013.7,7.0,1.3,2.0,cma,118.0
202102052200,54857.0,1.0,9.0,4.0,39.0,160.0,5.0,5.1,3.9,91.9,1013.7,7.0,1.3,2.0,cma,118.0
202102052300,54857.0,1.0,9.0,4.0,39.0,160.0,5.0,5.1,3.9,91.9,1013.7,7.0,1.3,2.0,cma,118.0
202102060000,54857.0,1.0,9.0,4.0,20.0,150.0,3.0,5.0,4.3,95.2,1014.5,2.0,0.8,2.0,cma,125.0
202102060100,54857.0,1.0,9.0,4.0,20.0,150.0,3.0,5.0,4.3,95.2,1014.5,2.0,0.8,2.0,cma,125.0
202102060200,54857.0,1.0,9.0,4.0,20.0,150.0,3.0,5.0,4.3,95.2,1014.5,2.0,0.8,2.0,cma,125.0
202102060300,54857.0,1.0,9.0,4.0,59.0,300.0,2.0,10.8,2.1,54.9,1015.0,2.0,0.6,2.0,cma,138.0
202102060400,54857.0,1.0,9.0,4.0,59.0,300.0,2.0,10.8,2.1,54.9,1015.0,2.0,0.6,2.0,cma,138.0
202102060500,54857.0,1.0,9.0,4.0,59.0,300.0,2.0,10.8,2.1,54.9,1015.0,2.0,0.6,2.0,cma,138.0
202102060600,54857.0,1.0,9.0,4.0,61.0,330.0,1.0,15.7,-1.4,30.9,1013.8,7.0,1.2,2.0,cma,105.0
202102060700,54857.0,1.0,9.0,4.0,61.0,330.0,1.0,15.7,-1.4,30.9,1013.8,7.0,1.2,2.0,cma,105.0
202102060800,54857.0,1.0,9.0,4.0,61.0,330.0,1.0,15.7,-1.4,30.9,1013.8,7.0,1.2,2.0,cma,105.0
202102060900,54857.0,1.0,9.0,4.0,59.0,170.0,3.0,11.0,1.5,51.9,1014.3,2.0,0.4,2.0,cma,114.0
202102061000,54857.0,1.0,9.0,4.0,59.0,170.0,3.0,11.0,1.5,51.9,1014.3,2.0,0.4,2.0,cma,114.0
202102061100,54857.0,1.0,9.0,4.0,59.0,170.0,3.0,11.0,1.5,51.9,1014.3,2.0,0.4,2.0,cma,114.0
202102061200,54857.0,1.0,9.0,4.0,60.0,330.0,2.0,11.0,-1.1,43.0,1016.5,2.0,2.2,2.0,cma,92.0
202102061300,54857.0,1.0,9.0,4.0,60.0,330.0,2.0,11.0,-1.1,43.0,1016.5,2.0,2.2,2.0,cma,92.0
202102061400,54857.0,1.0,9.0,4.0,60.0,330.0,2.0,11.0,-1.1,43.0,1016.5,2.0,2.2,2.0,cma,92.0
202102061500,54857.0,1.0,9.0,4.0,61.0,320.0,2.0,9.1,-3.5,40.8,1018.3,2.0,1.9,2.0,cma,132.0
202102061600,54857.0,1.0,9.0,4.0,61.0,320.0,2.0,9.1,-3.5,40.8,1018.3,2.0,1.9,2.0,cma,132.0
202102061700,54857.0,1.0,9.0,4.0,61.0,320.0,2.0,9.1,-3.5,40.8,1018.3,2.0,1.9,2.0,cma,132.0
202102061800,54857.0,1.0,9.0,4.0,59.0,150.0,2.0,7.9,-3.3,45.0,1019.2,2.0,0.9,2.0,cma,132.0
202102061900,54857.0,1.0,9.0,4.0,59.0,150.0,2.0,7.9,-3.3,45.0,1019.2,2.0,0.9,2.0,cma,132.0
202102062000,54857.0,1.0,9.0,4.0,59.0,150.0,2.0,7.9,-3.3,45.0,1019.2,2.0,0.9,2.0,cma,132.0
202102062100,54857.0,1.0,9.0,4.0,50.0,300.0,2.0,4.6,-1.2,66.0,1020.2,2.0,0.9,2.0,cma,181.0
202102062200,54857.0,1.0,9.0,4.0,50.0,300.0,2.0,4.6,-1.2,66.0,1020.2,2.0,0.9,2.0,cma,181.0
202102062300,54857.0,1.0,9.0,4.0,50.0,300.0,2.0,4.6,-1.2,66.0,1020.2,2.0,0.9,2.0,cma,181.0
202102070000,54857.0,1.0,9.0,4.0,49.0,310.0,3.0,3.1,-1.5,71.7,1023.5,2.0,3.2,2.0,cma,182.0
202102070100,54857.0,1.0,9.0,4.0,49.0,310.0,3.0,3.1,-1.5,71.7,1023.5,2.0,3.2,2.0,cma,182.0
202102070200,54857.0,1.0,9.0,4.0,49.0,310.0,3.0,3.1,-1.5,71.7,1023.5,2.0,3.2,2.0,cma,182.0
202102070300,54857.0,1.0,9.0,4.0,57.0,340.0,2.0,6.5,-2.9,51.0,1026.0,2.0,2.5,2.0,cma,234.0
202102070400,54857.0,1.0,9.0,4.0,57.0,340.0,2.0,6.5,-2.9,51.0,1026.0,2.0,2.5,2.0,cma,234.0
202102070500,54857.0,1.0,9.0,4.0,57.0,340.0,2.0,6.5,-2.9,51.0,1026.0,2.0,2.5,2.0,cma,234.0
202102070600,54857.0,1.0,9.0,4.0,70.0,350.0,5.0,7.5,-5.9,38.0,1026.1,2.0,0.1,2.0,cma,181.0
202102070700,54857.0,1.0,9.0,4.0,70.0,350.0,5.0,7.5,-5.9,38.0,1026.1,2.0,0.1,2.0,cma,181.0
202102070800,54857.0,1.0,9.0,4.0,70.0,350.0,5.0,7.5,-5.9,38.0,1026.1,2.0,0.1,2.0,cma,181.0
202102070900,54857.0,1.0,9.0,4.0,80.0,350.0,6.0,6.1,-7.8,36.1,1027.9,2.0,1.7,2.0,cma,208.0
202102071000,54857.0,1.0,9.0,4.0,80.0,350.0,6.0,6.1,-7.8,36.1,1027.9,2.0,1.7,2.0,cma,208.0
202102071100,54857.0,1.0,9.0,4.0,80.0,350.0,6.0,6.1,-7.8,36.1,1027.9,2.0,1.7,2.0,cma,208.0
202102071200,54857.0,1.0,9.0,4.0,76.0,30.0,4.0,2.6,-9.6,40.1,1030.5,2.0,2.5,2.0,cma,187.0
202102071300,54857.0,1.0,9.0,4.0,76.0,30.0,4.0,2.6,-9.6,40.1,1030.5,2.0,2.5,2.0,cma,187.0
202102071400,54857.0,1.0,9.0,4.0,76.0,30.0,4.0,2.6,-9.6,40.1,1030.5,2.0,2.5,2.0,cma,187.0
202102071500,54857.0,1.0,9.0,4.0,80.0,10.0,4.0,-0.4,-10.1,47.9,1032.5,2.0,2.0,2.0,cma,126.0
202102071600,54857.0,1.0,9.0,4.0,80.0,10.0,4.0,-0.4,-10.1,47.9,1032.5,2.0,2.0,2.0,cma,126.0
202102071700,54857.0,1.0,9.0,4.0,80.0,10.0,4.0,-0.4,-10.1,47.9,1032.5,2.0,2.0,2.0,cma,126.0
202102071800,54857.0,1.0,9.0,4.0,80.0,10.0,3.0,-1.4,-9.7,53.2,1033.1,2.0,0.6,2.0,cma,53.0
202102071900,54857.0,1.0,9.0,4.0,80.0,10.0,3.0,-1.4,-9.7,53.2,1033.1,2.0,0.6,2.0,cma,53.0
202102072000,54857.0,1.0,9.0,4.0,80.0,10.0,3.0,-1.4,-9.7,53.2,1033.1,2.0,0.6,2.0,cma,53.0
202102072100,54857.0,1.0,9.0,4.0,80.0,350.0,2.0,-2.2,-9.3,58.2,1033.4,2.0,0.2,2.0,cma,52.0
202102072200,54857.0,1.0,9.0,4.0,80.0,350.0,2.0,-2.2,-9.3,58.2,1033.4,2.0,0.2,2.0,cma,52.0
202102072300,54857.0,1.0,9.0,4.0,80.0,350.0,2.0,-2.2,-9.3,58.2,1033.4,2.0,0.2,2.0,cma,52.0
202102080000,54857.0,1.0,9.0,4.0,72.0,350.0,4.0,-2.2,-8.5,62.0,1034.6,2.0,1.2,2.0,cma,33.0
202102080100,54857.0,1.0,9.0,4.0,72.0,350.0,4.0,-2.2,-8.5,62.0,1034.6,2.0,1.2,2.0,cma,33.0
202102080200,54857.0,1.0,9.0,4.0,72.0,350.0,4.0,-2.2,-8.5,62.0,1034.6,2.0,1.2,2.0,cma,33.0
202102080300,54857.0,1.0,9.0,4.0,79.0,310.0,3.0,0.6,-9.4,47.0,1036.1,2.0,1.4,2.0,cma,29.0
202102080400,54857.0,1.0,9.0,4.0,79.0,310.0,3.0,0.6,-9.4,47.0,1036.1,2.0,1.4,2.0,cma,29.0
202102080500,54857.0,1.0,9.0,4.0,79.0,310.0,3.0,0.6,-9.4,47.0,1036.1,2.0,1.4,2.0,cma,29.0
202102080600,54857.0,1.0,9.0,4.0,75.0,330.0,3.0,3.7,-10.3,35.1,1033.7,7.0,2.3,2.0,cma,36.0
202102080700,54857.0,1.0,9.0,4.0,75.0,330.0,3.0,3.7,-10.3,35.1,1033.7,7.0,2.3,2.0,cma,36.0
202102080800,54857.0,1.0,9.0,4.0,75.0,330.0,3.0,3.7,-10.3,35.1,1033.7,7.0,2.3,2.0,cma,36.0
202102080900,54857.0,1.0,9.0,4.0,71.0,220.0,4.0,3.3,-7.2,46.0,1032.5,7.0,1.2,2.0,cma,49.0
202102081000,54857.0,1.0,9.0,4.0,71.0,220.0,4.0,3.3,-7.2,46.0,1032.5,7.0,1.2,2.0,cma,49.0
202102081100,54857.0,1.0,9.0,4.0,71.0,220.0,4.0,3.3,-7.2,46.0,1032.5,7.0,1.2,2.0,cma,49.0
202102081200,54857.0,1.0,9.0,4.0,73.0,200.0,2.0,2.1,-5.3,58.0,1033.4,2.0,0.9,2.0,cma,60.0
202102081300,54857.0,1.0,9.0,4.0,73.0,200.0,2.0,2.1,-5.3,58.0,1033.4,2.0,0.9,2.0,cma,60.0
202102081400,54857.0,1.0,9.0,4.0,73.0,200.0,2.0,2.1,-5.3,58.0,1033.4,2.0,0.9,2.0,cma,60.0
202102081500,54857.0,1.0,9.0,4.0,71.0,230.0,1.0,1.4,-7.1,53.1,1032.7,7.0,0.7,2.0,cma,70.0
202102081600,54857.0,1.0,9.0,4.0,71.0,230.0,1.0,1.4,-7.1,53.1,1032.7,7.0,0.7,2.0,cma,70.0
202102081700,54857.0,1.0,9.0,4.0,71.0,230.0,1.0,1.4,-7.1,53.1,1032.7,7.0,0.7,2.0,cma,70.0
202102081800,54857.0,1.0,9.0,4.0,67.0,240.0,2.0,0.9,-4.9,65.1,1031.7,7.0,0.9,2.0,cma,55.0
202102081900,54857.0,1.0,9.0,4.0,67.0,240.0,2.0,0.9,-4.9,65.1,1031.7,7.0,0.9,2.0,cma,55.0
202102082000,54857.0,1.0,9.0,4.0,67.0,240.0,2.0,0.9,-4.9,65.1,1031.7,7.0,0.9,2.0,cma,55.0
202102082100,54857.0,1.0,9.0,4.0,71.0,200.0,1.0,1.2,-4.6,65.2,1030.2,7.0,1.5,2.0,cma,51.0
202102082200,54857.0,1.0,9.0,4.0,71.0,200.0,1.0,1.2,-4.6,65.2,1030.2,7.0,1.5,2.0,cma,51.0
202102082300,54857.0,1.0,9.0,4.0,71.0,200.0,1.0,1.2,-4.6,65.2,1030.2,7.0,1.5,2.0,cma,51.0
202102090000,54857.0,1.0,9.0,4.0,73.0,200.0,3.0,2.1,-8.6,45.0,1030.5,2.0,0.3,2.0,cma,38.0
202102090100,54857.0,1.0,9.0,4.0,73.0,200.0,3.0,2.1,-8.6,45.0,1030.5,2.0,0.3,2.0,cma,38.0
202102090200,54857.0,1.0,9.0,4.0,73.0,200.0,3.0,2.1,-8.6,45.0,1030.5,2.0,0.3,2.0,cma,38.0
202102090300,54857.0,1.0,9.0,4.0,74.0,190.0,2.0,5.6,-6.6,41.0,1029.9,7.0,0.6,2.0,cma,49.0
202102090400,54857.0,1.0,9.0,4.0,74.0,190.0,2.0,5.6,-6.6,41.0,1029.9,7.0,0.6,2.0,cma,49.0
202102090500,54857.0,1.0,9.0,4.0,74.0,190.0,2.0,5.6,-6.6,41.0,1029.9,7.0,0.6,2.0,cma,49.0
202102090600,54857.0,1.0,9.0,4.0,66.0,180.0,5.0,4.8,-3.7,54.1,1027.1,7.0,2.8,2.0,cma,33.0
202102090700,54857.0,1.0,9.0,4.0,66.0,180.0,5.0,4.8,-3.7,54.1,1027.1,7.0,2.8,2.0,cma,33.0
202102090800,54857.0,1.0,9.0,4.0,66.0,180.0,5.0,4.8,-3.7,54.1,1027.1,7.0,2.8,2.0,cma,33.0
202102090900,54857.0,1.0,9.0,4.0,70.0,170.0,3.0,4.0,-2.0,64.9,1025.6,7.0,1.5,2.0,cma,46.0
202102091000,54857.0,1.0,9.0,4.0,70.0,170.0,3.0,4.0,-2.0,64.9,1025.6,7.0,1.5,2.0,cma,46.0
202102091100,54857.0,1.0,9.0,4.0,70.0,170.0,3.0,4.0,-2.0,64.9,1025.6,7.0,1.5,2.0,cma,46.0
202102091200,54857.0,1.0,9.0,4.0,70.0,170.0,3.0,4.0,0.5,77.9,1026.8,2.0,1.2,2.0,cma,40.0
202102091300,54857.0,1.0,9.0,4.0,70.0,170.0,3.0,4.0,0.5,77.9,1026.8,2.0,1.2,2.0,cma,40.0
202102091400,54857.0,1.0,9.0,4.0,70.0,170.0,3.0,4.0,0.5,77.9,1026.8,2.0,1.2,2.0,cma,40.0
202102091500,54857.0,1.0,9.0,4.0,63.0,180.0,2.0,4.2,2.4,88.0,1026.1,7.0,0.6,2.0,cma,49.0
202102091600,54857.0,1.0,9.0,4.0,63.0,180.0,2.0,4.2,2.4,88.0,1026.1,7.0,0.6,2.0,cma,49.0
202102091700,54857.0,1.0,9.0,4.0,63.0,180.0,2.0,4.2,2.4,88.0,1026.1,7.0,0.6,2.0,cma,49.0
202102091800,54857.0,1.0,9.0,4.0,63.0,200.0,3.0,4.4,2.6,88.1,1025.2,7.0,0.9,2.0,cma,30.0
202102091900,54857.0,1.0,9.0,4.0,63.0,200.0,3.0,4.4,2.6,88.1,1025.2,7.0,0.9,2.0,cma,30.0
202102092000,54857.0,1.0,9.0,4.0,63.0,200.0,3.0,4.4,2.6,88.1,1025.2,7.0,0.9,2.0,cma,30.0
202102092100,54857.0,1.0,9.0,4.0,56.0,180.0,3.0,3.7,2.5,91.9,1024.3,7.0,0.9,2.0,cma,23.0
202102092200,54857.0,1.0,9.0,4.0,56.0,180.0,3.0,3.7,2.5,91.9,1024.3,7.0,0.9,2.0,cma,23.0
202102092300,54857.0,1.0,9.0,4.0,56.0,180.0,3.0,3.7,2.5,91.9,1024.3,7.0,0.9,2.0,cma,23.0
202102100000,54857.0,1.0,9.0,4.0,36.0,170.0,3.0,4.0,3.3,95.2,1024.8,2.0,0.5,2.0,cma,22.0
202102100100,54857.0,1.0,9.0,4.0,36.0,170.0,3.0,4.0,3.3,95.2,1024.8,2.0,0.5,2.0,cma,22.0
202102100200,54857.0,1.0,9.0,4.0,36.0,170.0,3.0,4.0,3.3,95.2,1024.8,2.0,0.5,2.0,cma,22.0
202102100300,54857.0,1.0,9.0,4.0,60.0,330.0,3.0,8.5,0.5,57.1,1025.5,2.0,0.8,2.0,cma,22.0
202102100400,54857.0,1.0,9.0,4.0,60.0,330.0,3.0,8.5,0.5,57.1,1025.5,2.0,0.8,2.0,cma,22.0
202102100500,54857.0,1.0,9.0,4.0,60.0,330.0,3.0,8.5,0.5,57.1,1025.5,2.0,0.8,2.0,cma,22.0
202102100600,54857.0,1.0,9.0,4.0,58.0,180.0,2.0,9.2,1.8,59.8,1023.2,7.0,2.3,2.0,cma,31.0
202102100700,54857.0,1.0,9.0,4.0,58.0,180.0,2.0,9.2,1.8,59.8,1023.2,7.0,2.3,2.0,cma,31.0
202102100800,54857.0,1.0,9.0,4.0,58.0,180.0,2.0,9.2,1.8,59.8,1023.2,7.0,2.3,2.0,cma,31.0
202102100900,54857.0,1.0,9.0,4.0,44.0,160.0,3.0,6.4,3.2,80.0,1023.4,2.0,0.1,2.0,cma,29.0
202102101000,54857.0,1.0,9.0,4.0,44.0,160.0,3.0,6.4,3.2,80.0,1023.4,2.0,0.1,2.0,cma,29.0
202102101100,54857.0,1.0,9.0,4.0,44.0,160.0,3.0,6.4,3.2,80.0,1023.4,2.0,0.1,2.0,cma,29.0
202102101200,54857.0,1.0,9.0,4.0,16.0,160.0,4.0,5.1,3.9,91.9,1025.0,2.0,1.6,2.0,cma,40.0
202102101300,54857.0,1.0,9.0,4.0,16.0,160.0,4.0,5.1,3.9,91.9,1025.0,2.0,1.6,2.0,cma,40.0
202102101400,54857.0,1.0,9.0,4.0,16.0,160.0,4.0,5.1,3.9,91.9,1025.0,2.0,1.6,2.0,cma,40.0
202102101500,54857.0,1.0,9.0,4.0,17.0,150.0,3.0,5.0,4.0,93.2,1025.0,2.0,0.1,2.0,cma,66.0
202102101600,54857.0,1.0,9.0,4.0,17.0,150.0,3.0,5.0,4.0,93.2,1025.0,2.0,0.1,2.0,cma,66.0
202102101700,54857.0,1.0,9.0,4.0,17.0,150.0,3.0,5.0,4.0,93.2,1025.0,2.0,0.1,2.0,cma,66.0
202102101800,54857.0,1.0,9.0,4.0,6.0,170.0,3.0,4.8,4.1,95.2,1024.6,7.0,0.4,2.0,cma,79.0
202102101900,54857.0,1.0,9.0,4.0,6.0,170.0,3.0,4.8,4.1,95.2,1024.6,7.0,0.4,2.0,cma,79.0
202102102000,54857.0,1.0,9.0,4.0,6.0,170.0,3.0,4.8,4.1,95.2,1024.6,7.0,0.4,2.0,cma,79.0
202102102100,54857.0,1.0,9.0,4.0,0.0,160.0,2.0,4.0,3.6,97.2,1024.3,7.0,0.4,2.0,cma,84.0
202102102200,54857.0,1.0,9.0,4.0,0.0,160.0,2.0,4.0,3.6,97.2,1024.3,7.0,0.4,2.0,cma,84.0
202102102300,54857.0,1.0,9.0,4.0,0.0,160.0,2.0,4.0,3.6,97.2,1024.3,7.0,0.4,2.0,cma,84.0
202102110000,54857.0,1.0,9.0,4.0,7.0,150.0,3.0,4.0,3.7,97.9,1025.1,2.0,0.8,2.0,cma,77.0
202102110100,54857.0,1.0,9.0,4.0,7.0,150.0,3.0,4.0,3.7,97.9,1025.1,2.0,0.8,2.0,cma,77.0
202102110200,54857.0,1.0,9.0,4.0,7.0,150.0,3.0,4.0,3.7,97.9,1025.1,2.0,0.8,2.0,cma,77.0
202102110300,54857.0,1.0,9.0,4.0,65.0,160.0,3.0,6.1,4.6,90.1,1025.0,7.0,0.1,2.0,cma,68.0
202102110400,54857.0,1.0,9.0,4.0,65.0,160.0,3.0,6.1,4.6,90.1,1025.0,7.0,0.1,2.0,cma,68.0
202102110500,54857.0,1.0,9.0,4.0,65.0,160.0,3.0,6.1,4.6,90.1,1025.0,7.0,0.1,2.0,cma,68.0
202102110600,54857.0,1.0,9.0,4.0,17.0,170.0,4.0,5.9,4.9,93.3,1022.5,7.0,2.4,2.0,cma,30.0
202102110700,54857.0,1.0,9.0,4.0,17.0,170.0,4.0,5.9,4.9,93.3,1022.5,7.0,2.4,2.0,cma,30.0
202102110800,54857.0,1.0,9.0,4.0,17.0,170.0,4.0,5.9,4.9,93.3,1022.5,7.0,2.4,2.0,cma,30.0
202102110900,54857.0,1.0,9.0,4.0,62.0,170.0,5.0,5.1,3.9,91.9,1022.3,7.0,0.3,2.0,cma,24.0
202102111000,54857.0,1.0,9.0,4.0,62.0,170.0,5.0,5.1,3.9,91.9,1022.3,7.0,0.3,2.0,cma,24.0
202102111100,54857.0,1.0,9.0,4.0,62.0,170.0,5.0,5.1,3.9,91.9,1022.3,7.0,0.3,2.0,cma,24.0
202102111200,54857.0,1.0,9.0,4.0,2.0,160.0,4.0,5.1,4.5,95.9,1022.7,2.0,0.4,2.0,cma,18.0
202102111300,54857.0,1.0,9.0,4.0,2.0,160.0,4.0,5.1,4.5,95.9,1022.7,2.0,0.4,2.0,cma,18.0
202102111400,54857.0,1.0,9.0,4.0,2.0,160.0,4.0,5.1,4.5,95.9,1022.7,2.0,0.4,2.0,cma,18.0
202102111500,54857.0,1.0,9.0,4.0,50.0,170.0,4.0,5.9,5.5,97.3,1022.5,7.0,0.1,2.0,cma,12.0
202102111600,54857.0,1.0,9.0,4.0,50.0,170.0,4.0,5.9,5.5,97.3,1022.5,7.0,0.1,2.0,cma,12.0
202102111700,54857.0,1.0,9.0,4.0,50.0,170.0,4.0,5.9,5.5,97.3,1022.5,7.0,0.1,2.0,cma,12.0
202102111800,54857.0,1.0,9.0,4.0,24.0,160.0,2.0,5.8,5.4,97.3,1022.4,7.0,0.1,2.0,cma,20.0
202102111900,54857.0,1.0,9.0,4.0,24.0,160.0,2.0,5.8,5.4,97.3,1022.4,7.0,0.1,2.0,cma,20.0
202102112000,54857.0,1.0,9.0,4.0,24.0,160.0,2.0,5.8,5.4,97.3,1022.4,7.0,0.1,2.0,cma,20.0
202102112100,54857.0,1.0,9.0,4.0,30.0,150.0,3.0,5.5,4.9,95.9,1021.9,7.0,0.5,2.0,cma,32.0
202102112200,54857.0,1.0,9.0,4.0,30.0,150.0,3.0,5.5,4.9,95.9,1021.9,7.0,0.5,2.0,cma,32.0
202102112300,54857.0,1.0,9.0,4.0,30.0,150.0,3.0,5.5,4.9,95.9,1021.9,7.0,0.5,2.0,cma,32.0
202102120000,54857.0,1.0,9.0,4.0,11.0,150.0,3.0,5.7,5.3,97.3,1023.9,2.0,2.0,2.0,cma,23.0
202102120100,54857.0,1.0,9.0,4.0,11.0,150.0,3.0,5.7,5.3,97.3,1023.9,2.0,2.0,2.0,cma,23.0
202102120200,54857.0,1.0,9.0,4.0,11.0,150.0,3.0,5.7,5.3,97.3,1023.9,2.0,2.0,2.0,cma,23.0
202102120300,54857.0,1.0,9.0,4.0,35.0,180.0,3.0,7.8,6.3,90.2,1024.7,2.0,0.8,2.0,cma,25.0
202102120400,54857.0,1.0,9.0,4.0,35.0,180.0,3.0,7.8,6.3,90.2,1024.7,2.0,0.8,2.0,cma,25.0
202102120500,54857.0,1.0,9.0,4.0,35.0,180.0,3.0,7.8,6.3,90.2,1024.7,2.0,0.8,2.0,cma,25.0
202102120600,54857.0,1.0,9.0,4.0,56.0,170.0,3.0,10.9,5.4,68.8,1023.0,7.0,1.6,2.0,cma,28.0
202102120700,54857.0,1.0,9.0,4.0,56.0,170.0,3.0,10.9,5.4,68.8,1023.0,7.0,1.6,2.0,cma,28.0
202102120800,54857.0,1.0,9.0,4.0,56.0,170.0,3.0,10.9,5.4,68.8,1023.0,7.0,1.6,2.0,cma,28.0
202102120900,54857.0,1.0,9.0,4.0,58.0,150.0,3.0,8.9,4.9,76.0,1023.5,2.0,0.4,2.0,cma,34.0
202102121000,54857.0,1.0,9.0,4.0,58.0,150.0,3.0,8.9,4.9,76.0,1023.5,2.0,0.4,2.0,cma,34.0
202102121100,54857.0,1.0,9.0,4.0,58.0,150.0,3.0,8.9,4.9,76.0,1023.5,2.0,0.4,2.0,cma,34.0
202102121200,54857.0,1.0,9.0,4.0,68.0,140.0,2.0,8.0,5.1,81.9,1024.7,2.0,1.2,2.0,cma,48.0
202102121300,54857.0,1.0,9.0,4.0,68.0,140.0,2.0,8.0,5.1,81.9,1024.7,2.0,1.2,2.0,cma,48.0
202102121400,54857.0,1.0,9.0,4.0,68.0,140.0,2.0,8.0,5.1,81.9,1024.7,2.0,1.2,2.0,cma,48.0
202102121500,54857.0,1.0,9.0,4.0,50.0,140.0,2.0,7.4,6.2,92.1,1025.4,2.0,0.7,2.0,cma,48.0
202102121600,54857.0,1.0,9.0,4.0,50.0,140.0,2.0,7.4,6.2,92.1,1025.4,2.0,0.7,2.0,cma,48.0
202102121700,54857.0,1.0,9.0,4.0,50.0,140.0,2.0,7.4,6.2,92.1,1025.4,2.0,0.7,2.0,cma,48.0
202102121800,54857.0,1.0,9.0,4.0,40.0,150.0,2.0,7.0,5.9,92.7,1025.1,7.0,0.2,2.0,cma,52.0
202102121900,54857.0,1.0,9.0,4.0,40.0,150.0,2.0,7.0,5.9,92.7,1025.1,7.0,0.2,2.0,cma,52.0
202102122000,54857.0,1.0,9.0,4.0,40.0,150.0,2.0,7.0,5.9,92.7,1025.1,7.0,0.2,2.0,cma,52.0
202102122100,54857.0,1.0,9.0,4.0,39.0,160.0,2.0,6.5,5.6,94.0,1025.3,2.0,0.1,2.0,cma,15.0
202102122200,54857.0,1.0,9.0,4.0,39.0,160.0,2.0,6.5,5.6,94.0,1025.3,2.0,0.1,2.0,cma,15.0
202102122300,54857.0,1.0,9.0,4.0,39.0,160.0,2.0,6.5,5.6,94.0,1025.3,2.0,0.1,2.0,cma,15.0
202102130000,54857.0,1.0,9.0,4.0,56.0,150.0,2.0,7.7,6.3,90.8,1025.1,7.0,0.2,2.0,cma,25.0
202102130100,54857.0,1.0,9.0,4.0,56.0,150.0,2.0,7.7,6.3,90.8,1025.1,7.0,0.2,2.0,cma,25.0
202102130200,54857.0,1.0,9.0,4.0,56.0,150.0,2.0,7.7,6.3,90.8,1025.1,7.0,0.2,2.0,cma,25.0
202102130300,54857.0,1.0,9.0,4.0,64.0,170.0,2.0,11.9,6.4,69.0,1025.3,2.0,0.3,2.0,cma,43.0
202102130400,54857.0,1.0,9.0,4.0,64.0,170.0,2.0,11.9,6.4,69.0,1025.3,2.0,0.3,2.0,cma,43.0
202102130500,54857.0,1.0,9.0,4.0,64.0,170.0,2.0,11.9,6.4,69.0,1025.3,2.0,0.3,2.0,cma,43.0
202102130600,54857.0,1.0,9.0,4.0,65.0,150.0,3.0,10.2,6.0,75.1,1022.6,7.0,2.7,2.0,cma,36.0
202102130700,54857.0,1.0,9.0,4.0,65.0,150.0,3.0,10.2,6.0,75.1,1022.6,7.0,2.7,2.0,cma,36.0
202102130800,54857.0,1.0,9.0,4.0,65.0,150.0,3.0,10.2,6.0,75.1,1022.6,7.0,2.7,2.0,cma,36.0
202102130900,54857.0,1.0,9.0,4.0,58.0,150.0,3.0,7.6,6.2,90.8,1022.3,7.0,0.4,2.0,cma,29.0
202102131000,54857.0,1.0,9.0,4.0,58.0,150.0,3.0,7.6,6.2,90.8,1022.3,7.0,0.4,2.0,cma,29.0
202102131100,54857.0,1.0,9.0,4.0,58.0,150.0,3.0,7.6,6.2,90.8,1022.3,7.0,0.4,2.0,cma,29.0
202102131200,54857.0,1.0,9.0,4.0,1.0,140.0,3.0,5.1,4.5,95.9,1021.7,7.0,0.6,2.0,cma,27.0
202102131300,54857.0,1.0,9.0,4.0,1.0,140.0,3.0,5.1,4.5,95.9,1021.7,7.0,0.6,2.0,cma,27.0
202102131400,54857.0,1.0,9.0,4.0,1.0,140.0,3.0,5.1,4.5,95.9,1021.7,7.0,0.6,2.0,cma,27.0
202102131500,54857.0,1.0,9.0,4.0,59.0,150.0,3.0,6.7,5.6,92.7,1020.9,7.0,0.7,2.0,cma,16.0
202102131600,54857.0,1.0,9.0,4.0,59.0,150.0,3.0,6.7,5.6,92.7,1020.9,7.0,0.7,2.0,cma,16.0
202102131700,54857.0,1.0,9.0,4.0,59.0,150.0,3.0,6.7,5.6,92.7,1020.9,7.0,0.7,2.0,cma,16.0
202102131800,54857.0,1.0,9.0,4.0,50.0,140.0,4.0,7.4,6.3,92.7,1019.0,7.0,1.9,2.0,cma,33.0
202102131900,54857.0,1.0,9.0,4.0,50.0,140.0,4.0,7.4,6.3,92.7,1019.0,7.0,1.9,2.0,cma,33.0
202102132000,54857.0,1.0,9.0,4.0,50.0,140.0,4.0,7.4,6.3,92.7,1019.0,7.0,1.9,2.0,cma,33.0
202102132100,54857.0,1.0,9.0,4.0,57.0,130.0,3.0,7.6,5.9,89.0,1016.8,7.0,2.2,2.0,cma,22.0
202102132200,54857.0,1.0,9.0,4.0,57.0,130.0,3.0,7.6,5.9,89.0,1016.8,7.0,2.2,2.0,cma,22.0
202102132300,54857.0,1.0,9.0,4.0,57.0,130.0,3.0,7.6,5.9,89.0,1016.8,7.0,2.2,2.0,cma,22.0
202102140000,54857.0,1.0,9.0,4.0,23.0,140.0,3.0,7.7,7.0,95.3,1016.5,7.0,0.3,2.0,cma,21.0
202102140100,54857.0,1.0,9.0,4.0,23.0,140.0,3.0,7.7,7.0,95.3,1016.5,7.0,0.3,2.0,cma,21.0
202102140200,54857.0,1.0,9.0,4.0,23.0,140.0,3.0,7.7,7.0,95.3,1016.5,7.0,0.3,2.0,cma,21.0
202102140300,54857.0,1.0,9.0,4.0,39.0,150.0,2.0,7.7,6.8,94.0,1015.2,7.0,1.3,2.0,cma,28.0
202102140400,54857.0,1.0,9.0,4.0,39.0,150.0,2.0,7.7,6.8,94.0,1015.2,7.0,1.3,2.0,cma,28.0
202102140500,54857.0,1.0,9.0,4.0,39.0,150.0,2.0,7.7,6.8,94.0,1015.2,7.0,1.3,2.0,cma,28.0
202102140600,54857.0,1.0,9.0,4.0,18.0,140.0,2.0,7.5,6.6,94.0,1013.0,7.0,2.2,2.0,cma,23.0
202102140700,54857.0,1.0,9.0,4.0,18.0,140.0,2.0,7.5,6.6,94.0,1013.0,7.0,2.2,2.0,cma,23.0
202102140800,54857.0,1.0,9.0,4.0,18.0,140.0,2.0,7.5,6.6,94.0,1013.0,7.0,2.2,2.0,cma,23.0
202102140900,54857.0,1.0,9.0,4.0,35.0,130.0,1.0,7.9,6.7,92.1,1012.5,7.0,0.5,2.0,cma,33.0
202102141000,54857.0,1.0,9.0,4.0,35.0,130.0,1.0,7.9,6.7,92.1,1012.5,7.0,0.5,2.0,cma,33.0
202102141100,54857.0,1.0,9.0,4.0,35.0,130.0,1.0,7.9,6.7,92.1,1012.5,7.0,0.5,2.0,cma,33.0
202102141200,54857.0,1.0,9.0,4.0,28.0,320.0,3.0,7.6,6.7,94.0,1015.0,2.0,2.5,2.0,cma,34.0
202102141300,54857.0,1.0,9.0,4.0,28.0,320.0,3.0,7.6,6.7,94.0,1015.0,2.0,2.5,2.0,cma,34.0
202102141400,54857.0,1.0,9.0,4.0,28.0,320.0,3.0,7.6,6.7,94.0,1015.0,2.0,2.5,2.0,cma,34.0
202102141500,54857.0,1.0,9.0,4.0,23.0,320.0,8.0,3.1,2.2,93.8,1017.0,2.0,1.9,2.0,cma,20.0
202102141600,54857.0,1.0,9.0,4.0,23.0,320.0,8.0,3.1,2.2,93.8,1017.0,2.0,1.9,2.0,cma,20.0
202102141700,54857.0,1.0,9.0,4.0,23.0,320.0,8.0,3.1,2.2,93.8,1017.0,2.0,1.9,2.0,cma,20.0
202102141800,54857.0,1.0,9.0,4.0,59.0,350.0,11.0,1.2,-1.2,84.0,1019.0,2.0,2.0,2.0,cma,37.0
202102141900,54857.0,1.0,9.0,4.0,59.0,350.0,11.0,1.2,-1.2,84.0,1019.0,2.0,2.0,2.0,cma,37.0
202102142000,54857.0,1.0,9.0,4.0,59.0,350.0,11.0,1.2,-1.2,84.0,1019.0,2.0,2.0,2.0,cma,37.0
202102142100,54857.0,1.0,9.0,4.0,63.0,350.0,8.0,-0.5,-3.7,78.9,1020.5,2.0,1.4,2.0,cma,33.0
202102142200,54857.0,1.0,9.0,4.0,63.0,350.0,8.0,-0.5,-3.7,78.9,1020.5,2.0,1.4,2.0,cma,33.0
202102142300,54857.0,1.0,9.0,4.0,63.0,350.0,8.0,-0.5,-3.7,78.9,1020.5,2.0,1.4,2.0,cma,33.0
202102150000,54857.0,1.0,9.0,4.0,71.0,340.0,8.0,-1.7,-7.6,64.0,1023.7,2.0,3.2,2.0,cma,72.0
202102150100,54857.0,1.0,9.0,4.0,71.0,340.0,8.0,-1.7,-7.6,64.0,1023.7,2.0,3.2,2.0,cma,72.0
202102150200,54857.0,1.0,9.0,4.0,71.0,340.0,8.0,-1.7,-7.6,64.0,1023.7,2.0,3.2,2.0,cma,72.0
202102150300,54857.0,1.0,9.0,4.0,69.0,320.0,7.0,0.1,-5.9,64.0,1023.6,7.0,0.2,2.0,cma,34.0
202102150400,54857.0,1.0,9.0,4.0,69.0,320.0,7.0,0.1,-5.9,64.0,1023.6,7.0,0.2,2.0,cma,34.0
202102150500,54857.0,1.0,9.0,4.0,69.0,320.0,7.0,0.1,-5.9,64.0,1023.6,7.0,0.2,2.0,cma,34.0
202102150600,54857.0,1.0,9.0,4.0,69.0,330.0,6.0,1.3,-5.0,62.8,1021.6,7.0,2.0,2.0,cma,34.0
202102150700,54857.0,1.0,9.0,4.0,69.0,330.0,6.0,1.3,-5.0,62.8,1021.6,7.0,2.0,2.0,cma,34.0
202102150800,54857.0,1.0,9.0,4.0,69.0,330.0,6.0,1.3,-5.0,62.8,1021.6,7.0,2.0,2.0,cma,34.0
202102150900,54857.0,1.0,9.0,4.0,80.0,320.0,4.0,2.2,-10.6,38.1,1020.9,7.0,0.7,2.0,cma,28.0
202102151000,54857.0,1.0,9.0,4.0,80.0,320.0,4.0,2.2,-10.6,38.1,1020.9,7.0,0.7,2.0,cma,28.0
202102151100,54857.0,1.0,9.0,4.0,80.0,320.0,4.0,2.2,-10.6,38.1,1020.9,7.0,0.7,2.0,cma,28.0
202102151200,54857.0,1.0,9.0,4.0,80.0,130.0,1.0,0.9,-10.6,41.9,1021.2,2.0,0.3,2.0,cma,30.0
202102151300,54857.0,1.0,9.0,4.0,80.0,130.0,1.0,0.9,-10.6,41.9,1021.2,2.0,0.3,2.0,cma,30.0
202102151400,54857.0,1.0,9.0,4.0,80.0,130.0,1.0,0.9,-10.6,41.9,1021.2,2.0,0.3,2.0,cma,30.0
202102151500,54857.0,1.0,9.0,4.0,80.0,170.0,4.0,2.4,-5.7,55.1,1020.1,7.0,1.1,2.0,cma,20.0
202102151600,54857.0,1.0,9.0,4.0,80.0,170.0,4.0,2.4,-5.7,55.1,1020.1,7.0,1.1,2.0,cma,20.0
202102151700,54857.0,1.0,9.0,4.0,80.0,170.0,4.0,2.4,-5.7,55.1,1020.1,7.0,1.1,2.0,cma,20.0
202102151800,54857.0,1.0,9.0,4.0,58.0,200.0,4.0,3.3,-1.1,72.8,1018.1,7.0,1.9,2.0,cma,20.0
202102151900,54857.0,1.0,9.0,4.0,58.0,200.0,4.0,3.3,-1.1,72.8,1018.1,7.0,1.9,2.0,cma,20.0
202102152000,54857.0,1.0,9.0,4.0,58.0,200.0,4.0,3.3,-1.1,72.8,1018.1,7.0,1.9,2.0,cma,20.0
202102152100,54857.0,1.0,9.0,4.0,59.0,260.0,3.0,2.6,-3.1,66.0,1017.6,7.0,0.5,2.0,cma,18.0
202102152200,54857.0,1.0,9.0,4.0,59.0,260.0,3.0,2.6,-3.1,66.0,1017.6,7.0,0.5,2.0,cma,18.0
202102152300,54857.0,1.0,9.0,4.0,59.0,260.0,3.0,2.6,-3.1,66.0,1017.6,7.0,0.5,2.0,cma,18.0
202102160000,54857.0,1.0,9.0,4.0,58.0,300.0,4.0,2.4,-3.3,66.0,1019.4,2.0,1.8,2.0,cma,15.0
202102160100,54857.0,1.0,9.0,4.0,58.0,300.0,4.0,2.4,-3.3,66.0,1019.4,2.0,1.8,2.0,cma,15.0
202102160200,54857.0,1.0,9.0,4.0,58.0,300.0,4.0,2.4,-3.3,66.0,1019.4,2.0,1.8,2.0,cma,15.0
202102160300,54857.0,1.0,9.0,4.0,62.0,340.0,7.0,4.2,-6.4,46.0,1020.3,2.0,0.9,2.0,cma,28.0
202102160400,54857.0,1.0,9.0,4.0,62.0,340.0,7.0,4.2,-6.4,46.0,1020.3,2.0,0.9,2.0,cma,28.0
202102160500,54857.0,1.0,9.0,4.0,62.0,340.0,7.0,4.2,-6.4,46.0,1020.3,2.0,0.9,2.0,cma,28.0
202102160600,54857.0,1.0,9.0,4.0,79.0,320.0,8.0,3.5,-10.9,34.0,1020.8,2.0,0.5,2.0,cma,47.0
202102160700,54857.0,1.0,9.0,4.0,79.0,320.0,8.0,3.5,-10.9,34.0,1020.8,2.0,0.5,2.0,cma,47.0
202102160800,54857.0,1.0,9.0,4.0,79.0,320.0,8.0,3.5,-10.9,34.0,1020.8,2.0,0.5,2.0,cma,47.0
202102160900,54857.0,1.0,9.0,4.0,80.0,330.0,8.0,1.1,-11.0,40.0,1023.0,2.0,2.1,2.0,cma,67.0
202102161000,54857.0,1.0,9.0,4.0,80.0,330.0,8.0,1.1,-11.0,40.0,1023.0,2.0,2.1,2.0,cma,67.0
202102161100,54857.0,1.0,9.0,4.0,80.0,330.0,8.0,1.1,-11.0,40.0,1023.0,2.0,2.1,2.0,cma,67.0
202102161200,54857.0,1.0,9.0,4.0,79.0,340.0,8.0,-1.7,-9.1,57.0,1025.5,2.0,2.5,2.0,cma,71.0
202102161300,54857.0,1.0,9.0,4.0,79.0,340.0,8.0,-1.7,-9.1,57.0,1025.5,2.0,2.5,2.0,cma,71.0
202102161400,54857.0,1.0,9.0,4.0,79.0,340.0,8.0,-1.7,-9.1,57.0,1025.5,2.0,2.5,2.0,cma,71.0
202102161500,54857.0,1.0,9.0,4.0,80.0,330.0,5.0,-2.9,-9.6,59.9,1027.2,2.0,1.7,2.0,cma,26.0
202102161600,54857.0,1.0,9.0,4.0,80.0,330.0,5.0,-2.9,-9.6,59.9,1027.2,2.0,1.7,2.0,cma,26.0
202102161700,54857.0,1.0,9.0,4.0,80.0,330.0,5.0,-2.9,-9.6,59.9,1027.2,2.0,1.7,2.0,cma,26.0
202102161800,54857.0,1.0,9.0,4.0,80.0,320.0,9.0,-2.4,-14.2,39.9,1026.9,7.0,0.3,2.0,cma,26.0
202102161900,54857.0,1.0,9.0,4.0,80.0,320.0,9.0,-2.4,-14.2,39.9,1026.9,7.0,0.3,2.0,cma,26.0
202102162000,54857.0,1.0,9.0,4.0,80.0,320.0,9.0,-2.4,-14.2,39.9,1026.9,7.0,0.3,2.0,cma,26.0
202102162100,54857.0,1.0,9.0,4.0,80.0,330.0,8.0,-3.8,-14.3,43.9,1027.1,2.0,0.1,2.0,cma,23.0
202102162200,54857.0,1.0,9.0,4.0,80.0,330.0,8.0,-3.8,-14.3,43.9,1027.1,2.0,0.1,2.0,cma,23.0
202102162300,54857.0,1.0,9.0,4.0,80.0,330.0,8.0,-3.8,-14.3,43.9,1027.1,2.0,0.1,2.0,cma,23.0
202102170000,54857.0,1.0,9.0,4.0,80.0,330.0,10.0,-4.5,-14.4,45.9,1028.6,2.0,1.4,2.0,cma,20.0
202102170100,54857.0,1.0,9.0,4.0,80.0,330.0,10.0,-4.5,-14.4,45.9,1028.6,2.0,1.4,2.0,cma,20.0
202102170200,54857.0,1.0,9.0,4.0,80.0,330.0,10.0,-4.5,-14.4,45.9,1028.6,2.0,1.4,2.0,cma,20.0
202102170300,54857.0,1.0,9.0,4.0,80.0,330.0,9.0,-2.4,-14.5,38.9,1029.1,2.0,0.5,2.0,cma,18.0
202102170400,54857.0,1.0,9.0,4.0,80.0,330.0,9.0,-2.4,-14.5,38.9,1029.1,2.0,0.5,2.0,cma,18.0
202102170500,54857.0,1.0,9.0,4.0,80.0,330.0,9.0,-2.4,-14.5,38.9,1029.1,2.0,0.5,2.0,cma,18.0
202102170600,54857.0,1.0,9.0,4.0,80.0,340.0,10.0,-1.0,-16.4,30.0,1028.0,7.0,1.0,2.0,cma,17.0
202102170700,54857.0,1.0,9.0,4.0,80.0,340.0,10.0,-1.0,-16.4,30.0,1028.0,7.0,1.0,2.0,cma,17.0
202102170800,54857.0,1.0,9.0,4.0,80.0,340.0,10.0,-1.0,-16.4,30.0,1028.0,7.0,1.0,2.0,cma,17.0
202102170900,54857.0,1.0,9.0,4.0,80.0,340.0,9.0,-2.5,-15.5,36.1,1029.2,2.0,1.1,2.0,cma,22.0
202102171000,54857.0,1.0,9.0,4.0,80.0,340.0,9.0,-2.5,-15.5,36.1,1029.2,2.0,1.1,2.0,cma,22.0
202102171100,54857.0,1.0,9.0,4.0,80.0,340.0,9.0,-2.5,-15.5,36.1,1029.2,2.0,1.1,2.0,cma,22.0
202102171200,54857.0,1.0,9.0,4.0,80.0,350.0,9.0,-3.8,-15.7,39.1,1030.1,2.0,0.9,2.0,cma,19.0
202102171300,54857.0,1.0,9.0,4.0,80.0,350.0,9.0,-3.8,-15.7,39.1,1030.1,2.0,0.9,2.0,cma,19.0
202102171400,54857.0,1.0,9.0,4.0,80.0,350.0,9.0,-3.8,-15.7,39.1,1030.1,2.0,0.9,2.0,cma,19.0
202102171500,54857.0,1.0,9.0,4.0,80.0,350.0,9.0,-3.8,-15.7,39.1,1030.1,2.0,0.9,2.0,cma,19.0
202102171600,54857.0,1.0,9.0,4.0,80.0,350.0,9.0,-3.8,-15.7,39.1,1030.1,2.0,0.9,2.0,cma,19.0
202102171700,54857.0,1.0,9.0,4.0,80.0,350.0,9.0,-3.8,-15.7,39.1,1030.1,2.0,0.9,2.0,cma,19.0
202102171800,54857.0,1.0,9.0,4.0,80.0,320.0,3.0,-3.6,-12.8,48.9,1030.8,2.0,0.1,2.0,cma,23.0
202102171900,54857.0,1.0,9.0,4.0,80.0,320.0,3.0,-3.6,-12.8,48.9,1030.8,2.0,0.1,2.0,cma,23.0
202102172000,54857.0,1.0,9.0,4.0,80.0,320.0,3.0,-3.6,-12.8,48.9,1030.8,2.0,0.1,2.0,cma,23.0
202102172100,54857.0,1.0,9.0,4.0,77.0,310.0,4.0,-3.1,-12.1,49.8,1030.6,7.0,0.2,2.0,cma,26.0
202102172200,54857.0,1.0,9.0,4.0,77.0,310.0,4.0,-3.1,-12.1,49.8,1030.6,7.0,0.2,2.0,cma,26.0
202102172300,54857.0,1.0,9.0,4.0,77.0,310.0,4.0,-3.1,-12.1,49.8,1030.6,7.0,0.2,2.0,cma,26.0
202102180000,54857.0,1.0,9.0,4.0,70.0,320.0,4.0,-3.0,-11.7,51.0,1031.3,2.0,0.7,2.0,cma,24.0
202102180100,54857.0,1.0,9.0,4.0,70.0,320.0,4.0,-3.0,-11.7,51.0,1031.3,2.0,0.7,2.0,cma,24.0
202102180200,54857.0,1.0,9.0,4.0,70.0,320.0,4.0,-3.0,-11.7,51.0,1031.3,2.0,0.7,2.0,cma,24.0
202102180300,54857.0,1.0,9.0,4.0,69.0,300.0,4.0,0.9,-12.8,35.1,1031.1,7.0,0.2,2.0,cma,21.0
202102180400,54857.0,1.0,9.0,4.0,69.0,300.0,4.0,0.9,-12.8,35.1,1031.1,7.0,0.2,2.0,cma,21.0
202102180500,54857.0,1.0,9.0,4.0,69.0,300.0,4.0,0.9,-12.8,35.1,1031.1,7.0,0.2,2.0,cma,21.0
202102180600,54857.0,1.0,9.0,4.0,73.0,320.0,4.0,4.8,-14.6,23.0,1028.1,7.0,2.9,2.0,cma,25.0
202102180700,54857.0,1.0,9.0,4.0,73.0,320.0,4.0,4.8,-14.6,23.0,1028.1,7.0,2.9,2.0,cma,25.0
202102180800,54857.0,1.0,9.0,4.0,73.0,320.0,4.0,4.8,-14.6,23.0,1028.1,7.0,2.9,2.0,cma,25.0
202102180900,54857.0,1.0,9.0,4.0,75.0,200.0,3.0,4.2,-6.7,44.9,1026.4,7.0,1.6,2.0,cma,47.0
202102181000,54857.0,1.0,9.0,4.0,75.0,200.0,3.0,4.2,-6.7,44.9,1026.4,7.0,1.6,2.0,cma,47.0
202102181100,54857.0,1.0,9.0,4.0,75.0,200.0,3.0,4.2,-6.7,44.9,1026.4,7.0,1.6,2.0,cma,47.0
202102181200,54857.0,1.0,9.0,4.0,67.0,180.0,3.0,3.9,-2.9,61.1,1025.7,7.0,0.7,2.0,cma,52.0
202102181300,54857.0,1.0,9.0,4.0,67.0,180.0,3.0,3.9,-2.9,61.1,1025.7,7.0,0.7,2.0,cma,52.0
202102181400,54857.0,1.0,9.0,4.0,67.0,180.0,3.0,3.9,-2.9,61.1,1025.7,7.0,0.7,2.0,cma,52.0
202102181500,54857.0,1.0,9.0,4.0,63.0,170.0,3.0,4.1,-0.3,73.0,1024.2,7.0,1.5,2.0,cma,44.0
202102181600,54857.0,1.0,9.0,4.0,63.0,170.0,3.0,4.1,-0.3,73.0,1024.2,7.0,1.5,2.0,cma,44.0
202102181700,54857.0,1.0,9.0,4.0,63.0,170.0,3.0,4.1,-0.3,73.0,1024.2,7.0,1.5,2.0,cma,44.0
202102181800,54857.0,1.0,9.0,4.0,63.0,150.0,3.0,4.1,-3.0,59.8,1021.9,7.0,2.2,2.0,cma,59.0
202102181900,54857.0,1.0,9.0,4.0,63.0,150.0,3.0,4.1,-3.0,59.8,1021.9,7.0,2.2,2.0,cma,59.0
202102182000,54857.0,1.0,9.0,4.0,63.0,150.0,3.0,4.1,-3.0,59.8,1021.9,7.0,2.2,2.0,cma,59.0
202102182100,54857.0,1.0,9.0,4.0,64.0,170.0,3.0,4.3,-2.8,59.9,1019.3,7.0,2.5,2.0,cma,61.0
202102182200,54857.0,1.0,9.0,4.0,64.0,170.0,3.0,4.3,-2.8,59.9,1019.3,7.0,2.5,2.0,cma,61.0
202102182300,54857.0,1.0,9.0,4.0,64.0,170.0,3.0,4.3,-2.8,59.9,1019.3,7.0,2.5,2.0,cma,61.0
202102190000,54857.0,1.0,9.0,4.0,59.0,170.0,4.0,4.9,0.1,71.1,1017.7,7.0,1.6,2.0,cma,46.0
202102190100,54857.0,1.0,9.0,4.0,59.0,170.0,4.0,4.9,0.1,71.1,1017.7,7.0,1.6,2.0,cma,46.0
202102190200,54857.0,1.0,9.0,4.0,59.0,170.0,4.0,4.9,0.1,71.1,1017.7,7.0,1.6,2.0,cma,46.0
202102190300,54857.0,1.0,9.0,4.0,61.0,190.0,4.0,8.6,0.3,55.9,1015.4,7.0,2.2,2.0,cma,72.0
202102190400,54857.0,1.0,9.0,4.0,61.0,190.0,4.0,8.6,0.3,55.9,1015.4,7.0,2.2,2.0,cma,72.0
202102190500,54857.0,1.0,9.0,4.0,61.0,190.0,4.0,8.6,0.3,55.9,1015.4,7.0,2.2,2.0,cma,72.0
202102190600,54857.0,1.0,9.0,4.0,57.0,160.0,6.0,9.4,2.5,62.0,1011.5,7.0,3.9,2.0,cma,66.0
202102190700,54857.0,1.0,9.0,4.0,57.0,160.0,6.0,9.4,2.5,62.0,1011.5,7.0,3.9,2.0,cma,66.0
202102190800,54857.0,1.0,9.0,4.0,57.0,160.0,6.0,9.4,2.5,62.0,1011.5,7.0,3.9,2.0,cma,66.0
202102190900,54857.0,1.0,9.0,4.0,58.0,210.0,4.0,13.0,1.7,46.1,1009.9,7.0,1.5,2.0,cma,85.0
202102191000,54857.0,1.0,9.0,4.0,58.0,210.0,4.0,13.0,1.7,46.1,1009.9,7.0,1.5,2.0,cma,85.0
202102191100,54857.0,1.0,9.0,4.0,58.0,210.0,4.0,13.0,1.7,46.1,1009.9,7.0,1.5,2.0,cma,85.0
202102191200,54857.0,1.0,9.0,4.0,58.0,210.0,4.0,13.0,1.7,46.1,1009.9,7.0,1.5,2.0,cma,85.0
202102191300,54857.0,1.0,9.0,4.0,58.0,210.0,4.0,13.0,1.7,46.1,1009.9,7.0,1.5,2.0,cma,85.0
202102191400,54857.0,1.0,9.0,4.0,58.0,210.0,4.0,13.0,1.7,46.1,1009.9,7.0,1.5,2.0,cma,85.0
202102191500,54857.0,1.0,9.0,4.0,58.0,210.0,4.0,13.0,1.7,46.1,1009.9,7.0,1.5,2.0,cma,85.0
202102191600,54857.0,1.0,9.0,4.0,58.0,210.0,4.0,13.0,1.7,46.1,1009.9,7.0,1.5,2.0,cma,85.0
202102191700,54857.0,1.0,9.0,4.0,58.0,210.0,4.0,13.0,1.7,46.1,1009.9,7.0,1.5,2.0,cma,85.0
202102191800,54857.0,1.0,9.0,4.0,58.0,210.0,4.0,13.0,1.7,46.1,1009.9,7.0,1.5,2.0,cma,85.0
202102191900,54857.0,1.0,9.0,4.0,58.0,210.0,4.0,13.0,1.7,46.1,1009.9,7.0,1.5,2.0,cma,85.0
202102192000,54857.0,1.0,9.0,4.0,58.0,210.0,4.0,13.0,1.7,46.1,1009.9,7.0,1.5,2.0,cma,85.0
202102192100,54857.0,1.0,9.0,4.0,58.0,210.0,4.0,13.0,1.7,46.1,1009.9,7.0,1.5,2.0,cma,85.0
202102192200,54857.0,1.0,9.0,4.0,58.0,210.0,4.0,13.0,1.7,46.1,1009.9,7.0,1.5,2.0,cma,85.0
202102192300,54857.0,1.0,9.0,4.0,58.0,210.0,4.0,13.0,1.7,46.1,1009.9,7.0,1.5,2.0,cma,85.0
202102200000,54857.0,1.0,9.0,4.0,58.0,210.0,4.0,13.0,1.7,46.1,1009.9,7.0,1.5,2.0,cma,85.0
202102200100,54857.0,1.0,9.0,4.0,58.0,210.0,4.0,13.0,1.7,46.1,1009.9,7.0,1.5,2.0,cma,85.0
202102200200,54857.0,1.0,9.0,4.0,58.0,210.0,4.0,13.0,1.7,46.1,1009.9,7.0,1.5,2.0,cma,85.0
202102200300,54857.0,1.0,9.0,4.0,58.0,210.0,4.0,13.0,1.7,46.1,1009.9,7.0,1.5,2.0,cma,85.0
202102200400,54857.0,1.0,9.0,4.0,58.0,210.0,4.0,13.0,1.7,46.1,1009.9,7.0,1.5,2.0,cma,85.0
202102200500,54857.0,1.0,9.0,4.0,58.0,210.0,4.0,13.0,1.7,46.1,1009.9,7.0,1.5,2.0,cma,85.0
202102200600,54857.0,1.0,9.0,4.0,58.0,210.0,4.0,13.0,1.7,46.1,1009.9,7.0,1.5,2.0,cma,85.0
202102200700,54857.0,1.0,9.0,4.0,58.0,210.0,4.0,13.0,1.7,46.1,1009.9,7.0,1.5,2.0,cma,85.0
202102200800,54857.0,1.0,9.0,4.0,58.0,210.0,4.0,13.0,1.7,46.1,1009.9,7.0,1.5,2.0,cma,85.0
202102200900,54857.0,1.0,9.0,4.0,58.0,210.0,4.0,13.0,1.7,46.1,1009.9,7.0,1.5,2.0,cma,85.0
202102201000,54857.0,1.0,9.0,4.0,58.0,210.0,4.0,13.0,1.7,46.1,1009.9,7.0,1.5,2.0,cma,85.0
202102201100,54857.0,1.0,9.0,4.0,58.0,210.0,4.0,13.0,1.7,46.1,1009.9,7.0,1.5,2.0,cma,85.0
202102201200,54857.0,1.0,9.0,4.0,58.0,210.0,4.0,13.0,1.7,46.1,1009.9,7.0,1.5,2.0,cma,85.0
202102201300,54857.0,1.0,9.0,4.0,58.0,210.0,4.0,13.0,1.7,46.1,1009.9,7.0,1.5,2.0,cma,85.0
202102201400,54857.0,1.0,9.0,4.0,58.0,210.0,4.0,13.0,1.7,46.1,1009.9,7.0,1.5,2.0,cma,85.0
202102201500,54857.0,1.0,9.0,4.0,58.0,210.0,4.0,13.0,1.7,46.1,1009.9,7.0,1.5,2.0,cma,85.0
202102201600,54857.0,1.0,9.0,4.0,58.0,210.0,4.0,13.0,1.7,46.1,1009.9,7.0,1.5,2.0,cma,85.0
202102201700,54857.0,1.0,9.0,4.0,58.0,210.0,4.0,13.0,1.7,46.1,1009.9,7.0,1.5,2.0,cma,85.0
202102201800,54857.0,1.0,9.0,4.0,58.0,210.0,4.0,13.0,1.7,46.1,1009.9,7.0,1.5,2.0,cma,85.0
202102201900,54857.0,1.0,9.0,4.0,58.0,210.0,4.0,13.0,1.7,46.1,1009.9,7.0,1.5,2.0,cma,85.0
202102202000,54857.0,1.0,9.0,4.0,58.0,210.0,4.0,13.0,1.7,46.1,1009.9,7.0,1.5,2.0,cma,85.0
202102202100,54857.0,1.0,9.0,4.0,58.0,210.0,4.0,13.0,1.7,46.1,1009.9,7.0,1.5,2.0,cma,85.0
202102202200,54857.0,1.0,9.0,4.0,58.0,210.0,4.0,13.0,1.7,46.1,1009.9,7.0,1.5,2.0,cma,85.0
202102202300,54857.0,1.0,9.0,4.0,58.0,210.0,4.0,13.0,1.7,46.1,1009.9,7.0,1.5,2.0,cma,85.0
202102210000,54857.0,1.0,9.0,4.0,58.0,210.0,4.0,13.0,1.7,46.1,1009.9,7.0,1.5,2.0,cma,85.0
202102210100,54857.0,1.0,9.0,4.0,58.0,210.0,4.0,13.0,1.7,46.1,1009.9,7.0,1.5,2.0,cma,85.0
202102210200,54857.0,1.0,9.0,4.0,58.0,210.0,4.0,13.0,1.7,46.1,1009.9,7.0,1.5,2.0,cma,85.0
202102210300,54857.0,1.0,9.0,4.0,58.0,210.0,4.0,13.0,1.7,46.1,1009.9,7.0,1.5,2.0,cma,85.0
202102210400,54857.0,1.0,9.0,4.0,58.0,210.0,4.0,13.0,1.7,46.1,1009.9,7.0,1.5,2.0,cma,85.0
202102210500,54857.0,1.0,9.0,4.0,58.0,210.0,4.0,13.0,1.7,46.1,1009.9,7.0,1.5,2.0,cma,85.0
202102210600,54857.0,1.0,9.0,4.0,58.0,210.0,4.0,13.0,1.7,46.1,1009.9,7.0,1.5,2.0,cma,85.0
202102210700,54857.0,1.0,9.0,4.0,58.0,210.0,4.0,13.0,1.7,46.1,1009.9,7.0,1.5,2.0,cma,85.0
202102210800,54857.0,1.0,9.0,4.0,58.0,210.0,4.0,13.0,1.7,46.1,1009.9,7.0,1.5,2.0,cma,85.0
202102210900,54857.0,1.0,9.0,4.0,58.0,210.0,4.0,13.0,1.7,46.1,1009.9,7.0,1.5,2.0,cma,85.0
202102211000,54857.0,1.0,9.0,4.0,58.0,210.0,4.0,13.0,1.7,46.1,1009.9,7.0,1.5,2.0,cma,85.0
202102211100,54857.0,1.0,9.0,4.0,58.0,210.0,4.0,13.0,1.7,46.1,1009.9,7.0,1.5,2.0,cma,85.0
202102211200,54857.0,1.0,9.0,4.0,58.0,210.0,4.0,13.0,1.7,46.1,1009.9,7.0,1.5,2.0,cma,85.0
202102211300,54857.0,1.0,9.0,4.0,58.0,210.0,4.0,13.0,1.7,46.1,1009.9,7.0,1.5,2.0,cma,85.0
202102211400,54857.0,1.0,9.0,4.0,58.0,210.0,4.0,13.0,1.7,46.1,1009.9,7.0,1.5,2.0,cma,85.0
202102211500,54857.0,1.0,9.0,4.0,58.0,210.0,4.0,13.0,1.7,46.1,1009.9,7.0,1.5,2.0,cma,85.0
202102211600,54857.0,1.0,9.0,4.0,58.0,210.0,4.0,13.0,1.7,46.1,1009.9,7.0,1.5,2.0,cma,85.0
202102211700,54857.0,1.0,9.0,4.0,58.0,210.0,4.0,13.0,1.7,46.1,1009.9,7.0,1.5,2.0,cma,85.0
202102211800,54857.0,1.0,9.0,4.0,58.0,210.0,4.0,13.0,1.7,46.1,1009.9,7.0,1.5,2.0,cma,85.0
202102211900,54857.0,1.0,9.0,4.0,58.0,210.0,4.0,13.0,1.7,46.1,1009.9,7.0,1.5,2.0,cma,85.0
202102212000,54857.0,1.0,9.0,4.0,58.0,210.0,4.0,13.0,1.7,46.1,1009.9,7.0,1.5,2.0,cma,85.0
202102212100,54857.0,1.0,9.0,4.0,58.0,210.0,4.0,13.0,1.7,46.1,1009.9,7.0,1.5,2.0,cma,85.0
202102212200,54857.0,1.0,9.0,4.0,58.0,210.0,4.0,13.0,1.7,46.1,1009.9,7.0,1.5,2.0,cma,85.0
202102212300,54857.0,1.0,9.0,4.0,58.0,210.0,4.0,13.0,1.7,46.1,1009.9,7.0,1.5,2.0,cma,85.0
202102220000,54857.0,1.0,9.0,4.0,58.0,210.0,4.0,13.0,1.7,46.1,1009.9,7.0,1.5,2.0,cma,85.0
202102220100,54857.0,1.0,9.0,4.0,58.0,210.0,4.0,13.0,1.7,46.1,1009.9,7.0,1.5,2.0,cma,85.0
202102220200,54857.0,1.0,9.0,4.0,58.0,210.0,4.0,13.0,1.7,46.1,1009.9,7.0,1.5,2.0,cma,85.0
202102220300,54857.0,1.0,9.0,4.0,64.0,340.0,8.0,8.1,-4.7,39.9,1022.3,2.0,3.6,2.0,cma,115.0
202102220400,54857.0,1.0,9.0,4.0,64.0,340.0,8.0,8.1,-4.7,39.9,1022.3,2.0,3.6,2.0,cma,115.0
202102220500,54857.0,1.0,9.0,4.0,64.0,340.0,8.0,8.1,-4.7,39.9,1022.3,2.0,3.6,2.0,cma,115.0
202102220600,54857.0,1.0,9.0,4.0,75.0,360.0,6.0,10.2,-11.8,19.9,1023.1,2.0,0.7,2.0,cma,174.0
202102220700,54857.0,1.0,9.0,4.0,75.0,360.0,6.0,10.2,-11.8,19.9,1023.1,2.0,0.7,2.0,cma,174.0
202102220800,54857.0,1.0,9.0,4.0,75.0,360.0,6.0,10.2,-11.8,19.9,1023.1,2.0,0.7,2.0,cma,174.0
202102220900,54857.0,1.0,9.0,4.0,80.0,360.0,5.0,8.6,-12.5,21.0,1024.9,2.0,1.8,2.0,cma,160.0
202102221000,54857.0,1.0,9.0,4.0,80.0,360.0,5.0,8.6,-12.5,21.0,1024.9,2.0,1.8,2.0,cma,160.0
202102221100,54857.0,1.0,9.0,4.0,80.0,360.0,5.0,8.6,-12.5,21.0,1024.9,2.0,1.8,2.0,cma,160.0
202102221200,54857.0,1.0,9.0,4.0,80.0,360.0,3.0,4.7,-13.7,24.9,1027.4,2.0,2.3,2.0,cma,61.0
202102221300,54857.0,1.0,9.0,4.0,80.0,360.0,3.0,4.7,-13.7,24.9,1027.4,2.0,2.3,2.0,cma,61.0
202102221400,54857.0,1.0,9.0,4.0,80.0,360.0,3.0,4.7,-13.7,24.9,1027.4,2.0,2.3,2.0,cma,61.0
202102221500,54857.0,1.0,9.0,4.0,80.0,150.0,2.0,3.8,-8.2,41.1,1029.7,2.0,2.3,2.0,cma,49.0
202102221600,54857.0,1.0,9.0,4.0,80.0,150.0,2.0,3.8,-8.2,41.1,1029.7,2.0,2.3,2.0,cma,49.0
202102221700,54857.0,1.0,9.0,4.0,80.0,150.0,2.0,3.8,-8.2,41.1,1029.7,2.0,2.3,2.0,cma,49.0
202102221800,54857.0,1.0,9.0,4.0,77.0,110.0,3.0,2.8,-8.5,43.1,1030.0,2.0,0.3,2.0,cma,31.0
202102221900,54857.0,1.0,9.0,4.0,77.0,110.0,3.0,2.8,-8.5,43.1,1030.0,2.0,0.3,2.0,cma,31.0
202102222000,54857.0,1.0,9.0,4.0,77.0,110.0,3.0,2.8,-8.5,43.1,1030.0,2.0,0.3,2.0,cma,31.0
202102222100,54857.0,1.0,9.0,4.0,80.0,360.0,3.0,2.1,-7.8,47.9,1030.2,2.0,0.2,2.0,cma,22.0
202102222200,54857.0,1.0,9.0,4.0,80.0,360.0,3.0,2.1,-7.8,47.9,1030.2,2.0,0.2,2.0,cma,22.0
202102222300,54857.0,1.0,9.0,4.0,80.0,360.0,3.0,2.1,-7.8,47.9,1030.2,2.0,0.2,2.0,cma,22.0
202102230000,54857.0,1.0,9.0,4.0,76.0,20.0,2.0,2.8,-8.8,42.1,1031.4,2.0,1.1,2.0,cma,24.0
202102230100,54857.0,1.0,9.0,4.0,76.0,20.0,2.0,2.8,-8.8,42.1,1031.4,2.0,1.1,2.0,cma,24.0
202102230200,54857.0,1.0,9.0,4.0,76.0,20.0,2.0,2.8,-8.8,42.1,1031.4,2.0,1.1,2.0,cma,24.0
202102230300,54857.0,1.0,9.0,4.0,78.0,170.0,3.0,4.2,-9.9,35.0,1030.6,7.0,0.8,2.0,cma,37.0
202102230400,54857.0,1.0,9.0,4.0,78.0,170.0,3.0,4.2,-9.9,35.0,1030.6,7.0,0.8,2.0,cma,37.0
202102230500,54857.0,1.0,9.0,4.0,78.0,170.0,3.0,4.2,-9.9,35.0,1030.6,7.0,0.8,2.0,cma,37.0
202102230600,54857.0,1.0,9.0,4.0,80.0,140.0,4.0,4.2,-7.6,41.9,1029.1,7.0,1.5,2.0,cma,25.0
202102230700,54857.0,1.0,9.0,4.0,80.0,140.0,4.0,4.2,-7.6,41.9,1029.1,7.0,1.5,2.0,cma,25.0
202102230800,54857.0,1.0,9.0,4.0,80.0,140.0,4.0,4.2,-7.6,41.9,1029.1,7.0,1.5,2.0,cma,25.0
202102230900,54857.0,1.0,9.0,4.0,79.0,110.0,3.0,3.3,-7.5,45.0,1028.5,7.0,0.6,2.0,cma,30.0
202102231000,54857.0,1.0,9.0,4.0,79.0,110.0,3.0,3.3,-7.5,45.0,1028.5,7.0,0.6,2.0,cma,30.0
202102231100,54857.0,1.0,9.0,4.0,79.0,110.0,3.0,3.3,-7.5,45.0,1028.5,7.0,0.6,2.0,cma,30.0
202102231200,54857.0,1.0,9.0,4.0,80.0,110.0,3.0,2.3,-7.6,47.9,1028.8,2.0,0.3,2.0,cma,23.0
202102231300,54857.0,1.0,9.0,4.0,80.0,110.0,3.0,2.3,-7.6,47.9,1028.8,2.0,0.3,2.0,cma,23.0
202102231400,54857.0,1.0,9.0,4.0,80.0,110.0,3.0,2.3,-7.6,47.9,1028.8,2.0,0.3,2.0,cma,23.0
202102231500,54857.0,1.0,9.0,4.0,80.0,120.0,2.0,2.3,-6.0,54.2,1028.5,7.0,0.3,2.0,cma,16.0
202102231600,54857.0,1.0,9.0,4.0,80.0,120.0,2.0,2.3,-6.0,54.2,1028.5,7.0,0.3,2.0,cma,16.0
202102231700,54857.0,1.0,9.0,4.0,80.0,120.0,2.0,2.3,-6.0,54.2,1028.5,7.0,0.3,2.0,cma,16.0
202102231800,54857.0,1.0,9.0,4.0,80.0,180.0,1.0,2.4,-7.0,49.8,1028.2,7.0,0.3,2.0,cma,22.0
202102231900,54857.0,1.0,9.0,4.0,80.0,180.0,1.0,2.4,-7.0,49.8,1028.2,7.0,0.3,2.0,cma,22.0
202102232000,54857.0,1.0,9.0,4.0,80.0,180.0,1.0,2.4,-7.0,49.8,1028.2,7.0,0.3,2.0,cma,22.0
202102232100,54857.0,1.0,9.0,4.0,80.0,330.0,1.0,2.1,-6.7,52.1,1027.8,7.0,0.4,2.0,cma,14.0
202102232200,54857.0,1.0,9.0,4.0,80.0,330.0,1.0,2.1,-6.7,52.1,1027.8,7.0,0.4,2.0,cma,14.0
202102232300,54857.0,1.0,9.0,4.0,80.0,330.0,1.0,2.1,-6.7,52.1,1027.8,7.0,0.4,2.0,cma,14.0
202102240000,54857.0,1.0,9.0,4.0,80.0,150.0,2.0,2.3,-3.8,64.0,1028.2,2.0,0.4,2.0,cma,17.0
202102240100,54857.0,1.0,9.0,4.0,80.0,150.0,2.0,2.3,-3.8,64.0,1028.2,2.0,0.4,2.0,cma,17.0
202102240200,54857.0,1.0,9.0,4.0,80.0,150.0,2.0,2.3,-3.8,64.0,1028.2,2.0,0.4,2.0,cma,17.0
202102240300,54857.0,1.0,9.0,4.0,66.0,160.0,1.0,2.1,-2.2,73.2,1027.7,7.0,0.5,2.0,cma,14.0
202102240400,54857.0,1.0,9.0,4.0,66.0,160.0,1.0,2.1,-2.2,73.2,1027.7,7.0,0.5,2.0,cma,14.0
202102240500,54857.0,1.0,9.0,4.0,66.0,160.0,1.0,2.1,-2.2,73.2,1027.7,7.0,0.5,2.0,cma,14.0
202102240600,54857.0,1.0,9.0,4.0,57.0,280.0,1.0,2.3,-0.6,81.1,1024.8,7.0,2.9,2.0,cma,22.0
202102240700,54857.0,1.0,9.0,4.0,57.0,280.0,1.0,2.3,-0.6,81.1,1024.8,7.0,2.9,2.0,cma,22.0
202102240800,54857.0,1.0,9.0,4.0,57.0,280.0,1.0,2.3,-0.6,81.1,1024.8,7.0,2.9,2.0,cma,22.0
202102240900,54857.0,1.0,9.0,4.0,57.0,180.0,1.0,2.3,-0.6,81.1,1024.7,7.0,0.1,2.0,cma,25.0
202102241000,54857.0,1.0,9.0,4.0,57.0,180.0,1.0,2.3,-0.6,81.1,1024.7,7.0,0.1,2.0,cma,25.0
202102241100,54857.0,1.0,9.0,4.0,57.0,180.0,1.0,2.3,-0.6,81.1,1024.7,7.0,0.1,2.0,cma,25.0
202102241200,54857.0,1.0,9.0,4.0,66.0,90.0,4.0,2.5,-0.9,78.2,1023.9,7.0,0.8,2.0,cma,32.0
202102241300,54857.0,1.0,9.0,4.0,66.0,90.0,4.0,2.5,-0.9,78.2,1023.9,7.0,0.8,2.0,cma,32.0
202102241400,54857.0,1.0,9.0,4.0,66.0,90.0,4.0,2.5,-0.9,78.2,1023.9,7.0,0.8,2.0,cma,32.0
202102241500,54857.0,1.0,9.0,4.0,63.0,310.0,2.0,2.6,-0.2,81.8,1025.2,2.0,1.3,2.0,cma,28.0
202102241600,54857.0,1.0,9.0,4.0,63.0,310.0,2.0,2.6,-0.2,81.8,1025.2,2.0,1.3,2.0,cma,28.0
202102241700,54857.0,1.0,9.0,4.0,63.0,310.0,2.0,2.6,-0.2,81.8,1025.2,2.0,1.3,2.0,cma,28.0
202102241800,54857.0,1.0,9.0,4.0,58.0,60.0,2.0,3.6,1.8,88.0,1024.0,7.0,1.1,2.0,cma,35.0
202102241900,54857.0,1.0,9.0,4.0,58.0,60.0,2.0,3.6,1.8,88.0,1024.0,7.0,1.1,2.0,cma,35.0
202102242000,54857.0,1.0,9.0,4.0,58.0,60.0,2.0,3.6,1.8,88.0,1024.0,7.0,1.1,2.0,cma,35.0
202102242100,54857.0,1.0,9.0,4.0,56.0,340.0,5.0,2.8,1.6,91.8,1023.3,7.0,0.7,2.0,cma,28.0
202102242200,54857.0,1.0,9.0,4.0,56.0,340.0,5.0,2.8,1.6,91.8,1023.3,7.0,0.7,2.0,cma,28.0
202102242300,54857.0,1.0,9.0,4.0,56.0,340.0,5.0,2.8,1.6,91.8,1023.3,7.0,0.7,2.0,cma,28.0
202102250000,54857.0,1.0,9.0,4.0,57.0,30.0,2.0,1.9,0.9,93.1,1024.6,2.0,1.2,2.0,cma,25.0
202102250100,54857.0,1.0,9.0,4.0,57.0,30.0,2.0,1.9,0.9,93.1,1024.6,2.0,1.2,2.0,cma,25.0
202102250200,54857.0,1.0,9.0,4.0,57.0,30.0,2.0,1.9,0.9,93.1,1024.6,2.0,1.2,2.0,cma,25.0
202102250300,54857.0,1.0,9.0,4.0,56.0,340.0,1.0,3.0,2.0,93.1,1024.1,7.0,0.4,2.0,cma,45.0
202102250400,54857.0,1.0,9.0,4.0,56.0,340.0,1.0,3.0,2.0,93.1,1024.1,7.0,0.4,2.0,cma,45.0
202102250500,54857.0,1.0,9.0,4.0,56.0,340.0,1.0,3.0,2.0,93.1,1024.1,7.0,0.4,2.0,cma,45.0
202102250600,54857.0,1.0,9.0,4.0,57.0,40.0,1.0,4.2,2.2,86.8,1022.7,7.0,1.4,2.0,cma,35.0
202102250700,54857.0,1.0,9.0,4.0,57.0,40.0,1.0,4.2,2.2,86.8,1022.7,7.0,1.4,2.0,cma,35.0
202102250800,54857.0,1.0,9.0,4.0,57.0,40.0,1.0,4.2,2.2,86.8,1022.7,7.0,1.4,2.0,cma,35.0
202102250900,54857.0,1.0,9.0,4.0,62.0,30.0,1.0,4.4,0.9,78.0,1022.9,2.0,0.2,2.0,cma,13.0
202102251000,54857.0,1.0,9.0,4.0,62.0,30.0,1.0,4.4,0.9,78.0,1022.9,2.0,0.2,2.0,cma,13.0
202102251100,54857.0,1.0,9.0,4.0,62.0,30.0,1.0,4.4,0.9,78.0,1022.9,2.0,0.2,2.0,cma,13.0
202102251200,54857.0,1.0,9.0,4.0,59.0,330.0,3.0,4.1,0.4,76.8,1024.4,2.0,1.5,2.0,cma,11.0
202102251300,54857.0,1.0,9.0,4.0,59.0,330.0,3.0,4.1,0.4,76.8,1024.4,2.0,1.5,2.0,cma,11.0
202102251400,54857.0,1.0,9.0,4.0,59.0,330.0,3.0,4.1,0.4,76.8,1024.4,2.0,1.5,2.0,cma,11.0
202102251500,54857.0,1.0,9.0,4.0,56.0,360.0,4.0,4.1,0.4,76.8,1025.0,2.0,0.6,2.0,cma,24.0
202102251600,54857.0,1.0,9.0,4.0,56.0,360.0,4.0,4.1,0.4,76.8,1025.0,2.0,0.6,2.0,cma,24.0
202102251700,54857.0,1.0,9.0,4.0,56.0,360.0,4.0,4.1,0.4,76.8,1025.0,2.0,0.6,2.0,cma,24.0
202102251800,54857.0,1.0,9.0,4.0,60.0,360.0,5.0,2.4,-3.1,67.0,1024.1,7.0,0.9,2.0,cma,30.0
202102251900,54857.0,1.0,9.0,4.0,60.0,360.0,5.0,2.4,-3.1,67.0,1024.1,7.0,0.9,2.0,cma,30.0
202102252000,54857.0,1.0,9.0,4.0,60.0,360.0,5.0,2.4,-3.1,67.0,1024.1,7.0,0.9,2.0,cma,30.0
202102252100,54857.0,1.0,9.0,4.0,57.0,340.0,4.0,1.4,-2.2,76.9,1023.7,7.0,0.4,2.0,cma,45.0
202102252200,54857.0,1.0,9.0,4.0,57.0,340.0,4.0,1.4,-2.2,76.9,1023.7,7.0,0.4,2.0,cma,45.0
202102252300,54857.0,1.0,9.0,4.0,57.0,340.0,4.0,1.4,-2.2,76.9,1023.7,7.0,0.4,2.0,cma,45.0
202102260000,54857.0,1.0,9.0,4.0,58.0,320.0,3.0,1.8,-2.5,73.1,1025.0,2.0,1.3,2.0,cma,57.0
202102260100,54857.0,1.0,9.0,4.0,58.0,320.0,3.0,1.8,-2.5,73.1,1025.0,2.0,1.3,2.0,cma,57.0
202102260200,54857.0,1.0,9.0,4.0,58.0,320.0,3.0,1.8,-2.5,73.1,1025.0,2.0,1.3,2.0,cma,57.0
202102260300,54857.0,1.0,9.0,4.0,57.0,330.0,4.0,4.7,-2.4,60.0,1026.2,2.0,1.2,2.0,cma,52.0
202102260400,54857.0,1.0,9.0,4.0,57.0,330.0,4.0,4.7,-2.4,60.0,1026.2,2.0,1.2,2.0,cma,52.0
202102260500,54857.0,1.0,9.0,4.0,57.0,330.0,4.0,4.7,-2.4,60.0,1026.2,2.0,1.2,2.0,cma,52.0
202102260600,54857.0,1.0,9.0,4.0,65.0,60.0,1.0,9.3,-5.4,34.9,1025.2,7.0,0.9,2.0,cma,62.0
202102260700,54857.0,1.0,9.0,4.0,65.0,60.0,1.0,9.3,-5.4,34.9,1025.2,7.0,0.9,2.0,cma,62.0
202102260800,54857.0,1.0,9.0,4.0,65.0,60.0,1.0,9.3,-5.4,34.9,1025.2,7.0,0.9,2.0,cma,62.0
202102260900,54857.0,1.0,9.0,4.0,62.0,350.0,2.0,9.0,-2.9,43.0,1025.3,4.0,0.0,2.0,cma,76.0
202102261000,54857.0,1.0,9.0,4.0,62.0,350.0,2.0,9.0,-2.9,43.0,1025.3,4.0,0.0,2.0,cma,76.0
202102261100,54857.0,1.0,9.0,4.0,62.0,350.0,2.0,9.0,-2.9,43.0,1025.3,4.0,0.0,2.0,cma,76.0
202102261200,54857.0,1.0,9.0,4.0,56.0,320.0,2.0,6.9,0.4,63.2,1026.2,2.0,0.9,2.0,cma,86.0
202102261300,54857.0,1.0,9.0,4.0,56.0,320.0,2.0,6.9,0.4,63.2,1026.2,2.0,0.9,2.0,cma,86.0
202102261400,54857.0,1.0,9.0,4.0,56.0,320.0,2.0,6.9,0.4,63.2,1026.2,2.0,0.9,2.0,cma,86.0
202102261500,54857.0,1.0,9.0,4.0,20.0,320.0,2.0,4.2,0.9,79.1,1026.8,2.0,0.6,2.0,cma,66.0
202102261600,54857.0,1.0,9.0,4.0,20.0,320.0,2.0,4.2,0.9,79.1,1026.8,2.0,0.6,2.0,cma,66.0
202102261700,54857.0,1.0,9.0,4.0,20.0,320.0,2.0,4.2,0.9,79.1,1026.8,2.0,0.6,2.0,cma,66.0
202102261800,54857.0,1.0,9.0,4.0,18.0,360.0,1.0,3.4,1.0,84.3,1026.5,7.0,0.2,2.0,cma,64.0
202102261900,54857.0,1.0,9.0,4.0,18.0,360.0,1.0,3.4,1.0,84.3,1026.5,7.0,0.2,2.0,cma,64.0
202102262000,54857.0,1.0,9.0,4.0,18.0,360.0,1.0,3.4,1.0,84.3,1026.5,7.0,0.2,2.0,cma,64.0
202102262100,54857.0,1.0,9.0,4.0,10.0,320.0,2.0,2.6,1.0,89.2,1026.3,7.0,0.3,2.0,cma,113.0
202102262200,54857.0,1.0,9.0,4.0,10.0,320.0,2.0,2.6,1.0,89.2,1026.3,7.0,0.3,2.0,cma,113.0
202102262300,54857.0,1.0,9.0,4.0,10.0,320.0,2.0,2.6,1.0,89.2,1026.3,7.0,0.3,2.0,cma,113.0
202102270000,54857.0,1.0,9.0,4.0,14.0,310.0,2.0,2.8,0.2,83.0,1027.0,2.0,0.7,2.0,cma,297.0
202102270100,54857.0,1.0,9.0,4.0,14.0,310.0,2.0,2.8,0.2,83.0,1027.0,2.0,0.7,2.0,cma,297.0
202102270200,54857.0,1.0,9.0,4.0,14.0,310.0,2.0,2.8,0.2,83.0,1027.0,2.0,0.7,2.0,cma,297.0
202102270300,54857.0,1.0,9.0,4.0,69.0,100.0,3.0,10.8,-1.0,43.9,1027.0,2.0,0.1,2.0,cma,240.0
202102270400,54857.0,1.0,9.0,4.0,69.0,100.0,3.0,10.8,-1.0,43.9,1027.0,2.0,0.1,2.0,cma,240.0
202102270500,54857.0,1.0,9.0,4.0,69.0,100.0,3.0,10.8,-1.0,43.9,1027.0,2.0,0.1,2.0,cma,240.0
202102270600,54857.0,1.0,9.0,4.0,67.0,120.0,5.0,10.2,2.8,60.0,1025.7,7.0,1.3,2.0,cma,295.0
202102270700,54857.0,1.0,9.0,4.0,67.0,120.0,5.0,10.2,2.8,60.0,1025.7,7.0,1.3,2.0,cma,295.0
202102270800,54857.0,1.0,9.0,4.0,67.0,120.0,5.0,10.2,2.8,60.0,1025.7,7.0,1.3,2.0,cma,295.0
202102270900,54857.0,1.0,9.0,4.0,65.0,120.0,3.0,8.6,3.6,70.8,1025.2,7.0,0.6,2.0,cma,333.0
202102271000,54857.0,1.0,9.0,4.0,65.0,120.0,3.0,8.6,3.6,70.8,1025.2,7.0,0.6,2.0,cma,333.0
202102271100,54857.0,1.0,9.0,4.0,65.0,120.0,3.0,8.6,3.6,70.8,1025.2,7.0,0.6,2.0,cma,333.0
202102271200,54857.0,1.0,9.0,4.0,72.0,130.0,4.0,8.2,3.1,70.2,1026.3,2.0,1.1,2.0,cma,122.0
202102271300,54857.0,1.0,9.0,4.0,72.0,130.0,4.0,8.2,3.1,70.2,1026.3,2.0,1.1,2.0,cma,122.0
202102271400,54857.0,1.0,9.0,4.0,72.0,130.0,4.0,8.2,3.1,70.2,1026.3,2.0,1.1,2.0,cma,122.0
202102271500,54857.0,1.0,9.0,4.0,66.0,120.0,4.0,7.4,4.5,81.8,1026.6,2.0,0.5,2.0,cma,35.0
202102271600,54857.0,1.0,9.0,4.0,66.0,120.0,4.0,7.4,4.5,81.8,1026.6,2.0,0.5,2.0,cma,35.0
202102271700,54857.0,1.0,9.0,4.0,66.0,120.0,4.0,7.4,4.5,81.8,1026.6,2.0,0.5,2.0,cma,35.0
202102271800,54857.0,1.0,9.0,4.0,65.0,120.0,4.0,7.5,4.6,81.8,1025.6,7.0,1.0,2.0,cma,32.0
202102271900,54857.0,1.0,9.0,4.0,65.0,120.0,4.0,7.5,4.6,81.8,1025.6,7.0,1.0,2.0,cma,32.0
202102272000,54857.0,1.0,9.0,4.0,65.0,120.0,4.0,7.5,4.6,81.8,1025.6,7.0,1.0,2.0,cma,32.0
202102272100,54857.0,1.0,9.0,4.0,56.0,110.0,3.0,7.0,5.3,88.9,1024.9,7.0,0.8,2.0,cma,20.0
202102272200,54857.0,1.0,9.0,4.0,56.0,110.0,3.0,7.0,5.3,88.9,1024.9,7.0,0.8,2.0,cma,20.0
202102272300,54857.0,1.0,9.0,4.0,56.0,110.0,3.0,7.0,5.3,88.9,1024.9,7.0,0.8,2.0,cma,20.0
202102280000,54857.0,1.0,9.0,4.0,62.0,110.0,4.0,7.6,5.7,87.7,1024.3,7.0,0.6,2.0,cma,26.0
202102280100,54857.0,1.0,9.0,4.0,62.0,110.0,4.0,7.6,5.7,87.7,1024.3,7.0,0.6,2.0,cma,26.0
202102280200,54857.0,1.0,9.0,4.0,62.0,110.0,4.0,7.6,5.7,87.7,1024.3,7.0,0.6,2.0,cma,26.0
202102280300,54857.0,1.0,9.0,4.0,64.0,110.0,4.0,8.1,5.2,81.9,1024.3,4.0,0.0,2.0,cma,19.0
202102280400,54857.0,1.0,9.0,4.0,64.0,110.0,4.0,8.1,5.2,81.9,1024.3,4.0,0.0,2.0,cma,19.0
202102280500,54857.0,1.0,9.0,4.0,64.0,110.0,4.0,8.1,5.2,81.9,1024.3,4.0,0.0,2.0,cma,19.0
202102280600,54857.0,1.0,9.0,4.0,60.0,100.0,5.0,8.2,5.1,80.8,1022.2,7.0,2.0,2.0,cma,26.0
202102280700,54857.0,1.0,9.0,4.0,60.0,100.0,5.0,8.2,5.1,80.8,1022.2,7.0,2.0,2.0,cma,26.0
202102280800,54857.0,1.0,9.0,4.0,60.0,100.0,5.0,8.2,5.1,80.8,1022.2,7.0,2.0,2.0,cma,26.0
202102280900,54857.0,1.0,9.0,4.0,18.0,100.0,4.0,7.4,6.5,94.0,1021.4,7.0,0.9,2.0,cma,24.0
202102281000,54857.0,1.0,9.0,4.0,18.0,100.0,4.0,7.4,6.5,94.0,1021.4,7.0,0.9,2.0,cma,24.0
202102281100,54857.0,1.0,9.0,4.0,18.0,100.0,4.0,7.4,6.5,94.0,1021.4,7.0,0.9,2.0,cma,24.0
202102281200,54857.0,1.0,9.0,4.0,32.0,100.0,5.0,6.9,5.8,92.7,1019.8,7.0,1.5,2.0,cma,21.0
202102281300,54857.0,1.0,9.0,4.0,32.0,100.0,5.0,6.9,5.8,92.7,1019.8,7.0,1.5,2.0,cma,21.0
202102281400,54857.0,1.0,9.0,4.0,32.0,100.0,5.0,6.9,5.8,92.7,1019.8,7.0,1.5,2.0,cma,21.0
202102281500,54857.0,1.0,9.0,4.0,9.0,280.0,2.0,7.3,6.7,96.0,1019.2,7.0,0.6,2.0,cma,19.0
202102281600,54857.0,1.0,9.0,4.0,9.0,280.0,2.0,7.3,6.7,96.0,1019.2,7.0,0.6,2.0,cma,19.0
202102281700,54857.0,1.0,9.0,4.0,9.0,280.0,2.0,7.3,6.7,96.0,1019.2,7.0,0.6,2.0,cma,19.0
202102281800,54857.0,1.0,9.0,4.0,60.0,360.0,4.0,6.1,5.4,95.3,1018.4,7.0,0.8,2.0,cma,29.0
202102281900,54857.0,1.0,9.0,4.0,60.0,360.0,4.0,6.1,5.4,95.3,1018.4,7.0,0.8,2.0,cma,29.0
202102282000,54857.0,1.0,9.0,4.0,60.0,360.0,4.0,6.1,5.4,95.3,1018.4,7.0,0.8,2.0,cma,29.0
202102282100,54857.0,1.0,9.0,4.0,43.0,360.0,6.0,4.5,3.5,93.2,1018.4,7.0,0.1,2.0,cma,20.0
202102282200,54857.0,1.0,9.0,4.0,43.0,360.0,6.0,4.5,3.5,93.2,1018.4,7.0,0.1,2.0,cma,20.0
202102282300,54857.0,1.0,9.0,4.0,43.0,360.0,6.0,4.5,3.5,93.2,1018.4,7.0,0.1,2.0,cma,20.0
202103010000,54857.0,1.0,9.0,4.0,59.0,360.0,7.0,2.0,1.0,93.1,1021.2,2.0,2.7,2.0,cma,35.0
202103010100,54857.0,1.0,9.0,4.0,59.0,360.0,7.0,2.0,1.0,93.1,1021.2,2.0,2.7,2.0,cma,35.0
202103010200,54857.0,1.0,9.0,4.0,59.0,360.0,7.0,2.0,1.0,93.1,1021.2,2.0,2.7,2.0,cma,35.0
202103010300,54857.0,1.0,9.0,4.0,65.0,340.0,9.0,1.3,-0.8,85.9,1022.6,2.0,1.4,2.0,cma,5.0
202103010400,54857.0,1.0,9.0,4.0,65.0,340.0,9.0,1.3,-0.8,85.9,1022.6,2.0,1.4,2.0,cma,5.0
202103010500,54857.0,1.0,9.0,4.0,65.0,340.0,9.0,1.3,-0.8,85.9,1022.6,2.0,1.4,2.0,cma,5.0
202103010600,54857.0,1.0,9.0,4.0,59.0,340.0,9.0,1.3,-0.6,87.1,1021.5,7.0,1.1,2.0,cma,12.0
202103010700,54857.0,1.0,9.0,4.0,59.0,340.0,9.0,1.3,-0.6,87.1,1021.5,7.0,1.1,2.0,cma,12.0
202103010800,54857.0,1.0,9.0,4.0,59.0,340.0,9.0,1.3,-0.6,87.1,1021.5,7.0,1.1,2.0,cma,12.0
202103010900,54857.0,1.0,9.0,4.0,60.0,330.0,7.0,0.2,-2.7,80.8,1023.4,2.0,1.9,2.0,cma,10.0
202103011000,54857.0,1.0,9.0,4.0,60.0,330.0,7.0,0.2,-2.7,80.8,1023.4,2.0,1.9,2.0,cma,10.0
202103011100,54857.0,1.0,9.0,4.0,60.0,330.0,7.0,0.2,-2.7,80.8,1023.4,2.0,1.9,2.0,cma,10.0
202103011200,54857.0,1.0,9.0,4.0,63.0,330.0,7.0,-0.5,-4.7,73.2,1026.1,2.0,2.6,2.0,cma,25.0
202103011300,54857.0,1.0,9.0,4.0,63.0,330.0,7.0,-0.5,-4.7,73.2,1026.1,2.0,2.6,2.0,cma,25.0
202103011400,54857.0,1.0,9.0,4.0,63.0,330.0,7.0,-0.5,-4.7,73.2,1026.1,2.0,2.6,2.0,cma,25.0
202103011500,54857.0,1.0,9.0,4.0,67.0,340.0,7.0,-1.1,-6.2,68.2,1027.2,2.0,1.0,2.0,cma,20.0
202103011600,54857.0,1.0,9.0,4.0,67.0,340.0,7.0,-1.1,-6.2,68.2,1027.2,2.0,1.0,2.0,cma,20.0
202103011700,54857.0,1.0,9.0,4.0,67.0,340.0,7.0,-1.1,-6.2,68.2,1027.2,2.0,1.0,2.0,cma,20.0
202103011800,54857.0,1.0,9.0,4.0,76.0,330.0,7.0,-1.2,-7.1,64.2,1028.1,2.0,0.9,2.0,cma,29.0
202103011900,54857.0,1.0,9.0,4.0,76.0,330.0,7.0,-1.2,-7.1,64.2,1028.1,2.0,0.9,2.0,cma,29.0
202103012000,54857.0,1.0,9.0,4.0,76.0,330.0,7.0,-1.2,-7.1,64.2,1028.1,2.0,0.9,2.0,cma,29.0
202103012100,54857.0,1.0,9.0,4.0,66.0,340.0,7.0,-1.5,-5.3,75.3,1029.0,2.0,0.9,2.0,cma,34.0
202103012200,54857.0,1.0,9.0,4.0,66.0,340.0,7.0,-1.5,-5.3,75.3,1029.0,2.0,0.9,2.0,cma,34.0
202103012300,54857.0,1.0,9.0,4.0,66.0,340.0,7.0,-1.5,-5.3,75.3,1029.0,2.0,0.9,2.0,cma,34.0
202103020000,54857.0,1.0,9.0,4.0,60.0,350.0,7.0,-1.3,-5.5,73.1,1030.6,2.0,1.6,2.0,cma,34.0
202103020100,54857.0,1.0,9.0,4.0,60.0,350.0,7.0,-1.3,-5.5,73.1,1030.6,2.0,1.6,2.0,cma,34.0
202103020200,54857.0,1.0,9.0,4.0,60.0,350.0,7.0,-1.3,-5.5,73.1,1030.6,2.0,1.6,2.0,cma,34.0
202103020300,54857.0,1.0,9.0,4.0,63.0,340.0,6.0,1.8,-6.5,54.1,1031.5,2.0,0.9,2.0,cma,25.0
202103020400,54857.0,1.0,9.0,4.0,63.0,340.0,6.0,1.8,-6.5,54.1,1031.5,2.0,0.9,2.0,cma,25.0
202103020500,54857.0,1.0,9.0,4.0,63.0,340.0,6.0,1.8,-6.5,54.1,1031.5,2.0,0.9,2.0,cma,25.0
202103020600,54857.0,1.0,9.0,4.0,63.0,340.0,6.0,1.8,-6.5,54.1,1031.5,2.0,0.9,2.0,cma,25.0
202103020700,54857.0,1.0,9.0,4.0,63.0,340.0,6.0,1.8,-6.5,54.1,1031.5,2.0,0.9,2.0,cma,25.0
202103020800,54857.0,1.0,9.0,4.0,63.0,340.0,6.0,1.8,-6.5,54.1,1031.5,2.0,0.9,2.0,cma,25.0
202103020900,54857.0,1.0,9.0,4.0,65.0,210.0,2.0,5.2,-2.9,55.8,1029.3,7.0,0.7,2.0,cma,47.0
202103021000,54857.0,1.0,9.0,4.0,65.0,210.0,2.0,5.2,-2.9,55.8,1029.3,7.0,0.7,2.0,cma,47.0
202103021100,54857.0,1.0,9.0,4.0,65.0,210.0,2.0,5.2,-2.9,55.8,1029.3,7.0,0.7,2.0,cma,47.0
202103021200,54857.0,1.0,9.0,4.0,80.0,180.0,3.0,3.7,-5.0,53.0,1030.0,2.0,0.6,2.0,cma,47.0
202103021300,54857.0,1.0,9.0,4.0,80.0,180.0,3.0,3.7,-5.0,53.0,1030.0,2.0,0.6,2.0,cma,47.0
202103021400,54857.0,1.0,9.0,4.0,80.0,180.0,3.0,3.7,-5.0,53.0,1030.0,2.0,0.6,2.0,cma,47.0
202103021500,54857.0,1.0,9.0,4.0,75.0,180.0,4.0,3.8,-2.2,64.8,1029.8,7.0,0.1,2.0,cma,49.0
202103021600,54857.0,1.0,9.0,4.0,75.0,180.0,4.0,3.8,-2.2,64.8,1029.8,7.0,0.1,2.0,cma,49.0
202103021700,54857.0,1.0,9.0,4.0,75.0,180.0,4.0,3.8,-2.2,64.8,1029.8,7.0,0.1,2.0,cma,49.0
202103021800,54857.0,1.0,9.0,4.0,64.0,190.0,3.0,4.0,0.5,77.9,1029.3,7.0,0.4,2.0,cma,63.0
202103021900,54857.0,1.0,9.0,4.0,64.0,190.0,3.0,4.0,0.5,77.9,1029.3,7.0,0.4,2.0,cma,63.0
202103022000,54857.0,1.0,9.0,4.0,64.0,190.0,3.0,4.0,0.5,77.9,1029.3,7.0,0.4,2.0,cma,63.0
202103022100,54857.0,1.0,9.0,4.0,50.0,190.0,3.0,4.0,2.4,89.3,1028.0,7.0,1.3,2.0,cma,33.0
202103022200,54857.0,1.0,9.0,4.0,50.0,190.0,3.0,4.0,2.4,89.3,1028.0,7.0,1.3,2.0,cma,33.0
202103022300,54857.0,1.0,9.0,4.0,50.0,190.0,3.0,4.0,2.4,89.3,1028.0,7.0,1.3,2.0,cma,33.0
202103030000,54857.0,1.0,9.0,4.0,57.0,180.0,4.0,4.7,2.6,86.2,1027.8,7.0,0.2,2.0,cma,20.0
202103030100,54857.0,1.0,9.0,4.0,57.0,180.0,4.0,4.7,2.6,86.2,1027.8,7.0,0.2,2.0,cma,20.0
202103030200,54857.0,1.0,9.0,4.0,57.0,180.0,4.0,4.7,2.6,86.2,1027.8,7.0,0.2,2.0,cma,20.0
202103030300,54857.0,1.0,9.0,4.0,59.0,170.0,4.0,6.5,3.1,78.9,1027.1,7.0,0.7,2.0,cma,28.0
202103030400,54857.0,1.0,9.0,4.0,59.0,170.0,4.0,6.5,3.1,78.9,1027.1,7.0,0.7,2.0,cma,28.0
202103030500,54857.0,1.0,9.0,4.0,59.0,170.0,4.0,6.5,3.1,78.9,1027.1,7.0,0.7,2.0,cma,28.0
202103030600,54857.0,1.0,9.0,4.0,62.0,190.0,4.0,6.9,3.2,77.3,1024.7,7.0,2.4,2.0,cma,50.0
202103030700,54857.0,1.0,9.0,4.0,62.0,190.0,4.0,6.9,3.2,77.3,1024.7,7.0,2.4,2.0,cma,50.0
202103030800,54857.0,1.0,9.0,4.0,62.0,190.0,4.0,6.9,3.2,77.3,1024.7,7.0,2.4,2.0,cma,50.0
202103030900,54857.0,1.0,9.0,4.0,74.0,180.0,4.0,5.9,2.0,76.0,1023.5,7.0,1.2,2.0,cma,59.0
202103031000,54857.0,1.0,9.0,4.0,74.0,180.0,4.0,5.9,2.0,76.0,1023.5,7.0,1.2,2.0,cma,59.0
202103031100,54857.0,1.0,9.0,4.0,74.0,180.0,4.0,5.9,2.0,76.0,1023.5,7.0,1.2,2.0,cma,59.0
202103031200,54857.0,1.0,9.0,4.0,69.0,160.0,5.0,5.3,2.5,82.1,1023.9,2.0,0.4,2.0,cma,33.0
202103031300,54857.0,1.0,9.0,4.0,69.0,160.0,5.0,5.3,2.5,82.1,1023.9,2.0,0.4,2.0,cma,33.0
202103031400,54857.0,1.0,9.0,4.0,69.0,160.0,5.0,5.3,2.5,82.1,1023.9,2.0,0.4,2.0,cma,33.0
202103031500,54857.0,1.0,9.0,4.0,69.0,160.0,5.0,5.3,3.3,86.9,1023.0,7.0,0.8,2.0,cma,23.0
202103031600,54857.0,1.0,9.0,4.0,69.0,160.0,5.0,5.3,3.3,86.9,1023.0,7.0,0.8,2.0,cma,23.0
202103031700,54857.0,1.0,9.0,4.0,69.0,160.0,5.0,5.3,3.3,86.9,1023.0,7.0,0.8,2.0,cma,23.0
202103031800,54857.0,1.0,9.0,4.0,65.0,190.0,2.0,5.1,3.9,91.9,1022.6,7.0,0.4,2.0,cma,26.0
202103031900,54857.0,1.0,9.0,4.0,65.0,190.0,2.0,5.1,3.9,91.9,1022.6,7.0,0.4,2.0,cma,26.0
202103032000,54857.0,1.0,9.0,4.0,65.0,190.0,2.0,5.1,3.9,91.9,1022.6,7.0,0.4,2.0,cma,26.0
202103032100,54857.0,1.0,9.0,4.0,61.0,140.0,1.0,4.8,3.8,93.2,1021.5,7.0,1.1,2.0,cma,20.0
202103032200,54857.0,1.0,9.0,4.0,61.0,140.0,1.0,4.8,3.8,93.2,1021.5,7.0,1.1,2.0,cma,20.0
202103032300,54857.0,1.0,9.0,4.0,61.0,140.0,1.0,4.8,3.8,93.2,1021.5,7.0,1.1,2.0,cma,20.0
202103040000,54857.0,1.0,9.0,4.0,59.0,140.0,1.0,5.7,4.7,93.3,1021.5,4.0,0.0,2.0,cma,23.0
202103040100,54857.0,1.0,9.0,4.0,59.0,140.0,1.0,5.7,4.7,93.3,1021.5,4.0,0.0,2.0,cma,23.0
202103040200,54857.0,1.0,9.0,4.0,59.0,140.0,1.0,5.7,4.7,93.3,1021.5,4.0,0.0,2.0,cma,23.0
202103040300,54857.0,1.0,9.0,4.0,60.0,170.0,3.0,7.6,5.2,84.7,1021.9,2.0,0.4,2.0,cma,22.0
202103040400,54857.0,1.0,9.0,4.0,60.0,170.0,3.0,7.6,5.2,84.7,1021.9,2.0,0.4,2.0,cma,22.0
202103040500,54857.0,1.0,9.0,4.0,60.0,170.0,3.0,7.6,5.2,84.7,1021.9,2.0,0.4,2.0,cma,22.0
202103040600,54857.0,1.0,9.0,4.0,57.0,180.0,2.0,9.5,4.3,70.0,1020.0,7.0,1.8,2.0,cma,22.0
202103040700,54857.0,1.0,9.0,4.0,57.0,180.0,2.0,9.5,4.3,70.0,1020.0,7.0,1.8,2.0,cma,22.0
202103040800,54857.0,1.0,9.0,4.0,57.0,180.0,2.0,9.5,4.3,70.0,1020.0,7.0,1.8,2.0,cma,22.0
202103040900,54857.0,1.0,9.0,4.0,42.0,170.0,4.0,7.3,4.8,84.1,1019.7,7.0,0.4,2.0,cma,32.0
202103041000,54857.0,1.0,9.0,4.0,42.0,170.0,4.0,7.3,4.8,84.1,1019.7,7.0,0.4,2.0,cma,32.0
202103041100,54857.0,1.0,9.0,4.0,42.0,170.0,4.0,7.3,4.8,84.1,1019.7,7.0,0.4,2.0,cma,32.0
202103041200,54857.0,1.0,9.0,4.0,21.0,140.0,3.0,6.3,4.9,90.7,1020.3,2.0,0.6,2.0,cma,26.0
202103041300,54857.0,1.0,9.0,4.0,21.0,140.0,3.0,6.3,4.9,90.7,1020.3,2.0,0.6,2.0,cma,26.0
202103041400,54857.0,1.0,9.0,4.0,21.0,140.0,3.0,6.3,4.9,90.7,1020.3,2.0,0.6,2.0,cma,26.0
202103041500,54857.0,1.0,9.0,4.0,10.0,160.0,3.0,6.4,4.6,88.2,1021.6,2.0,1.3,2.0,cma,42.0
202103041600,54857.0,1.0,9.0,4.0,10.0,160.0,3.0,6.4,4.6,88.2,1021.6,2.0,1.3,2.0,cma,42.0
202103041700,54857.0,1.0,9.0,4.0,10.0,160.0,3.0,6.4,4.6,88.2,1021.6,2.0,1.3,2.0,cma,42.0
202103041800,54857.0,1.0,9.0,4.0,50.0,160.0,3.0,6.4,4.6,88.2,1021.6,2.0,0.1,2.0,cma,63.0
202103041900,54857.0,1.0,9.0,4.0,50.0,160.0,3.0,6.4,4.6,88.2,1021.6,2.0,0.1,2.0,cma,63.0
202103042000,54857.0,1.0,9.0,4.0,50.0,160.0,3.0,6.4,4.6,88.2,1021.6,2.0,0.1,2.0,cma,63.0
202103042100,54857.0,1.0,9.0,4.0,57.0,160.0,4.0,6.1,4.3,88.2,1021.0,7.0,0.7,2.0,cma,64.0
202103042200,54857.0,1.0,9.0,4.0,57.0,160.0,4.0,6.1,4.3,88.2,1021.0,7.0,0.7,2.0,cma,64.0
202103042300,54857.0,1.0,9.0,4.0,57.0,160.0,4.0,6.1,4.3,88.2,1021.0,7.0,0.7,2.0,cma,64.0
202103050000,54857.0,1.0,9.0,4.0,60.0,150.0,4.0,6.8,5.3,90.1,1020.3,7.0,0.7,2.0,cma,146.0
202103050100,54857.0,1.0,9.0,4.0,60.0,150.0,4.0,6.8,5.3,90.1,1020.3,7.0,0.7,2.0,cma,146.0
202103050200,54857.0,1.0,9.0,4.0,60.0,150.0,4.0,6.8,5.3,90.1,1020.3,7.0,0.7,2.0,cma,146.0
202103050300,54857.0,1.0,9.0,4.0,71.0,150.0,4.0,8.9,6.2,83.2,1021.4,2.0,1.2,2.0,cma,45.0
202103050400,54857.0,1.0,9.0,4.0,71.0,150.0,4.0,8.9,6.2,83.2,1021.4,2.0,1.2,2.0,cma,45.0
202103050500,54857.0,1.0,9.0,4.0,71.0,150.0,4.0,8.9,6.2,83.2,1021.4,2.0,1.2,2.0,cma,45.0
202103050600,54857.0,1.0,9.0,4.0,62.0,140.0,2.0,9.9,5.9,76.1,1020.7,7.0,0.7,2.0,cma,40.0
202103050700,54857.0,1.0,9.0,4.0,62.0,140.0,2.0,9.9,5.9,76.1,1020.7,7.0,0.7,2.0,cma,40.0
202103050800,54857.0,1.0,9.0,4.0,62.0,140.0,2.0,9.9,5.9,76.1,1020.7,7.0,0.7,2.0,cma,40.0
202103050900,54857.0,1.0,9.0,4.0,59.0,160.0,3.0,9.1,4.9,75.0,1021.3,2.0,0.6,2.0,cma,30.0
202103051000,54857.0,1.0,9.0,4.0,59.0,160.0,3.0,9.1,4.9,75.0,1021.3,2.0,0.6,2.0,cma,30.0
202103051100,54857.0,1.0,9.0,4.0,59.0,160.0,3.0,9.1,4.9,75.0,1021.3,2.0,0.6,2.0,cma,30.0
202103051200,54857.0,1.0,9.0,4.0,50.0,140.0,3.0,6.9,4.6,85.3,1024.9,2.0,3.5,2.0,cma,21.0
202103051300,54857.0,1.0,9.0,4.0,50.0,140.0,3.0,6.9,4.6,85.3,1024.9,2.0,3.5,2.0,cma,21.0
202103051400,54857.0,1.0,9.0,4.0,50.0,140.0,3.0,6.9,4.6,85.3,1024.9,2.0,3.5,2.0,cma,21.0
202103051500,54857.0,1.0,9.0,4.0,38.0,340.0,3.0,5.4,2.4,81.0,1027.4,2.0,2.5,2.0,cma,11.0
202103051600,54857.0,1.0,9.0,4.0,38.0,340.0,3.0,5.4,2.4,81.0,1027.4,2.0,2.5,2.0,cma,11.0
202103051700,54857.0,1.0,9.0,4.0,38.0,340.0,3.0,5.4,2.4,81.0,1027.4,2.0,2.5,2.0,cma,11.0
202103051800,54857.0,1.0,9.0,4.0,58.0,360.0,5.0,3.2,-1.4,71.8,1029.2,2.0,1.7,2.0,cma,59.0
202103051900,54857.0,1.0,9.0,4.0,58.0,360.0,5.0,3.2,-1.4,71.8,1029.2,2.0,1.7,2.0,cma,59.0
202103052000,54857.0,1.0,9.0,4.0,58.0,360.0,5.0,3.2,-1.4,71.8,1029.2,2.0,1.7,2.0,cma,59.0
202103052100,54857.0,1.0,9.0,4.0,63.0,10.0,5.0,1.7,-4.8,62.0,1030.2,2.0,1.0,2.0,cma,43.0
202103052200,54857.0,1.0,9.0,4.0,63.0,10.0,5.0,1.7,-4.8,62.0,1030.2,2.0,1.0,2.0,cma,43.0
202103052300,54857.0,1.0,9.0,4.0,63.0,10.0,5.0,1.7,-4.8,62.0,1030.2,2.0,1.0,2.0,cma,43.0
202103060000,54857.0,1.0,9.0,4.0,70.0,350.0,7.0,0.2,-8.2,53.2,1032.3,2.0,2.0,2.0,cma,91.0
202103060100,54857.0,1.0,9.0,4.0,70.0,350.0,7.0,0.2,-8.2,53.2,1032.3,2.0,2.0,2.0,cma,91.0
202103060200,54857.0,1.0,9.0,4.0,70.0,350.0,7.0,0.2,-8.2,53.2,1032.3,2.0,2.0,2.0,cma,91.0
202103060300,54857.0,1.0,9.0,4.0,69.0,340.0,8.0,1.4,-8.4,48.0,1033.1,2.0,0.8,2.0,cma,56.0
202103060400,54857.0,1.0,9.0,4.0,69.0,340.0,8.0,1.4,-8.4,48.0,1033.1,2.0,0.8,2.0,cma,56.0
202103060500,54857.0,1.0,9.0,4.0,69.0,340.0,8.0,1.4,-8.4,48.0,1033.1,2.0,0.8,2.0,cma,56.0
202103060600,54857.0,1.0,9.0,4.0,74.0,340.0,9.0,3.9,-9.5,36.9,1031.4,7.0,1.7,2.0,cma,47.0
202103060700,54857.0,1.0,9.0,4.0,74.0,340.0,9.0,3.9,-9.5,36.9,1031.4,7.0,1.7,2.0,cma,47.0
202103060800,54857.0,1.0,9.0,4.0,74.0,340.0,9.0,3.9,-9.5,36.9,1031.4,7.0,1.7,2.0,cma,47.0
202103060900,54857.0,1.0,9.0,4.0,74.0,350.0,7.0,4.7,-8.1,38.9,1031.2,7.0,0.2,2.0,cma,38.0
202103061000,54857.0,1.0,9.0,4.0,74.0,350.0,7.0,4.7,-8.1,38.9,1031.2,7.0,0.2,2.0,cma,38.0
202103061100,54857.0,1.0,9.0,4.0,74.0,350.0,7.0,4.7,-8.1,38.9,1031.2,7.0,0.2,2.0,cma,38.0
202103061200,54857.0,1.0,9.0,4.0,73.0,350.0,7.0,1.2,-8.1,49.9,1032.9,2.0,1.6,2.0,cma,35.0
202103061300,54857.0,1.0,9.0,4.0,73.0,350.0,7.0,1.2,-8.1,49.9,1032.9,2.0,1.6,2.0,cma,35.0
202103061400,54857.0,1.0,9.0,4.0,73.0,350.0,7.0,1.2,-8.1,49.9,1032.9,2.0,1.6,2.0,cma,35.0
202103061500,54857.0,1.0,9.0,4.0,67.0,350.0,7.0,-0.4,-6.8,61.9,1032.8,7.0,0.1,2.0,cma,30.0
202103061600,54857.0,1.0,9.0,4.0,67.0,350.0,7.0,-0.4,-6.8,61.9,1032.8,7.0,0.1,2.0,cma,30.0
202103061700,54857.0,1.0,9.0,4.0,67.0,350.0,7.0,-0.4,-6.8,61.9,1032.8,7.0,0.1,2.0,cma,30.0
202103061800,54857.0,1.0,9.0,4.0,67.0,350.0,7.0,-0.4,-6.8,61.9,1032.8,7.0,0.1,2.0,cma,30.0
202103061900,54857.0,1.0,9.0,4.0,67.0,350.0,7.0,-0.4,-6.8,61.9,1032.8,7.0,0.1,2.0,cma,30.0
202103062000,54857.0,1.0,9.0,4.0,67.0,350.0,7.0,-0.4,-6.8,61.9,1032.8,7.0,0.1,2.0,cma,30.0
202103062100,54857.0,1.0,9.0,4.0,66.0,340.0,5.0,-0.8,-5.8,68.8,1031.6,7.0,0.8,2.0,cma,37.0
202103062200,54857.0,1.0,9.0,4.0,66.0,340.0,5.0,-0.8,-5.8,68.8,1031.6,7.0,0.8,2.0,cma,37.0
202103062300,54857.0,1.0,9.0,4.0,66.0,340.0,5.0,-0.8,-5.8,68.8,1031.6,7.0,0.8,2.0,cma,37.0
202103070000,54857.0,1.0,9.0,4.0,64.0,340.0,4.0,0.3,-5.1,67.0,1032.3,2.0,0.6,2.0,cma,41.0
202103070100,54857.0,1.0,9.0,4.0,64.0,340.0,4.0,0.3,-5.1,67.0,1032.3,2.0,0.6,2.0,cma,41.0
202103070200,54857.0,1.0,9.0,4.0,64.0,340.0,4.0,0.3,-5.1,67.0,1032.3,2.0,0.6,2.0,cma,41.0
202103070300,54857.0,1.0,9.0,4.0,63.0,310.0,2.0,2.8,-5.8,53.1,1032.0,7.0,0.3,2.0,cma,37.0
202103070400,54857.0,1.0,9.0,4.0,63.0,310.0,2.0,2.8,-5.8,53.1,1032.0,7.0,0.3,2.0,cma,37.0
202103070500,54857.0,1.0,9.0,4.0,63.0,310.0,2.0,2.8,-5.8,53.1,1032.0,7.0,0.3,2.0,cma,37.0
202103070600,54857.0,1.0,9.0,4.0,78.0,300.0,2.0,7.1,-13.8,20.9,1029.7,7.0,2.2,2.0,cma,35.0
202103070700,54857.0,1.0,9.0,4.0,78.0,300.0,2.0,7.1,-13.8,20.9,1029.7,7.0,2.2,2.0,cma,35.0
202103070800,54857.0,1.0,9.0,4.0,78.0,300.0,2.0,7.1,-13.8,20.9,1029.7,7.0,2.2,2.0,cma,35.0
202103070900,54857.0,1.0,9.0,4.0,67.0,170.0,3.0,4.9,-3.9,52.9,1028.9,7.0,0.8,2.0,cma,42.0
202103071000,54857.0,1.0,9.0,4.0,67.0,170.0,3.0,4.9,-3.9,52.9,1028.9,7.0,0.8,2.0,cma,42.0
202103071100,54857.0,1.0,9.0,4.0,67.0,170.0,3.0,4.9,-3.9,52.9,1028.9,7.0,0.8,2.0,cma,42.0
202103071200,54857.0,1.0,9.0,4.0,63.0,170.0,3.0,3.7,-2.3,64.8,1030.1,2.0,1.2,2.0,cma,47.0
202103071300,54857.0,1.0,9.0,4.0,63.0,170.0,3.0,3.7,-2.3,64.8,1030.1,2.0,1.2,2.0,cma,47.0
202103071400,54857.0,1.0,9.0,4.0,63.0,170.0,3.0,3.7,-2.3,64.8,1030.1,2.0,1.2,2.0,cma,47.0
202103071500,54857.0,1.0,9.0,4.0,60.0,150.0,0.0,3.0,-1.2,73.9,1030.4,2.0,0.3,2.0,cma,33.0
202103071600,54857.0,1.0,9.0,4.0,60.0,150.0,0.0,3.0,-1.2,73.9,1030.4,2.0,0.3,2.0,cma,33.0
202103071700,54857.0,1.0,9.0,4.0,60.0,150.0,0.0,3.0,-1.2,73.9,1030.4,2.0,0.3,2.0,cma,33.0
202103071800,54857.0,1.0,9.0,4.0,57.0,310.0,1.0,2.5,-1.1,77.1,1029.5,7.0,0.8,2.0,cma,58.0
202103071900,54857.0,1.0,9.0,4.0,57.0,310.0,1.0,2.5,-1.1,77.1,1029.5,7.0,0.8,2.0,cma,58.0
202103072000,54857.0,1.0,9.0,4.0,57.0,310.0,1.0,2.5,-1.1,77.1,1029.5,7.0,0.8,2.0,cma,58.0
202103072100,54857.0,1.0,9.0,4.0,56.0,350.0,0.0,2.0,-1.4,78.2,1029.0,7.0,0.6,2.0,cma,54.0
202103072200,54857.0,1.0,9.0,4.0,56.0,350.0,0.0,2.0,-1.4,78.2,1029.0,7.0,0.6,2.0,cma,54.0
202103072300,54857.0,1.0,9.0,4.0,56.0,350.0,0.0,2.0,-1.4,78.2,1029.0,7.0,0.6,2.0,cma,54.0
202103080000,54857.0,1.0,9.0,4.0,50.0,350.0,0.0,3.6,0.6,80.7,1030.3,2.0,1.3,2.0,cma,48.0
202103080100,54857.0,1.0,9.0,4.0,50.0,350.0,0.0,3.6,0.6,80.7,1030.3,2.0,1.3,2.0,cma,48.0
202103080200,54857.0,1.0,9.0,4.0,50.0,350.0,0.0,3.6,0.6,80.7,1030.3,2.0,1.3,2.0,cma,48.0
202103080300,54857.0,1.0,9.0,4.0,61.0,160.0,3.0,7.1,-1.1,55.9,1029.7,7.0,0.5,2.0,cma,65.0
202103080400,54857.0,1.0,9.0,4.0,61.0,160.0,3.0,7.1,-1.1,55.9,1029.7,7.0,0.5,2.0,cma,65.0
202103080500,54857.0,1.0,9.0,4.0,61.0,160.0,3.0,7.1,-1.1,55.9,1029.7,7.0,0.5,2.0,cma,65.0
202103080600,54857.0,1.0,9.0,4.0,72.0,160.0,4.0,6.3,0.8,67.8,1027.6,7.0,2.1,2.0,cma,81.0
202103080700,54857.0,1.0,9.0,4.0,72.0,160.0,4.0,6.3,0.8,67.8,1027.6,7.0,2.1,2.0,cma,81.0
202103080800,54857.0,1.0,9.0,4.0,72.0,160.0,4.0,6.3,0.8,67.8,1027.6,7.0,2.1,2.0,cma,81.0
202103080900,54857.0,1.0,9.0,4.0,70.0,160.0,2.0,5.8,-0.7,63.0,1026.5,7.0,1.1,2.0,cma,104.0
202103081000,54857.0,1.0,9.0,4.0,70.0,160.0,2.0,5.8,-0.7,63.0,1026.5,7.0,1.1,2.0,cma,104.0
202103081100,54857.0,1.0,9.0,4.0,70.0,160.0,2.0,5.8,-0.7,63.0,1026.5,7.0,1.1,2.0,cma,104.0
202103081200,54857.0,1.0,9.0,4.0,71.0,160.0,4.0,5.2,1.0,74.3,1027.5,2.0,1.0,2.0,cma,60.0
202103081300,54857.0,1.0,9.0,4.0,71.0,160.0,4.0,5.2,1.0,74.3,1027.5,2.0,1.0,2.0,cma,60.0
202103081400,54857.0,1.0,9.0,4.0,71.0,160.0,4.0,5.2,1.0,74.3,1027.5,2.0,1.0,2.0,cma,60.0
202103081500,54857.0,1.0,9.0,4.0,61.0,170.0,2.0,5.2,3.2,86.9,1027.6,2.0,0.1,2.0,cma,31.0
202103081600,54857.0,1.0,9.0,4.0,61.0,170.0,2.0,5.2,3.2,86.9,1027.6,2.0,0.1,2.0,cma,31.0
202103081700,54857.0,1.0,9.0,4.0,61.0,170.0,2.0,5.2,3.2,86.9,1027.6,2.0,0.1,2.0,cma,31.0
202103081800,54857.0,1.0,9.0,4.0,57.0,150.0,1.0,4.9,3.4,90.0,1026.9,7.0,0.7,2.0,cma,31.0
202103081900,54857.0,1.0,9.0,4.0,57.0,150.0,1.0,4.9,3.4,90.0,1026.9,7.0,0.7,2.0,cma,31.0
202103082000,54857.0,1.0,9.0,4.0,57.0,150.0,1.0,4.9,3.4,90.0,1026.9,7.0,0.7,2.0,cma,31.0
202103082100,54857.0,1.0,9.0,4.0,35.0,160.0,2.0,4.7,3.7,93.2,1026.4,7.0,0.5,2.0,cma,26.0
202103082200,54857.0,1.0,9.0,4.0,35.0,160.0,2.0,4.7,3.7,93.2,1026.4,7.0,0.5,2.0,cma,26.0
202103082300,54857.0,1.0,9.0,4.0,35.0,160.0,2.0,4.7,3.7,93.2,1026.4,7.0,0.5,2.0,cma,26.0
202103090000,54857.0,1.0,9.0,4.0,45.0,170.0,2.0,5.7,4.7,93.3,1027.4,2.0,1.0,2.0,cma,33.0
202103090100,54857.0,1.0,9.0,4.0,45.0,170.0,2.0,5.7,4.7,93.3,1027.4,2.0,1.0,2.0,cma,33.0
202103090200,54857.0,1.0,9.0,4.0,45.0,170.0,2.0,5.7,4.7,93.3,1027.4,2.0,1.0,2.0,cma,33.0
202103090300,54857.0,1.0,9.0,4.0,59.0,170.0,4.0,7.9,4.5,79.1,1027.7,2.0,0.4,2.0,cma,35.0
202103090400,54857.0,1.0,9.0,4.0,59.0,170.0,4.0,7.9,4.5,79.1,1027.7,2.0,0.4,2.0,cma,35.0
202103090500,54857.0,1.0,9.0,4.0,59.0,170.0,4.0,7.9,4.5,79.1,1027.7,2.0,0.4,2.0,cma,35.0
202103090600,54857.0,1.0,9.0,4.0,60.0,170.0,3.0,9.6,4.4,70.0,1026.2,7.0,1.5,2.0,cma,49.0
202103090700,54857.0,1.0,9.0,4.0,60.0,170.0,3.0,9.6,4.4,70.0,1026.2,7.0,1.5,2.0,cma,49.0
202103090800,54857.0,1.0,9.0,4.0,60.0,170.0,3.0,9.6,4.4,70.0,1026.2,7.0,1.5,2.0,cma,49.0
202103090900,54857.0,1.0,9.0,4.0,60.0,170.0,3.0,9.6,4.4,70.0,1026.2,7.0,1.5,2.0,cma,49.0
202103091000,54857.0,1.0,9.0,4.0,60.0,170.0,3.0,9.6,4.4,70.0,1026.2,7.0,1.5,2.0,cma,49.0
202103091100,54857.0,1.0,9.0,4.0,60.0,170.0,3.0,9.6,4.4,70.0,1026.2,7.0,1.5,2.0,cma,49.0
202103091200,54857.0,1.0,9.0,4.0,58.0,160.0,3.0,6.2,4.5,88.8,1028.2,2.0,1.5,2.0,cma,41.0
202103091300,54857.0,1.0,9.0,4.0,58.0,160.0,3.0,6.2,4.5,88.8,1028.2,2.0,1.5,2.0,cma,41.0
202103091400,54857.0,1.0,9.0,4.0,58.0,160.0,3.0,6.2,4.5,88.8,1028.2,2.0,1.5,2.0,cma,41.0
202103091500,54857.0,1.0,9.0,4.0,56.0,150.0,3.0,6.5,3.5,81.1,1028.8,2.0,0.7,2.0,cma,37.0
202103091600,54857.0,1.0,9.0,4.0,56.0,150.0,3.0,6.5,3.5,81.1,1028.8,2.0,0.7,2.0,cma,37.0
202103091700,54857.0,1.0,9.0,4.0,56.0,150.0,3.0,6.5,3.5,81.1,1028.8,2.0,0.7,2.0,cma,37.0
202103091800,54857.0,1.0,9.0,4.0,58.0,140.0,2.0,6.4,1.9,72.9,1028.3,7.0,0.5,2.0,cma,44.0
202103091900,54857.0,1.0,9.0,4.0,58.0,140.0,2.0,6.4,1.9,72.9,1028.3,7.0,0.5,2.0,cma,44.0
202103092000,54857.0,1.0,9.0,4.0,58.0,140.0,2.0,6.4,1.9,72.9,1028.3,7.0,0.5,2.0,cma,44.0
202103092100,54857.0,1.0,9.0,4.0,56.0,120.0,1.0,7.6,0.3,59.8,1028.3,4.0,0.0,2.0,cma,29.0
202103092200,54857.0,1.0,9.0,4.0,56.0,120.0,1.0,7.6,0.3,59.8,1028.3,4.0,0.0,2.0,cma,29.0
202103092300,54857.0,1.0,9.0,4.0,56.0,120.0,1.0,7.6,0.3,59.8,1028.3,4.0,0.0,2.0,cma,29.0
202103100000,54857.0,1.0,9.0,4.0,56.0,150.0,2.0,7.3,2.6,72.0,1030.1,2.0,1.7,2.0,cma,52.0
202103100100,54857.0,1.0,9.0,4.0,56.0,150.0,2.0,7.3,2.6,72.0,1030.1,2.0,1.7,2.0,cma,52.0
202103100200,54857.0,1.0,9.0,4.0,56.0,150.0,2.0,7.3,2.6,72.0,1030.1,2.0,1.7,2.0,cma,52.0
202103100300,54857.0,1.0,9.0,4.0,50.0,180.0,2.0,11.8,4.5,60.9,1029.6,7.0,0.4,2.0,cma,41.0
202103100400,54857.0,1.0,9.0,4.0,50.0,180.0,2.0,11.8,4.5,60.9,1029.6,7.0,0.4,2.0,cma,41.0
202103100500,54857.0,1.0,9.0,4.0,50.0,180.0,2.0,11.8,4.5,60.9,1029.6,7.0,0.4,2.0,cma,41.0
202103100600,54857.0,1.0,9.0,4.0,48.0,180.0,3.0,11.7,4.2,60.0,1027.7,7.0,1.9,2.0,cma,66.0
202103100700,54857.0,1.0,9.0,4.0,48.0,180.0,3.0,11.7,4.2,60.0,1027.7,7.0,1.9,2.0,cma,66.0
202103100800,54857.0,1.0,9.0,4.0,48.0,180.0,3.0,11.7,4.2,60.0,1027.7,7.0,1.9,2.0,cma,66.0
202103100900,54857.0,1.0,9.0,4.0,48.0,150.0,3.0,9.3,4.5,71.9,1026.8,7.0,0.9,2.0,cma,56.0
202103101000,54857.0,1.0,9.0,4.0,48.0,150.0,3.0,9.3,4.5,71.9,1026.8,7.0,0.9,2.0,cma,56.0
202103101100,54857.0,1.0,9.0,4.0,48.0,150.0,3.0,9.3,4.5,71.9,1026.8,7.0,0.9,2.0,cma,56.0
202103101200,54857.0,1.0,9.0,4.0,38.0,150.0,3.0,7.9,5.0,81.9,1027.3,2.0,0.5,2.0,cma,47.0
202103101300,54857.0,1.0,9.0,4.0,38.0,150.0,3.0,7.9,5.0,81.9,1027.3,2.0,0.5,2.0,cma,47.0
202103101400,54857.0,1.0,9.0,4.0,38.0,150.0,3.0,7.9,5.0,81.9,1027.3,2.0,0.5,2.0,cma,47.0
202103101500,54857.0,1.0,9.0,4.0,38.0,140.0,2.0,7.0,4.3,82.9,1027.7,2.0,0.5,2.0,cma,59.0
202103101600,54857.0,1.0,9.0,4.0,38.0,140.0,2.0,7.0,4.3,82.9,1027.7,2.0,0.5,2.0,cma,59.0
202103101700,54857.0,1.0,9.0,4.0,38.0,140.0,2.0,7.0,4.3,82.9,1027.7,2.0,0.5,2.0,cma,59.0
202103101800,54857.0,1.0,9.0,4.0,62.0,150.0,3.0,6.8,2.3,73.0,1026.4,7.0,1.3,2.0,cma,82.0
202103101900,54857.0,1.0,9.0,4.0,62.0,150.0,3.0,6.8,2.3,73.0,1026.4,7.0,1.3,2.0,cma,82.0
202103102000,54857.0,1.0,9.0,4.0,62.0,150.0,3.0,6.8,2.3,73.0,1026.4,7.0,1.3,2.0,cma,82.0
202103102100,54857.0,1.0,9.0,4.0,79.0,90.0,1.0,6.9,1.6,68.9,1025.7,7.0,0.8,2.0,cma,85.0
202103102200,54857.0,1.0,9.0,4.0,79.0,90.0,1.0,6.9,1.6,68.9,1025.7,7.0,0.8,2.0,cma,85.0
202103102300,54857.0,1.0,9.0,4.0,79.0,90.0,1.0,6.9,1.6,68.9,1025.7,7.0,0.8,2.0,cma,85.0
202103110000,54857.0,1.0,9.0,4.0,67.0,140.0,2.0,9.7,-1.7,44.8,1026.3,2.0,0.6,2.0,cma,76.0
202103110100,54857.0,1.0,9.0,4.0,67.0,140.0,2.0,9.7,-1.7,44.8,1026.3,2.0,0.6,2.0,cma,76.0
202103110200,54857.0,1.0,9.0,4.0,67.0,140.0,2.0,9.7,-1.7,44.8,1026.3,2.0,0.6,2.0,cma,76.0
202103110300,54857.0,1.0,9.0,4.0,50.0,120.0,3.0,9.7,4.1,68.1,1026.2,7.0,0.1,2.0,cma,33.0
202103110400,54857.0,1.0,9.0,4.0,50.0,120.0,3.0,9.7,4.1,68.1,1026.2,7.0,0.1,2.0,cma,33.0
202103110500,54857.0,1.0,9.0,4.0,50.0,120.0,3.0,9.7,4.1,68.1,1026.2,7.0,0.1,2.0,cma,33.0
202103110600,54857.0,1.0,9.0,4.0,17.0,320.0,3.0,9.0,6.6,84.9,1024.7,7.0,1.5,2.0,cma,23.0
202103110700,54857.0,1.0,9.0,4.0,17.0,320.0,3.0,9.0,6.6,84.9,1024.7,7.0,1.5,2.0,cma,23.0
202103110800,54857.0,1.0,9.0,4.0,17.0,320.0,3.0,9.0,6.6,84.9,1024.7,7.0,1.5,2.0,cma,23.0
202103110900,54857.0,1.0,9.0,4.0,26.0,30.0,2.0,9.3,5.1,75.0,1023.9,7.0,0.8,2.0,cma,20.0
202103111000,54857.0,1.0,9.0,4.0,26.0,30.0,2.0,9.3,5.1,75.0,1023.9,7.0,0.8,2.0,cma,20.0
202103111100,54857.0,1.0,9.0,4.0,26.0,30.0,2.0,9.3,5.1,75.0,1023.9,7.0,0.8,2.0,cma,20.0
202103111200,54857.0,1.0,9.0,4.0,58.0,50.0,2.0,9.1,3.7,68.9,1024.1,2.0,0.3,2.0,cma,72.0
202103111300,54857.0,1.0,9.0,4.0,58.0,50.0,2.0,9.1,3.7,68.9,1024.1,2.0,0.3,2.0,cma,72.0
202103111400,54857.0,1.0,9.0,4.0,58.0,50.0,2.0,9.1,3.7,68.9,1024.1,2.0,0.3,2.0,cma,72.0
202103111500,54857.0,1.0,9.0,4.0,34.0,330.0,2.0,8.2,4.6,78.0,1024.5,2.0,0.4,2.0,cma,120.0
202103111600,54857.0,1.0,9.0,4.0,34.0,330.0,2.0,8.2,4.6,78.0,1024.5,2.0,0.4,2.0,cma,120.0
202103111700,54857.0,1.0,9.0,4.0,34.0,330.0,2.0,8.2,4.6,78.0,1024.5,2.0,0.4,2.0,cma,120.0
202103111800,54857.0,1.0,9.0,4.0,43.0,340.0,1.0,8.1,4.1,75.8,1024.5,4.0,0.0,2.0,cma,119.0
202103111900,54857.0,1.0,9.0,4.0,43.0,340.0,1.0,8.1,4.1,75.8,1024.5,4.0,0.0,2.0,cma,119.0
202103112000,54857.0,1.0,9.0,4.0,43.0,340.0,1.0,8.1,4.1,75.8,1024.5,4.0,0.0,2.0,cma,119.0
202103112100,54857.0,1.0,9.0,4.0,21.0,340.0,2.0,6.2,4.4,88.2,1025.1,2.0,0.5,2.0,cma,43.0
202103112200,54857.0,1.0,9.0,4.0,21.0,340.0,2.0,6.2,4.4,88.2,1025.1,2.0,0.5,2.0,cma,43.0
202103112300,54857.0,1.0,9.0,4.0,21.0,340.0,2.0,6.2,4.4,88.2,1025.1,2.0,0.5,2.0,cma,43.0
202103120000,54857.0,1.0,9.0,4.0,24.0,310.0,3.0,6.6,4.3,85.2,1026.5,2.0,1.4,2.0,cma,101.0
202103120100,54857.0,1.0,9.0,4.0,24.0,310.0,3.0,6.6,4.3,85.2,1026.5,2.0,1.4,2.0,cma,101.0
202103120200,54857.0,1.0,9.0,4.0,24.0,310.0,3.0,6.6,4.3,85.2,1026.5,2.0,1.4,2.0,cma,101.0
202103120300,54857.0,1.0,9.0,4.0,43.0,330.0,3.0,10.4,3.2,61.0,1027.1,2.0,0.7,2.0,cma,65.0
202103120400,54857.0,1.0,9.0,4.0,43.0,330.0,3.0,10.4,3.2,61.0,1027.1,2.0,0.7,2.0,cma,65.0
202103120500,54857.0,1.0,9.0,4.0,43.0,330.0,3.0,10.4,3.2,61.0,1027.1,2.0,0.7,2.0,cma,65.0
202103120600,54857.0,1.0,9.0,4.0,60.0,280.0,2.0,14.1,2.0,43.9,1024.9,7.0,2.2,2.0,cma,119.0
202103120700,54857.0,1.0,9.0,4.0,60.0,280.0,2.0,14.1,2.0,43.9,1024.9,7.0,2.2,2.0,cma,119.0
202103120800,54857.0,1.0,9.0,4.0,60.0,280.0,2.0,14.1,2.0,43.9,1024.9,7.0,2.2,2.0,cma,119.0
202103120900,54857.0,1.0,9.0,4.0,63.0,190.0,2.0,11.8,2.0,51.0,1024.3,7.0,0.6,2.0,cma,129.0
202103121000,54857.0,1.0,9.0,4.0,63.0,190.0,2.0,11.8,2.0,51.0,1024.3,7.0,0.6,2.0,cma,129.0
202103121100,54857.0,1.0,9.0,4.0,63.0,190.0,2.0,11.8,2.0,51.0,1024.3,7.0,0.6,2.0,cma,129.0
202103121200,54857.0,1.0,9.0,4.0,66.0,210.0,2.0,9.6,2.2,59.9,1025.7,2.0,1.3,2.0,cma,107.0
202103121300,54857.0,1.0,9.0,4.0,66.0,210.0,2.0,9.6,2.2,59.9,1025.7,2.0,1.3,2.0,cma,107.0
202103121400,54857.0,1.0,9.0,4.0,66.0,210.0,2.0,9.6,2.2,59.9,1025.7,2.0,1.3,2.0,cma,107.0
202103121500,54857.0,1.0,9.0,4.0,61.0,360.0,2.0,9.3,2.6,62.9,1026.1,2.0,0.5,2.0,cma,52.0
202103121600,54857.0,1.0,9.0,4.0,61.0,360.0,2.0,9.3,2.6,62.9,1026.1,2.0,0.5,2.0,cma,52.0
202103121700,54857.0,1.0,9.0,4.0,61.0,360.0,2.0,9.3,2.6,62.9,1026.1,2.0,0.5,2.0,cma,52.0
202103121800,54857.0,1.0,9.0,4.0,56.0,340.0,2.0,8.6,3.2,68.8,1025.2,7.0,0.9,2.0,cma,59.0
202103121900,54857.0,1.0,9.0,4.0,56.0,340.0,2.0,8.6,3.2,68.8,1025.2,7.0,0.9,2.0,cma,59.0
202103122000,54857.0,1.0,9.0,4.0,56.0,340.0,2.0,8.6,3.2,68.8,1025.2,7.0,0.9,2.0,cma,59.0
202103122100,54857.0,1.0,9.0,4.0,37.0,310.0,1.0,7.5,3.2,74.1,1024.1,7.0,1.1,2.0,cma,51.0
202103122200,54857.0,1.0,9.0,4.0,37.0,310.0,1.0,7.5,3.2,74.1,1024.1,7.0,1.1,2.0,cma,51.0
202103122300,54857.0,1.0,9.0,4.0,37.0,310.0,1.0,7.5,3.2,74.1,1024.1,7.0,1.1,2.0,cma,51.0
202103130000,54857.0,1.0,9.0,4.0,43.0,190.0,0.0,9.1,3.5,67.9,1025.2,2.0,1.1,2.0,cma,59.0
202103130100,54857.0,1.0,9.0,4.0,43.0,190.0,0.0,9.1,3.5,67.9,1025.2,2.0,1.1,2.0,cma,59.0
202103130200,54857.0,1.0,9.0,4.0,43.0,190.0,0.0,9.1,3.5,67.9,1025.2,2.0,1.1,2.0,cma,59.0
202103130300,54857.0,1.0,9.0,4.0,42.0,270.0,2.0,14.1,4.9,53.8,1024.8,7.0,0.3,2.0,cma,51.0
202103130400,54857.0,1.0,9.0,4.0,42.0,270.0,2.0,14.1,4.9,53.8,1024.8,7.0,0.3,2.0,cma,51.0
202103130500,54857.0,1.0,9.0,4.0,42.0,270.0,2.0,14.1,4.9,53.8,1024.8,7.0,0.3,2.0,cma,51.0
202103130600,54857.0,1.0,9.0,4.0,36.0,160.0,3.0,12.8,5.0,59.0,1022.2,7.0,2.7,2.0,cma,118.0
202103130700,54857.0,1.0,9.0,4.0,36.0,160.0,3.0,12.8,5.0,59.0,1022.2,7.0,2.7,2.0,cma,118.0
202103130800,54857.0,1.0,9.0,4.0,36.0,160.0,3.0,12.8,5.0,59.0,1022.2,7.0,2.7,2.0,cma,118.0
202103130900,54857.0,1.0,9.0,4.0,33.0,170.0,4.0,10.9,4.8,66.0,1021.1,7.0,1.1,2.0,cma,107.0
202103131000,54857.0,1.0,9.0,4.0,33.0,170.0,4.0,10.9,4.8,66.0,1021.1,7.0,1.1,2.0,cma,107.0
202103131100,54857.0,1.0,9.0,4.0,33.0,170.0,4.0,10.9,4.8,66.0,1021.1,7.0,1.1,2.0,cma,107.0
202103131200,54857.0,1.0,9.0,4.0,33.0,170.0,3.0,9.6,4.8,72.0,1021.2,2.0,0.1,2.0,cma,95.0
202103131300,54857.0,1.0,9.0,4.0,33.0,170.0,3.0,9.6,4.8,72.0,1021.2,2.0,0.1,2.0,cma,95.0
202103131400,54857.0,1.0,9.0,4.0,33.0,170.0,3.0,9.6,4.8,72.0,1021.2,2.0,0.1,2.0,cma,95.0
202103131500,54857.0,1.0,9.0,4.0,30.0,160.0,3.0,8.5,4.7,77.0,1021.2,2.0,0.1,2.0,cma,126.0
202103131600,54857.0,1.0,9.0,4.0,30.0,160.0,3.0,8.5,4.7,77.0,1021.2,2.0,0.1,2.0,cma,126.0
202103131700,54857.0,1.0,9.0,4.0,30.0,160.0,3.0,8.5,4.7,77.0,1021.2,2.0,0.1,2.0,cma,126.0
202103131800,54857.0,1.0,9.0,4.0,29.0,150.0,3.0,7.9,5.0,81.9,1020.8,7.0,0.5,2.0,cma,117.0
202103131900,54857.0,1.0,9.0,4.0,29.0,150.0,3.0,7.9,5.0,81.9,1020.8,7.0,0.5,2.0,cma,117.0
202103132000,54857.0,1.0,9.0,4.0,29.0,150.0,3.0,7.9,5.0,81.9,1020.8,7.0,0.5,2.0,cma,117.0
202103132100,54857.0,1.0,9.0,4.0,21.0,160.0,3.0,7.4,5.2,85.9,1020.3,7.0,0.5,2.0,cma,99.0
202103132200,54857.0,1.0,9.0,4.0,21.0,160.0,3.0,7.4,5.2,85.9,1020.3,7.0,0.5,2.0,cma,99.0
202103132300,54857.0,1.0,9.0,4.0,21.0,160.0,3.0,7.4,5.2,85.9,1020.3,7.0,0.5,2.0,cma,99.0
202103140000,54857.0,1.0,9.0,4.0,18.0,160.0,3.0,8.2,6.2,87.2,1021.7,2.0,1.4,2.0,cma,99.0
202103140100,54857.0,1.0,9.0,4.0,18.0,160.0,3.0,8.2,6.2,87.2,1021.7,2.0,1.4,2.0,cma,99.0
202103140200,54857.0,1.0,9.0,4.0,18.0,160.0,3.0,8.2,6.2,87.2,1021.7,2.0,1.4,2.0,cma,99.0
202103140300,54857.0,1.0,9.0,4.0,25.0,170.0,3.0,11.1,6.0,70.8,1021.4,7.0,0.3,2.0,cma,86.0
202103140400,54857.0,1.0,9.0,4.0,25.0,170.0,3.0,11.1,6.0,70.8,1021.4,7.0,0.3,2.0,cma,86.0
202103140500,54857.0,1.0,9.0,4.0,25.0,170.0,3.0,11.1,6.0,70.8,1021.4,7.0,0.3,2.0,cma,86.0
202103140600,54857.0,1.0,9.0,4.0,37.0,180.0,4.0,11.4,5.1,65.2,1018.9,7.0,2.5,2.0,cma,99.0
202103140700,54857.0,1.0,9.0,4.0,37.0,180.0,4.0,11.4,5.1,65.2,1018.9,7.0,2.5,2.0,cma,99.0
202103140800,54857.0,1.0,9.0,4.0,37.0,180.0,4.0,11.4,5.1,65.2,1018.9,7.0,2.5,2.0,cma,99.0
202103140900,54857.0,1.0,9.0,4.0,41.0,150.0,4.0,9.4,4.0,69.0,1017.2,7.0,1.7,2.0,cma,102.0
202103141000,54857.0,1.0,9.0,4.0,41.0,150.0,4.0,9.4,4.0,69.0,1017.2,7.0,1.7,2.0,cma,102.0
202103141100,54857.0,1.0,9.0,4.0,41.0,150.0,4.0,9.4,4.0,69.0,1017.2,7.0,1.7,2.0,cma,102.0
202103141200,54857.0,1.0,9.0,4.0,50.0,140.0,3.0,8.0,4.8,80.2,1016.6,7.0,0.6,2.0,cma,105.0
202103141300,54857.0,1.0,9.0,4.0,50.0,140.0,3.0,8.0,4.8,80.2,1016.6,7.0,0.6,2.0,cma,105.0
202103141400,54857.0,1.0,9.0,4.0,50.0,140.0,3.0,8.0,4.8,80.2,1016.6,7.0,0.6,2.0,cma,105.0
202103141500,54857.0,1.0,9.0,4.0,27.0,150.0,4.0,7.7,5.7,87.1,1015.7,7.0,0.8,2.0,cma,95.0
202103141600,54857.0,1.0,9.0,4.0,27.0,150.0,4.0,7.7,5.7,87.1,1015.7,7.0,0.8,2.0,cma,95.0
202103141700,54857.0,1.0,9.0,4.0,27.0,150.0,4.0,7.7,5.7,87.1,1015.7,7.0,0.8,2.0,cma,95.0
202103141800,54857.0,1.0,9.0,4.0,38.0,150.0,3.0,7.9,5.2,83.0,1014.6,7.0,1.1,2.0,cma,81.0
202103141900,54857.0,1.0,9.0,4.0,38.0,150.0,3.0,7.9,5.2,83.0,1014.6,7.0,1.1,2.0,cma,81.0
202103142000,54857.0,1.0,9.0,4.0,38.0,150.0,3.0,7.9,5.2,83.0,1014.6,7.0,1.1,2.0,cma,81.0
202103142100,54857.0,1.0,9.0,4.0,49.0,150.0,4.0,8.0,5.5,84.2,1013.4,7.0,1.2,2.0,cma,62.0
202103142200,54857.0,1.0,9.0,4.0,49.0,150.0,4.0,8.0,5.5,84.2,1013.4,7.0,1.2,2.0,cma,62.0
202103142300,54857.0,1.0,9.0,4.0,49.0,150.0,4.0,8.0,5.5,84.2,1013.4,7.0,1.2,2.0,cma,62.0
202103150000,54857.0,1.0,9.0,4.0,25.0,130.0,4.0,7.9,6.5,90.9,1013.8,2.0,0.3,2.0,cma,79.0
202103150100,54857.0,1.0,9.0,4.0,25.0,130.0,4.0,7.9,6.5,90.9,1013.8,2.0,0.3,2.0,cma,79.0
202103150200,54857.0,1.0,9.0,4.0,25.0,130.0,4.0,7.9,6.5,90.9,1013.8,2.0,0.3,2.0,cma,79.0
202103150300,54857.0,1.0,9.0,4.0,3.0,140.0,4.0,8.1,7.7,97.3,1014.1,2.0,0.3,2.0,cma,69.0
202103150400,54857.0,1.0,9.0,4.0,3.0,140.0,4.0,8.1,7.7,97.3,1014.1,2.0,0.3,2.0,cma,69.0
202103150500,54857.0,1.0,9.0,4.0,3.0,140.0,4.0,8.1,7.7,97.3,1014.1,2.0,0.3,2.0,cma,69.0
202103150600,54857.0,1.0,9.0,4.0,45.0,150.0,2.0,10.0,8.6,91.0,1012.2,7.0,1.8,2.0,cma,58.0
202103150700,54857.0,1.0,9.0,4.0,45.0,150.0,2.0,10.0,8.6,91.0,1012.2,7.0,1.8,2.0,cma,58.0
202103150800,54857.0,1.0,9.0,4.0,45.0,150.0,2.0,10.0,8.6,91.0,1012.2,7.0,1.8,2.0,cma,58.0
202103150900,54857.0,1.0,9.0,4.0,42.0,340.0,4.0,10.5,8.3,86.2,1013.0,2.0,0.8,2.0,cma,55.0
202103151000,54857.0,1.0,9.0,4.0,42.0,340.0,4.0,10.5,8.3,86.2,1013.0,2.0,0.8,2.0,cma,55.0
202103151100,54857.0,1.0,9.0,4.0,42.0,340.0,4.0,10.5,8.3,86.2,1013.0,2.0,0.8,2.0,cma,55.0
202103151200,54857.0,1.0,9.0,4.0,15.0,340.0,5.0,10.6,9.2,91.0,1015.9,2.0,2.9,2.0,cma,76.0
202103151300,54857.0,1.0,9.0,4.0,15.0,340.0,5.0,10.6,9.2,91.0,1015.9,2.0,2.9,2.0,cma,76.0
202103151400,54857.0,1.0,9.0,4.0,15.0,340.0,5.0,10.6,9.2,91.0,1015.9,2.0,2.9,2.0,cma,76.0
202103151500,54857.0,1.0,9.0,4.0,16.0,340.0,8.0,9.4,4.8,72.9,1016.9,2.0,0.9,2.0,cma,25.0
202103151600,54857.0,1.0,9.0,4.0,16.0,340.0,8.0,9.4,4.8,72.9,1016.9,2.0,0.9,2.0,cma,25.0
202103151700,54857.0,1.0,9.0,4.0,16.0,340.0,8.0,9.4,4.8,72.9,1016.9,2.0,0.9,2.0,cma,25.0
202103151800,54857.0,1.0,9.0,4.0,35.0,340.0,6.0,7.3,0.3,61.1,1017.9,2.0,1.0,2.0,cma,55.0
202103151900,54857.0,1.0,9.0,4.0,35.0,340.0,6.0,7.3,0.3,61.1,1017.9,2.0,1.0,2.0,cma,55.0
202103152000,54857.0,1.0,9.0,4.0,35.0,340.0,6.0,7.3,0.3,61.1,1017.9,2.0,1.0,2.0,cma,55.0
202103152100,54857.0,1.0,9.0,4.0,45.0,340.0,5.0,5.4,0.6,71.2,1020.2,2.0,2.3,2.0,cma,89.0
202103152200,54857.0,1.0,9.0,4.0,45.0,340.0,5.0,5.4,0.6,71.2,1020.2,2.0,2.3,2.0,cma,89.0
202103152300,54857.0,1.0,9.0,4.0,45.0,340.0,5.0,5.4,0.6,71.2,1020.2,2.0,2.3,2.0,cma,89.0
202103160000,54857.0,1.0,9.0,4.0,42.0,330.0,3.0,6.5,0.0,63.1,1022.5,2.0,2.3,2.0,cma,166.0
202103160100,54857.0,1.0,9.0,4.0,42.0,330.0,3.0,6.5,0.0,63.1,1022.5,2.0,2.3,2.0,cma,166.0
202103160200,54857.0,1.0,9.0,4.0,42.0,330.0,3.0,6.5,0.0,63.1,1022.5,2.0,2.3,2.0,cma,166.0
202103160300,54857.0,1.0,9.0,4.0,64.0,10.0,5.0,11.4,-11.4,19.0,1022.7,2.0,0.2,2.0,cma,294.0
202103160400,54857.0,1.0,9.0,4.0,64.0,10.0,5.0,11.4,-11.4,19.0,1022.7,2.0,0.2,2.0,cma,294.0
202103160500,54857.0,1.0,9.0,4.0,64.0,10.0,5.0,11.4,-11.4,19.0,1022.7,2.0,0.2,2.0,cma,294.0
202103160600,54857.0,1.0,9.0,4.0,62.0,170.0,3.0,10.6,-2.8,38.9,1021.2,7.0,1.5,2.0,cma,262.0
202103160700,54857.0,1.0,9.0,4.0,62.0,170.0,3.0,10.6,-2.8,38.9,1021.2,7.0,1.5,2.0,cma,262.0
202103160800,54857.0,1.0,9.0,4.0,62.0,170.0,3.0,10.6,-2.8,38.9,1021.2,7.0,1.5,2.0,cma,262.0
202103160900,54857.0,1.0,9.0,4.0,76.0,170.0,4.0,8.1,-1.7,50.0,1021.1,7.0,0.2,2.0,cma,228.0
202103161000,54857.0,1.0,9.0,4.0,76.0,170.0,4.0,8.1,-1.7,50.0,1021.1,7.0,0.2,2.0,cma,228.0
202103161100,54857.0,1.0,9.0,4.0,76.0,170.0,4.0,8.1,-1.7,50.0,1021.1,7.0,0.2,2.0,cma,228.0
202103161200,54857.0,1.0,9.0,4.0,71.0,180.0,2.0,6.4,0.5,65.9,1022.3,2.0,1.2,2.0,cma,117.0
202103161300,54857.0,1.0,9.0,4.0,71.0,180.0,2.0,6.4,0.5,65.9,1022.3,2.0,1.2,2.0,cma,117.0
202103161400,54857.0,1.0,9.0,4.0,71.0,180.0,2.0,6.4,0.5,65.9,1022.3,2.0,1.2,2.0,cma,117.0
202103161500,54857.0,1.0,9.0,4.0,76.0,210.0,1.0,5.6,-5.4,45.0,1023.3,2.0,1.1,2.0,cma,85.0
202103161600,54857.0,1.0,9.0,4.0,76.0,210.0,1.0,5.6,-5.4,45.0,1023.3,2.0,1.1,2.0,cma,85.0
202103161700,54857.0,1.0,9.0,4.0,76.0,210.0,1.0,5.6,-5.4,45.0,1023.3,2.0,1.1,2.0,cma,85.0
202103161800,54857.0,1.0,9.0,4.0,69.0,90.0,1.0,5.7,-2.9,53.9,1021.9,7.0,1.4,2.0,cma,36.0
202103161900,54857.0,1.0,9.0,4.0,69.0,90.0,1.0,5.7,-2.9,53.9,1021.9,7.0,1.4,2.0,cma,36.0
202103162000,54857.0,1.0,9.0,4.0,69.0,90.0,1.0,5.7,-2.9,53.9,1021.9,7.0,1.4,2.0,cma,36.0
202103162100,54857.0,1.0,9.0,4.0,62.0,310.0,1.0,4.8,-2.1,60.9,1021.9,7.0,0.1,2.0,cma,34.0
202103162200,54857.0,1.0,9.0,4.0,62.0,310.0,1.0,4.8,-2.1,60.9,1021.9,7.0,0.1,2.0,cma,34.0
202103162300,54857.0,1.0,9.0,4.0,62.0,310.0,1.0,4.8,-2.1,60.9,1021.9,7.0,0.1,2.0,cma,34.0
202103170000,54857.0,1.0,9.0,4.0,73.0,150.0,2.0,6.4,0.5,65.9,1022.8,2.0,0.9,2.0,cma,32.0
202103170100,54857.0,1.0,9.0,4.0,73.0,150.0,2.0,6.4,0.5,65.9,1022.8,2.0,0.9,2.0,cma,32.0
202103170200,54857.0,1.0,9.0,4.0,73.0,150.0,2.0,6.4,0.5,65.9,1022.8,2.0,0.9,2.0,cma,32.0
202103170300,54857.0,1.0,9.0,4.0,73.0,130.0,3.0,9.7,-7.9,28.1,1022.6,7.0,0.2,2.0,cma,40.0
202103170400,54857.0,1.0,9.0,4.0,73.0,130.0,3.0,9.7,-7.9,28.1,1022.6,7.0,0.2,2.0,cma,40.0
202103170500,54857.0,1.0,9.0,4.0,73.0,130.0,3.0,9.7,-7.9,28.1,1022.6,7.0,0.2,2.0,cma,40.0
202103170600,54857.0,1.0,9.0,4.0,80.0,130.0,5.0,9.3,-11.9,21.0,1021.8,7.0,0.8,2.0,cma,61.0
202103170700,54857.0,1.0,9.0,4.0,80.0,130.0,5.0,9.3,-11.9,21.0,1021.8,7.0,0.8,2.0,cma,61.0
202103170800,54857.0,1.0,9.0,4.0,80.0,130.0,5.0,9.3,-11.9,21.0,1021.8,7.0,0.8,2.0,cma,61.0
202103170900,54857.0,1.0,9.0,4.0,77.0,180.0,2.0,8.0,-3.5,44.0,1021.8,4.0,0.0,2.0,cma,63.0
202103171000,54857.0,1.0,9.0,4.0,77.0,180.0,2.0,8.0,-3.5,44.0,1021.8,4.0,0.0,2.0,cma,63.0
202103171100,54857.0,1.0,9.0,4.0,77.0,180.0,2.0,8.0,-3.5,44.0,1021.8,4.0,0.0,2.0,cma,63.0
202103171200,54857.0,1.0,9.0,4.0,80.0,160.0,2.0,6.6,-1.8,55.0,1022.7,2.0,0.9,2.0,cma,29.0
202103171300,54857.0,1.0,9.0,4.0,80.0,160.0,2.0,6.6,-1.8,55.0,1022.7,2.0,0.9,2.0,cma,29.0
202103171400,54857.0,1.0,9.0,4.0,80.0,160.0,2.0,6.6,-1.8,55.0,1022.7,2.0,0.9,2.0,cma,29.0
202103171500,54857.0,1.0,9.0,4.0,73.0,150.0,1.0,5.8,-1.8,58.1,1023.1,2.0,0.4,2.0,cma,33.0
202103171600,54857.0,1.0,9.0,4.0,73.0,150.0,1.0,5.8,-1.8,58.1,1023.1,2.0,0.4,2.0,cma,33.0
202103171700,54857.0,1.0,9.0,4.0,73.0,150.0,1.0,5.8,-1.8,58.1,1023.1,2.0,0.4,2.0,cma,33.0
202103171800,54857.0,1.0,9.0,4.0,70.0,40.0,1.0,5.8,-4.4,47.8,1021.7,7.0,1.4,2.0,cma,39.0
202103171900,54857.0,1.0,9.0,4.0,70.0,40.0,1.0,5.8,-4.4,47.8,1021.7,7.0,1.4,2.0,cma,39.0
202103172000,54857.0,1.0,9.0,4.0,70.0,40.0,1.0,5.8,-4.4,47.8,1021.7,7.0,1.4,2.0,cma,39.0
202103172100,54857.0,1.0,9.0,4.0,66.0,320.0,1.0,6.0,0.5,67.8,1021.9,2.0,0.2,2.0,cma,38.0
202103172200,54857.0,1.0,9.0,4.0,66.0,320.0,1.0,6.0,0.5,67.8,1021.9,2.0,0.2,2.0,cma,38.0
202103172300,54857.0,1.0,9.0,4.0,66.0,320.0,1.0,6.0,0.5,67.8,1021.9,2.0,0.2,2.0,cma,38.0
202103180000,54857.0,1.0,9.0,4.0,59.0,330.0,1.0,7.9,-1.1,52.9,1022.0,2.0,0.1,2.0,cma,34.0
202103180100,54857.0,1.0,9.0,4.0,59.0,330.0,1.0,7.9,-1.1,52.9,1022.0,2.0,0.1,2.0,cma,34.0
202103180200,54857.0,1.0,9.0,4.0,59.0,330.0,1.0,7.9,-1.1,52.9,1022.0,2.0,0.1,2.0,cma,34.0
202103180300,54857.0,1.0,9.0,4.0,61.0,310.0,2.0,10.5,-4.3,35.0,1022.1,2.0,0.2,2.0,cma,41.0
202103180400,54857.0,1.0,9.0,4.0,61.0,310.0,2.0,10.5,-4.3,35.0,1022.1,2.0,0.2,2.0,cma,41.0
202103180500,54857.0,1.0,9.0,4.0,61.0,310.0,2.0,10.5,-4.3,35.0,1022.1,2.0,0.2,2.0,cma,41.0
202103180600,54857.0,1.0,9.0,4.0,68.0,320.0,4.0,12.9,-5.2,27.9,1020.8,7.0,1.3,2.0,cma,50.0
202103180700,54857.0,1.0,9.0,4.0,68.0,320.0,4.0,12.9,-5.2,27.9,1020.8,7.0,1.3,2.0,cma,50.0
202103180800,54857.0,1.0,9.0,4.0,68.0,320.0,4.0,12.9,-5.2,27.9,1020.8,7.0,1.3,2.0,cma,50.0
202103180900,54857.0,1.0,9.0,4.0,68.0,320.0,4.0,12.9,-5.2,27.9,1020.8,7.0,1.3,2.0,cma,50.0
202103181000,54857.0,1.0,9.0,4.0,68.0,320.0,4.0,12.9,-5.2,27.9,1020.8,7.0,1.3,2.0,cma,50.0
202103181100,54857.0,1.0,9.0,4.0,68.0,320.0,4.0,12.9,-5.2,27.9,1020.8,7.0,1.3,2.0,cma,50.0
202103181200,54857.0,1.0,9.0,4.0,68.0,120.0,1.0,9.5,-3.1,41.0,1021.4,2.0,1.1,2.0,cma,127.0
202103181300,54857.0,1.0,9.0,4.0,68.0,120.0,1.0,9.5,-3.1,41.0,1021.4,2.0,1.1,2.0,cma,127.0
202103181400,54857.0,1.0,9.0,4.0,68.0,120.0,1.0,9.5,-3.1,41.0,1021.4,2.0,1.1,2.0,cma,127.0
202103181500,54857.0,1.0,9.0,4.0,62.0,100.0,1.0,7.1,1.2,66.1,1022.2,2.0,0.8,2.0,cma,75.0
202103181600,54857.0,1.0,9.0,4.0,62.0,100.0,1.0,7.1,1.2,66.1,1022.2,2.0,0.8,2.0,cma,75.0
202103181700,54857.0,1.0,9.0,4.0,62.0,100.0,1.0,7.1,1.2,66.1,1022.2,2.0,0.8,2.0,cma,75.0
202103181800,54857.0,1.0,9.0,4.0,60.0,310.0,3.0,5.9,-1.5,59.0,1021.6,7.0,0.6,2.0,cma,103.0
202103181900,54857.0,1.0,9.0,4.0,60.0,310.0,3.0,5.9,-1.5,59.0,1021.6,7.0,0.6,2.0,cma,103.0
202103182000,54857.0,1.0,9.0,4.0,60.0,310.0,3.0,5.9,-1.5,59.0,1021.6,7.0,0.6,2.0,cma,103.0
202103182100,54857.0,1.0,9.0,4.0,56.0,340.0,4.0,4.3,0.4,75.7,1021.0,7.0,0.7,2.0,cma,92.0
202103182200,54857.0,1.0,9.0,4.0,56.0,340.0,4.0,4.3,0.4,75.7,1021.0,7.0,0.7,2.0,cma,92.0
202103182300,54857.0,1.0,9.0,4.0,56.0,340.0,4.0,4.3,0.4,75.7,1021.0,7.0,0.7,2.0,cma,92.0
202103190000,54857.0,1.0,9.0,4.0,56.0,330.0,4.0,4.9,0.3,72.1,1021.7,2.0,0.7,2.0,cma,72.0
202103190100,54857.0,1.0,9.0,4.0,56.0,330.0,4.0,4.9,0.3,72.1,1021.7,2.0,0.7,2.0,cma,72.0
202103190200,54857.0,1.0,9.0,4.0,56.0,330.0,4.0,4.9,0.3,72.1,1021.7,2.0,0.7,2.0,cma,72.0
202103190300,54857.0,1.0,9.0,4.0,57.0,330.0,3.0,8.6,-2.1,46.9,1021.0,7.0,0.6,2.0,cma,91.0
202103190400,54857.0,1.0,9.0,4.0,57.0,330.0,3.0,8.6,-2.1,46.9,1021.0,7.0,0.6,2.0,cma,91.0
202103190500,54857.0,1.0,9.0,4.0,57.0,330.0,3.0,8.6,-2.1,46.9,1021.0,7.0,0.6,2.0,cma,91.0
202103190600,54857.0,1.0,9.0,4.0,65.0,150.0,3.0,9.4,0.0,51.8,1018.3,7.0,2.7,2.0,cma,108.0
202103190700,54857.0,1.0,9.0,4.0,65.0,150.0,3.0,9.4,0.0,51.8,1018.3,7.0,2.7,2.0,cma,108.0
202103190800,54857.0,1.0,9.0,4.0,65.0,150.0,3.0,9.4,0.0,51.8,1018.3,7.0,2.7,2.0,cma,108.0
202103190900,54857.0,1.0,9.0,4.0,66.0,140.0,3.0,7.6,0.3,59.8,1017.6,7.0,0.8,2.0,cma,84.0
202103191000,54857.0,1.0,9.0,4.0,66.0,140.0,3.0,7.6,0.3,59.8,1017.6,7.0,0.8,2.0,cma,84.0
202103191100,54857.0,1.0,9.0,4.0,66.0,140.0,3.0,7.6,0.3,59.8,1017.6,7.0,0.8,2.0,cma,84.0
202103191200,54857.0,1.0,9.0,4.0,69.0,150.0,2.0,8.0,-2.6,47.1,1017.7,2.0,0.1,2.0,cma,123.0
202103191300,54857.0,1.0,9.0,4.0,69.0,150.0,2.0,8.0,-2.6,47.1,1017.7,2.0,0.1,2.0,cma,123.0
202103191400,54857.0,1.0,9.0,4.0,69.0,150.0,2.0,8.0,-2.6,47.1,1017.7,2.0,0.1,2.0,cma,123.0
202103191500,54857.0,1.0,9.0,4.0,66.0,300.0,1.0,8.2,-3.0,45.1,1017.6,4.0,0.0,2.0,cma,68.0
202103191600,54857.0,1.0,9.0,4.0,66.0,300.0,1.0,8.2,-3.0,45.1,1017.6,4.0,0.0,2.0,cma,68.0
202103191700,54857.0,1.0,9.0,4.0,66.0,300.0,1.0,8.2,-3.0,45.1,1017.6,4.0,0.0,2.0,cma,68.0
202103191800,54857.0,1.0,9.0,4.0,63.0,320.0,4.0,8.0,-1.0,53.0,1016.8,7.0,0.8,2.0,cma,58.0
202103191900,54857.0,1.0,9.0,4.0,63.0,320.0,4.0,8.0,-1.0,53.0,1016.8,7.0,0.8,2.0,cma,58.0
202103192000,54857.0,1.0,9.0,4.0,63.0,320.0,4.0,8.0,-1.0,53.0,1016.8,7.0,0.8,2.0,cma,58.0
202103192100,54857.0,1.0,9.0,4.0,67.0,360.0,6.0,5.3,-1.8,60.1,1017.1,2.0,0.3,2.0,cma,41.0
202103192200,54857.0,1.0,9.0,4.0,67.0,360.0,6.0,5.3,-1.8,60.1,1017.1,2.0,0.3,2.0,cma,41.0
202103192300,54857.0,1.0,9.0,4.0,67.0,360.0,6.0,5.3,-1.8,60.1,1017.1,2.0,0.3,2.0,cma,41.0
202103200000,54857.0,1.0,9.0,4.0,61.0,330.0,5.0,4.6,1.5,80.3,1018.3,2.0,1.1,2.0,cma,50.0
202103200100,54857.0,1.0,9.0,4.0,61.0,330.0,5.0,4.6,1.5,80.3,1018.3,2.0,1.1,2.0,cma,50.0
202103200200,54857.0,1.0,9.0,4.0,61.0,330.0,5.0,4.6,1.5,80.3,1018.3,2.0,1.1,2.0,cma,50.0
202103200300,54857.0,1.0,9.0,4.0,56.0,330.0,7.0,7.3,2.2,70.0,1017.7,7.0,0.5,2.0,cma,51.0
202103200400,54857.0,1.0,9.0,4.0,56.0,330.0,7.0,7.3,2.2,70.0,1017.7,7.0,0.5,2.0,cma,51.0
202103200500,54857.0,1.0,9.0,4.0,56.0,330.0,7.0,7.3,2.2,70.0,1017.7,7.0,0.5,2.0,cma,51.0
202103200600,54857.0,1.0,9.0,4.0,38.0,330.0,6.0,7.5,2.8,72.1,1016.9,7.0,0.8,2.0,cma,68.0
202103200700,54857.0,1.0,9.0,4.0,38.0,330.0,6.0,7.5,2.8,72.1,1016.9,7.0,0.8,2.0,cma,68.0
202103200800,54857.0,1.0,9.0,4.0,38.0,330.0,6.0,7.5,2.8,72.1,1016.9,7.0,0.8,2.0,cma,68.0
202103200900,54857.0,1.0,9.0,4.0,35.0,330.0,5.0,7.7,3.2,73.1,1017.9,2.0,0.9,2.0,cma,50.0
202103201000,54857.0,1.0,9.0,4.0,35.0,330.0,5.0,7.7,3.2,73.1,1017.9,2.0,0.9,2.0,cma,50.0
202103201100,54857.0,1.0,9.0,4.0,35.0,330.0,5.0,7.7,3.2,73.1,1017.9,2.0,0.9,2.0,cma,50.0
202103201200,54857.0,1.0,9.0,4.0,25.0,330.0,4.0,7.4,4.2,80.1,1019.7,2.0,1.8,2.0,cma,42.0
202103201300,54857.0,1.0,9.0,4.0,25.0,330.0,4.0,7.4,4.2,80.1,1019.7,2.0,1.8,2.0,cma,42.0
202103201400,54857.0,1.0,9.0,4.0,25.0,330.0,4.0,7.4,4.2,80.1,1019.7,2.0,1.8,2.0,cma,42.0
202103201500,54857.0,1.0,9.0,4.0,27.0,310.0,4.0,8.0,4.2,76.9,1020.2,2.0,0.6,2.0,cma,65.0
202103201600,54857.0,1.0,9.0,4.0,27.0,310.0,4.0,8.0,4.2,76.9,1020.2,2.0,0.6,2.0,cma,65.0
202103201700,54857.0,1.0,9.0,4.0,27.0,310.0,4.0,8.0,4.2,76.9,1020.2,2.0,0.6,2.0,cma,65.0
202103201800,54857.0,1.0,9.0,4.0,69.0,330.0,7.0,8.1,-3.4,44.0,1020.9,2.0,0.7,2.0,cma,76.0
202103201900,54857.0,1.0,9.0,4.0,69.0,330.0,7.0,8.1,-3.4,44.0,1020.9,2.0,0.7,2.0,cma,76.0
202103202000,54857.0,1.0,9.0,4.0,69.0,330.0,7.0,8.1,-3.4,44.0,1020.9,2.0,0.7,2.0,cma,76.0
202103202100,54857.0,1.0,9.0,4.0,80.0,330.0,8.0,6.2,-5.1,44.1,1021.8,2.0,0.8,2.0,cma,123.0
202103202200,54857.0,1.0,9.0,4.0,80.0,330.0,8.0,6.2,-5.1,44.1,1021.8,2.0,0.8,2.0,cma,123.0
202103202300,54857.0,1.0,9.0,4.0,80.0,330.0,8.0,6.2,-5.1,44.1,1021.8,2.0,0.8,2.0,cma,123.0
202103210000,54857.0,1.0,9.0,4.0,80.0,330.0,8.0,5.4,-6.8,41.0,1024.0,2.0,2.2,2.0,cma,131.0
202103210100,54857.0,1.0,9.0,4.0,80.0,330.0,8.0,5.4,-6.8,41.0,1024.0,2.0,2.2,2.0,cma,131.0
202103210200,54857.0,1.0,9.0,4.0,80.0,330.0,8.0,5.4,-6.8,41.0,1024.0,2.0,2.2,2.0,cma,131.0
202103210300,54857.0,1.0,9.0,4.0,80.0,330.0,10.0,6.8,-10.4,28.1,1024.7,2.0,0.7,2.0,cma,58.0
202103210400,54857.0,1.0,9.0,4.0,80.0,330.0,10.0,6.8,-10.4,28.1,1024.7,2.0,0.7,2.0,cma,58.0
202103210500,54857.0,1.0,9.0,4.0,80.0,330.0,10.0,6.8,-10.4,28.1,1024.7,2.0,0.7,2.0,cma,58.0
202103210600,54857.0,1.0,9.0,4.0,80.0,330.0,9.0,8.0,-7.7,32.0,1023.9,7.0,0.8,2.0,cma,35.0
202103210700,54857.0,1.0,9.0,4.0,80.0,330.0,9.0,8.0,-7.7,32.0,1023.9,7.0,0.8,2.0,cma,35.0
202103210800,54857.0,1.0,9.0,4.0,80.0,330.0,9.0,8.0,-7.7,32.0,1023.9,7.0,0.8,2.0,cma,35.0
202103210900,54857.0,1.0,9.0,4.0,80.0,340.0,9.0,7.2,-9.2,30.0,1024.5,2.0,0.6,2.0,cma,21.0
202103211000,54857.0,1.0,9.0,4.0,80.0,340.0,9.0,7.2,-9.2,30.0,1024.5,2.0,0.6,2.0,cma,21.0
202103211100,54857.0,1.0,9.0,4.0,80.0,340.0,9.0,7.2,-9.2,30.0,1024.5,2.0,0.6,2.0,cma,21.0
202103211200,54857.0,1.0,9.0,4.0,80.0,340.0,5.0,6.0,-7.9,36.1,1026.8,2.0,2.2,2.0,cma,51.0
202103211300,54857.0,1.0,9.0,4.0,80.0,340.0,5.0,6.0,-7.9,36.1,1026.8,2.0,2.2,2.0,cma,51.0
202103211400,54857.0,1.0,9.0,4.0,80.0,340.0,5.0,6.0,-7.9,36.1,1026.8,2.0,2.2,2.0,cma,51.0
202103211500,54857.0,1.0,9.0,4.0,77.0,250.0,2.0,4.7,-6.5,44.0,1027.0,2.0,0.2,2.0,cma,23.0
202103211600,54857.0,1.0,9.0,4.0,77.0,250.0,2.0,4.7,-6.5,44.0,1027.0,2.0,0.2,2.0,cma,23.0
202103211700,54857.0,1.0,9.0,4.0,77.0,250.0,2.0,4.7,-6.5,44.0,1027.0,2.0,0.2,2.0,cma,23.0
202103211800,54857.0,1.0,9.0,4.0,80.0,240.0,2.0,5.6,-7.6,38.0,1026.0,7.0,0.9,2.0,cma,26.0
202103211900,54857.0,1.0,9.0,4.0,80.0,240.0,2.0,5.6,-7.6,38.0,1026.0,7.0,0.9,2.0,cma,26.0
202103212000,54857.0,1.0,9.0,4.0,80.0,240.0,2.0,5.6,-7.6,38.0,1026.0,7.0,0.9,2.0,cma,26.0
202103212100,54857.0,1.0,9.0,4.0,80.0,260.0,2.0,6.2,-6.7,39.1,1025.1,7.0,0.9,2.0,cma,24.0
202103212200,54857.0,1.0,9.0,4.0,80.0,260.0,2.0,6.2,-6.7,39.1,1025.1,7.0,0.9,2.0,cma,24.0
202103212300,54857.0,1.0,9.0,4.0,80.0,260.0,2.0,6.2,-6.7,39.1,1025.1,7.0,0.9,2.0,cma,24.0
202103220000,54857.0,1.0,9.0,4.0,73.0,290.0,1.0,8.9,-6.9,32.0,1025.6,2.0,0.5,2.0,cma,31.0
202103220100,54857.0,1.0,9.0,4.0,73.0,290.0,1.0,8.9,-6.9,32.0,1025.6,2.0,0.5,2.0,cma,31.0
202103220200,54857.0,1.0,9.0,4.0,73.0,290.0,1.0,8.9,-6.9,32.0,1025.6,2.0,0.5,2.0,cma,31.0
202103220300,54857.0,1.0,9.0,4.0,74.0,310.0,4.0,13.1,-5.5,26.9,1025.3,7.0,0.2,2.0,cma,39.0
202103220400,54857.0,1.0,9.0,4.0,74.0,310.0,4.0,13.1,-5.5,26.9,1025.3,7.0,0.2,2.0,cma,39.0
202103220500,54857.0,1.0,9.0,4.0,74.0,310.0,4.0,13.1,-5.5,26.9,1025.3,7.0,0.2,2.0,cma,39.0
202103220600,54857.0,1.0,9.0,4.0,75.0,260.0,3.0,16.4,-3.1,26.1,1022.8,7.0,2.4,2.0,cma,38.0
202103220700,54857.0,1.0,9.0,4.0,75.0,260.0,3.0,16.4,-3.1,26.1,1022.8,7.0,2.4,2.0,cma,38.0
202103220800,54857.0,1.0,9.0,4.0,75.0,260.0,3.0,16.4,-3.1,26.1,1022.8,7.0,2.4,2.0,cma,38.0
202103220900,54857.0,1.0,9.0,4.0,70.0,180.0,3.0,12.7,-0.5,40.1,1021.5,7.0,1.4,2.0,cma,28.0
202103221000,54857.0,1.0,9.0,4.0,70.0,180.0,3.0,12.7,-0.5,40.1,1021.5,7.0,1.4,2.0,cma,28.0
202103221100,54857.0,1.0,9.0,4.0,70.0,180.0,3.0,12.7,-0.5,40.1,1021.5,7.0,1.4,2.0,cma,28.0
202103221200,54857.0,1.0,9.0,4.0,67.0,160.0,1.0,10.8,-0.6,45.2,1022.0,2.0,0.5,2.0,cma,42.0
202103221300,54857.0,1.0,9.0,4.0,67.0,160.0,1.0,10.8,-0.6,45.2,1022.0,2.0,0.5,2.0,cma,42.0
202103221400,54857.0,1.0,9.0,4.0,67.0,160.0,1.0,10.8,-0.6,45.2,1022.0,2.0,0.5,2.0,cma,42.0
202103221500,54857.0,1.0,9.0,4.0,68.0,230.0,2.0,11.4,-4.3,33.0,1021.3,7.0,0.6,2.0,cma,48.0
202103221600,54857.0,1.0,9.0,4.0,68.0,230.0,2.0,11.4,-4.3,33.0,1021.3,7.0,0.6,2.0,cma,48.0
202103221700,54857.0,1.0,9.0,4.0,68.0,230.0,2.0,11.4,-4.3,33.0,1021.3,7.0,0.6,2.0,cma,48.0
202103221800,54857.0,1.0,9.0,4.0,70.0,240.0,3.0,10.7,-6.6,29.0,1020.3,7.0,0.9,2.0,cma,62.0
202103221900,54857.0,1.0,9.0,4.0,70.0,240.0,3.0,10.7,-6.6,29.0,1020.3,7.0,0.9,2.0,cma,62.0
202103222000,54857.0,1.0,9.0,4.0,70.0,240.0,3.0,10.7,-6.6,29.0,1020.3,7.0,0.9,2.0,cma,62.0
202103222100,54857.0,1.0,9.0,4.0,68.0,190.0,4.0,9.2,-1.5,47.1,1019.4,7.0,1.0,2.0,cma,73.0
202103222200,54857.0,1.0,9.0,4.0,68.0,190.0,4.0,9.2,-1.5,47.1,1019.4,7.0,1.0,2.0,cma,73.0
202103222300,54857.0,1.0,9.0,4.0,68.0,190.0,4.0,9.2,-1.5,47.1,1019.4,7.0,1.0,2.0,cma,73.0
202103230000,54857.0,1.0,9.0,4.0,63.0,180.0,4.0,9.8,1.9,57.8,1020.0,2.0,0.6,2.0,cma,78.0
202103230100,54857.0,1.0,9.0,4.0,63.0,180.0,4.0,9.8,1.9,57.8,1020.0,2.0,0.6,2.0,cma,78.0
202103230200,54857.0,1.0,9.0,4.0,63.0,180.0,4.0,9.8,1.9,57.8,1020.0,2.0,0.6,2.0,cma,78.0
202103230300,54857.0,1.0,9.0,4.0,63.0,180.0,4.0,12.7,2.8,50.9,1018.8,7.0,1.2,2.0,cma,73.0
202103230400,54857.0,1.0,9.0,4.0,63.0,180.0,4.0,12.7,2.8,50.9,1018.8,7.0,1.2,2.0,cma,73.0
202103230500,54857.0,1.0,9.0,4.0,63.0,180.0,4.0,12.7,2.8,50.9,1018.8,7.0,1.2,2.0,cma,73.0
202103230600,54857.0,1.0,9.0,4.0,61.0,180.0,4.0,12.3,3.5,54.9,1016.1,7.0,2.7,2.0,cma,108.0
202103230700,54857.0,1.0,9.0,4.0,61.0,180.0,4.0,12.3,3.5,54.9,1016.1,7.0,2.7,2.0,cma,108.0
202103230800,54857.0,1.0,9.0,4.0,61.0,180.0,4.0,12.3,3.5,54.9,1016.1,7.0,2.7,2.0,cma,108.0
202103230900,54857.0,1.0,9.0,4.0,65.0,170.0,3.0,12.1,3.3,54.8,1014.7,7.0,1.4,2.0,cma,63.0
202103231000,54857.0,1.0,9.0,4.0,65.0,170.0,3.0,12.1,3.3,54.8,1014.7,7.0,1.4,2.0,cma,63.0
202103231100,54857.0,1.0,9.0,4.0,65.0,170.0,3.0,12.1,3.3,54.8,1014.7,7.0,1.4,2.0,cma,63.0
202103231200,54857.0,1.0,9.0,4.0,57.0,170.0,4.0,9.3,5.3,76.0,1015.8,2.0,1.1,2.0,cma,68.0
202103231300,54857.0,1.0,9.0,4.0,57.0,170.0,4.0,9.3,5.3,76.0,1015.8,2.0,1.1,2.0,cma,68.0
202103231400,54857.0,1.0,9.0,4.0,57.0,170.0,4.0,9.3,5.3,76.0,1015.8,2.0,1.1,2.0,cma,68.0
202103231500,54857.0,1.0,9.0,4.0,56.0,170.0,4.0,8.7,6.0,83.1,1015.1,7.0,0.7,2.0,cma,66.0
202103231600,54857.0,1.0,9.0,4.0,56.0,170.0,4.0,8.7,6.0,83.1,1015.1,7.0,0.7,2.0,cma,66.0
202103231700,54857.0,1.0,9.0,4.0,56.0,170.0,4.0,8.7,6.0,83.1,1015.1,7.0,0.7,2.0,cma,66.0
202103231800,54857.0,1.0,9.0,4.0,58.0,180.0,4.0,9.1,4.5,72.9,1015.6,2.0,0.5,2.0,cma,54.0
202103231900,54857.0,1.0,9.0,4.0,58.0,180.0,4.0,9.1,4.5,72.9,1015.6,2.0,0.5,2.0,cma,54.0
202103232000,54857.0,1.0,9.0,4.0,58.0,180.0,4.0,9.1,4.5,72.9,1015.6,2.0,0.5,2.0,cma,54.0
202103232100,54857.0,1.0,9.0,4.0,56.0,160.0,5.0,8.7,4.7,75.9,1015.1,7.0,0.5,2.0,cma,76.0
202103232200,54857.0,1.0,9.0,4.0,56.0,160.0,5.0,8.7,4.7,75.9,1015.1,7.0,0.5,2.0,cma,76.0
202103232300,54857.0,1.0,9.0,4.0,56.0,160.0,5.0,8.7,4.7,75.9,1015.1,7.0,0.5,2.0,cma,76.0
202103240000,54857.0,1.0,9.0,4.0,50.0,160.0,4.0,10.0,5.6,74.1,1016.5,2.0,1.4,2.0,cma,67.0
202103240100,54857.0,1.0,9.0,4.0,50.0,160.0,4.0,10.0,5.6,74.1,1016.5,2.0,1.4,2.0,cma,67.0
202103240200,54857.0,1.0,9.0,4.0,50.0,160.0,4.0,10.0,5.6,74.1,1016.5,2.0,1.4,2.0,cma,67.0
202103240300,54857.0,1.0,9.0,4.0,57.0,170.0,4.0,12.3,4.8,60.1,1017.2,2.0,0.7,2.0,cma,66.0
202103240400,54857.0,1.0,9.0,4.0,57.0,170.0,4.0,12.3,4.8,60.1,1017.2,2.0,0.7,2.0,cma,66.0
202103240500,54857.0,1.0,9.0,4.0,57.0,170.0,4.0,12.3,4.8,60.1,1017.2,2.0,0.7,2.0,cma,66.0
202103240600,54857.0,1.0,9.0,4.0,56.0,170.0,3.0,14.8,5.0,51.8,1015.8,7.0,1.4,2.0,cma,69.0
202103240700,54857.0,1.0,9.0,4.0,56.0,170.0,3.0,14.8,5.0,51.8,1015.8,7.0,1.4,2.0,cma,69.0
202103240800,54857.0,1.0,9.0,4.0,56.0,170.0,3.0,14.8,5.0,51.8,1015.8,7.0,1.4,2.0,cma,69.0
202103240900,54857.0,1.0,9.0,4.0,57.0,190.0,2.0,16.0,4.7,47.0,1016.4,2.0,0.7,2.0,cma,79.0
202103241000,54857.0,1.0,9.0,4.0,57.0,190.0,2.0,16.0,4.7,47.0,1016.4,2.0,0.7,2.0,cma,79.0
202103241100,54857.0,1.0,9.0,4.0,57.0,190.0,2.0,16.0,4.7,47.0,1016.4,2.0,0.7,2.0,cma,79.0
202103241200,54857.0,1.0,9.0,4.0,56.0,320.0,0.0,14.3,4.6,52.0,1018.8,2.0,2.3,2.0,cma,80.0
202103241300,54857.0,1.0,9.0,4.0,56.0,320.0,0.0,14.3,4.6,52.0,1018.8,2.0,2.3,2.0,cma,80.0
202103241400,54857.0,1.0,9.0,4.0,56.0,320.0,0.0,14.3,4.6,52.0,1018.8,2.0,2.3,2.0,cma,80.0
202103241500,54857.0,1.0,9.0,4.0,56.0,320.0,2.0,11.8,4.5,60.9,1020.1,2.0,1.3,2.0,cma,90.0
202103241600,54857.0,1.0,9.0,4.0,56.0,320.0,2.0,11.8,4.5,60.9,1020.1,2.0,1.3,2.0,cma,90.0
202103241700,54857.0,1.0,9.0,4.0,56.0,320.0,2.0,11.8,4.5,60.9,1020.1,2.0,1.3,2.0,cma,90.0
202103241800,54857.0,1.0,9.0,4.0,34.0,310.0,3.0,9.0,4.2,71.9,1020.5,2.0,0.4,2.0,cma,109.0
202103241900,54857.0,1.0,9.0,4.0,34.0,310.0,3.0,9.0,4.2,71.9,1020.5,2.0,0.4,2.0,cma,109.0
202103242000,54857.0,1.0,9.0,4.0,34.0,310.0,3.0,9.0,4.2,71.9,1020.5,2.0,0.4,2.0,cma,109.0
202103242100,54857.0,1.0,9.0,4.0,23.0,340.0,3.0,7.2,4.3,81.8,1020.9,2.0,0.4,2.0,cma,123.0
202103242200,54857.0,1.0,9.0,4.0,23.0,340.0,3.0,7.2,4.3,81.8,1020.9,2.0,0.4,2.0,cma,123.0
202103242300,54857.0,1.0,9.0,4.0,23.0,340.0,3.0,7.2,4.3,81.8,1020.9,2.0,0.4,2.0,cma,123.0
202103250000,54857.0,1.0,9.0,4.0,21.0,340.0,1.0,8.8,5.2,78.1,1022.8,2.0,1.9,2.0,cma,137.0
202103250100,54857.0,1.0,9.0,4.0,21.0,340.0,1.0,8.8,5.2,78.1,1022.8,2.0,1.9,2.0,cma,137.0
202103250200,54857.0,1.0,9.0,4.0,21.0,340.0,1.0,8.8,5.2,78.1,1022.8,2.0,1.9,2.0,cma,137.0
202103250300,54857.0,1.0,9.0,4.0,50.0,160.0,2.0,16.3,3.4,42.1,1022.8,2.0,0.1,2.0,cma,163.0
202103250400,54857.0,1.0,9.0,4.0,50.0,160.0,2.0,16.3,3.4,42.1,1022.8,2.0,0.1,2.0,cma,163.0
202103250500,54857.0,1.0,9.0,4.0,50.0,160.0,2.0,16.3,3.4,42.1,1022.8,2.0,0.1,2.0,cma,163.0
202103250600,54857.0,1.0,9.0,4.0,47.0,180.0,4.0,15.3,3.4,44.8,1021.1,7.0,1.8,2.0,cma,183.0
202103250700,54857.0,1.0,9.0,4.0,47.0,180.0,4.0,15.3,3.4,44.8,1021.1,7.0,1.8,2.0,cma,183.0
202103250800,54857.0,1.0,9.0,4.0,47.0,180.0,4.0,15.3,3.4,44.8,1021.1,7.0,1.8,2.0,cma,183.0
202103250900,54857.0,1.0,9.0,4.0,47.0,160.0,3.0,12.5,5.2,61.0,1020.3,7.0,0.9,2.0,cma,174.0
202103251000,54857.0,1.0,9.0,4.0,47.0,160.0,3.0,12.5,5.2,61.0,1020.3,7.0,0.9,2.0,cma,174.0
202103251100,54857.0,1.0,9.0,4.0,47.0,160.0,3.0,12.5,5.2,61.0,1020.3,7.0,0.9,2.0,cma,174.0
202103251200,54857.0,1.0,9.0,4.0,50.0,150.0,3.0,12.1,5.0,61.8,1020.6,2.0,0.4,2.0,cma,130.0
202103251300,54857.0,1.0,9.0,4.0,50.0,150.0,3.0,12.1,5.0,61.8,1020.6,2.0,0.4,2.0,cma,130.0
202103251400,54857.0,1.0,9.0,4.0,50.0,150.0,3.0,12.1,5.0,61.8,1020.6,2.0,0.4,2.0,cma,130.0
202103251500,54857.0,1.0,9.0,4.0,50.0,150.0,3.0,11.6,6.1,68.9,1020.4,7.0,0.1,2.0,cma,149.0
202103251600,54857.0,1.0,9.0,4.0,50.0,150.0,3.0,11.6,6.1,68.9,1020.4,7.0,0.1,2.0,cma,149.0
202103251700,54857.0,1.0,9.0,4.0,50.0,150.0,3.0,11.6,6.1,68.9,1020.4,7.0,0.1,2.0,cma,149.0
202103251800,54857.0,1.0,9.0,4.0,57.0,150.0,2.0,11.4,5.9,68.9,1019.1,7.0,1.3,2.0,cma,155.0
202103251900,54857.0,1.0,9.0,4.0,57.0,150.0,2.0,11.4,5.9,68.9,1019.1,7.0,1.3,2.0,cma,155.0
202103252000,54857.0,1.0,9.0,4.0,57.0,150.0,2.0,11.4,5.9,68.9,1019.1,7.0,1.3,2.0,cma,155.0
202103252100,54857.0,1.0,9.0,4.0,57.0,140.0,2.0,11.5,6.0,68.9,1018.8,7.0,0.4,2.0,cma,113.0
202103252200,54857.0,1.0,9.0,4.0,57.0,140.0,2.0,11.5,6.0,68.9,1018.8,7.0,0.4,2.0,cma,113.0
202103252300,54857.0,1.0,9.0,4.0,57.0,140.0,2.0,11.5,6.0,68.9,1018.8,7.0,0.4,2.0,cma,113.0
202103260000,54857.0,1.0,9.0,4.0,56.0,150.0,3.0,11.9,6.8,70.9,1019.7,2.0,0.9,2.0,cma,97.0
202103260100,54857.0,1.0,9.0,4.0,56.0,150.0,3.0,11.9,6.8,70.9,1019.7,2.0,0.9,2.0,cma,97.0
202103260200,54857.0,1.0,9.0,4.0,56.0,150.0,3.0,11.9,6.8,70.9,1019.7,2.0,0.9,2.0,cma,97.0
202103260300,54857.0,1.0,9.0,4.0,56.0,120.0,4.0,14.7,7.0,59.9,1018.7,7.0,0.9,2.0,cma,79.0
202103260400,54857.0,1.0,9.0,4.0,56.0,120.0,4.0,14.7,7.0,59.9,1018.7,7.0,0.9,2.0,cma,79.0
202103260500,54857.0,1.0,9.0,4.0,56.0,120.0,4.0,14.7,7.0,59.9,1018.7,7.0,0.9,2.0,cma,79.0
202103260600,54857.0,1.0,9.0,4.0,64.0,140.0,5.0,13.5,4.6,54.8,1015.5,7.0,3.2,2.0,cma,75.0
202103260700,54857.0,1.0,9.0,4.0,64.0,140.0,5.0,13.5,4.6,54.8,1015.5,7.0,3.2,2.0,cma,75.0
202103260800,54857.0,1.0,9.0,4.0,64.0,140.0,5.0,13.5,4.6,54.8,1015.5,7.0,3.2,2.0,cma,75.0
202103260900,54857.0,1.0,9.0,4.0,68.0,120.0,4.0,11.7,5.3,64.8,1013.9,7.0,1.6,2.0,cma,78.0
202103261000,54857.0,1.0,9.0,4.0,68.0,120.0,4.0,11.7,5.3,64.8,1013.9,7.0,1.6,2.0,cma,78.0
202103261100,54857.0,1.0,9.0,4.0,68.0,120.0,4.0,11.7,5.3,64.8,1013.9,7.0,1.6,2.0,cma,78.0
202103261200,54857.0,1.0,9.0,4.0,68.0,120.0,4.0,10.6,6.0,73.2,1013.9,7.0,0.1,2.0,cma,71.0
202103261300,54857.0,1.0,9.0,4.0,68.0,120.0,4.0,10.6,6.0,73.2,1013.9,7.0,0.1,2.0,cma,71.0
202103261400,54857.0,1.0,9.0,4.0,68.0,120.0,4.0,10.6,6.0,73.2,1013.9,7.0,0.1,2.0,cma,71.0
202103261500,54857.0,1.0,9.0,4.0,62.0,130.0,3.0,10.6,7.7,82.2,1013.6,7.0,0.2,2.0,cma,46.0
202103261600,54857.0,1.0,9.0,4.0,62.0,130.0,3.0,10.6,7.7,82.2,1013.6,7.0,0.2,2.0,cma,46.0
202103261700,54857.0,1.0,9.0,4.0,62.0,130.0,3.0,10.6,7.7,82.2,1013.6,7.0,0.2,2.0,cma,46.0
202103261800,54857.0,1.0,9.0,4.0,32.0,10.0,1.0,10.5,9.6,94.2,1011.6,7.0,2.0,2.0,cma,37.0
202103261900,54857.0,1.0,9.0,4.0,32.0,10.0,1.0,10.5,9.6,94.2,1011.6,7.0,2.0,2.0,cma,37.0
202103262000,54857.0,1.0,9.0,4.0,32.0,10.0,1.0,10.5,9.6,94.2,1011.6,7.0,2.0,2.0,cma,37.0
202103262100,54857.0,1.0,9.0,4.0,19.0,200.0,1.0,9.2,8.6,96.0,1009.3,7.0,2.3,2.0,cma,42.0
202103262200,54857.0,1.0,9.0,4.0,19.0,200.0,1.0,9.2,8.6,96.0,1009.3,7.0,2.3,2.0,cma,42.0
202103262300,54857.0,1.0,9.0,4.0,19.0,200.0,1.0,9.2,8.6,96.0,1009.3,7.0,2.3,2.0,cma,42.0
202103270000,54857.0,1.0,9.0,4.0,36.0,340.0,4.0,9.9,9.4,96.7,1008.3,7.0,1.0,2.0,cma,40.0
202103270100,54857.0,1.0,9.0,4.0,36.0,340.0,4.0,9.9,9.4,96.7,1008.3,7.0,1.0,2.0,cma,40.0
202103270200,54857.0,1.0,9.0,4.0,36.0,340.0,4.0,9.9,9.4,96.7,1008.3,7.0,1.0,2.0,cma,40.0
202103270300,54857.0,1.0,9.0,4.0,57.0,320.0,4.0,12.0,9.7,85.8,1008.3,4.0,0.0,2.0,cma,43.0
202103270400,54857.0,1.0,9.0,4.0,57.0,320.0,4.0,12.0,9.7,85.8,1008.3,4.0,0.0,2.0,cma,43.0
202103270500,54857.0,1.0,9.0,4.0,57.0,320.0,4.0,12.0,9.7,85.8,1008.3,4.0,0.0,2.0,cma,43.0
202103270600,54857.0,1.0,9.0,4.0,58.0,340.0,4.0,14.2,9.2,71.9,1005.9,7.0,2.3,2.0,cma,20.0
202103270700,54857.0,1.0,9.0,4.0,58.0,340.0,4.0,14.2,9.2,71.9,1005.9,7.0,2.3,2.0,cma,20.0
202103270800,54857.0,1.0,9.0,4.0,58.0,340.0,4.0,14.2,9.2,71.9,1005.9,7.0,2.3,2.0,cma,20.0
202103270900,54857.0,1.0,9.0,4.0,50.0,320.0,5.0,13.6,8.7,72.2,1005.8,7.0,0.2,2.0,cma,35.0
202103271000,54857.0,1.0,9.0,4.0,50.0,320.0,5.0,13.6,8.7,72.2,1005.8,7.0,0.2,2.0,cma,35.0
202103271100,54857.0,1.0,9.0,4.0,50.0,320.0,5.0,13.6,8.7,72.2,1005.8,7.0,0.2,2.0,cma,35.0
202103271200,54857.0,1.0,9.0,4.0,57.0,310.0,4.0,11.6,8.1,79.1,1006.5,2.0,0.7,2.0,cma,19.0
202103271300,54857.0,1.0,9.0,4.0,57.0,310.0,4.0,11.6,8.1,79.1,1006.5,2.0,0.7,2.0,cma,19.0
202103271400,54857.0,1.0,9.0,4.0,57.0,310.0,4.0,11.6,8.1,79.1,1006.5,2.0,0.7,2.0,cma,19.0
202103271500,54857.0,1.0,9.0,4.0,57.0,300.0,3.0,10.4,7.5,82.2,1007.3,2.0,0.8,2.0,cma,42.0
202103271600,54857.0,1.0,9.0,4.0,57.0,300.0,3.0,10.4,7.5,82.2,1007.3,2.0,0.8,2.0,cma,42.0
202103271700,54857.0,1.0,9.0,4.0,57.0,300.0,3.0,10.4,7.5,82.2,1007.3,2.0,0.8,2.0,cma,42.0
202103271800,54857.0,1.0,9.0,4.0,39.0,30.0,2.0,10.6,8.2,85.1,1005.7,7.0,1.5,2.0,cma,62.0
202103271900,54857.0,1.0,9.0,4.0,39.0,30.0,2.0,10.6,8.2,85.1,1005.7,7.0,1.5,2.0,cma,62.0
202103272000,54857.0,1.0,9.0,4.0,39.0,30.0,2.0,10.6,8.2,85.1,1005.7,7.0,1.5,2.0,cma,62.0
202103272100,54857.0,1.0,9.0,4.0,13.0,160.0,3.0,9.5,8.3,92.2,1004.6,7.0,1.2,2.0,cma,60.0
202103272200,54857.0,1.0,9.0,4.0,13.0,160.0,3.0,9.5,8.3,92.2,1004.6,7.0,1.2,2.0,cma,60.0
202103272300,54857.0,1.0,9.0,4.0,13.0,160.0,3.0,9.5,8.3,92.2,1004.6,7.0,1.2,2.0,cma,60.0
202103280000,54857.0,1.0,9.0,4.0,0.0,160.0,4.0,9.2,8.7,96.7,1004.8,2.0,0.2,2.0,cma,50.0
202103280100,54857.0,1.0,9.0,4.0,0.0,160.0,4.0,9.2,8.7,96.7,1004.8,2.0,0.2,2.0,cma,50.0
202103280200,54857.0,1.0,9.0,4.0,0.0,160.0,4.0,9.2,8.7,96.7,1004.8,2.0,0.2,2.0,cma,50.0
202103280300,54857.0,1.0,9.0,4.0,11.0,170.0,5.0,11.9,10.8,93.0,1004.2,7.0,0.6,2.0,cma,77.0
202103280400,54857.0,1.0,9.0,4.0,11.0,170.0,5.0,11.9,10.8,93.0,1004.2,7.0,0.6,2.0,cma,77.0
202103280500,54857.0,1.0,9.0,4.0,11.0,170.0,5.0,11.9,10.8,93.0,1004.2,7.0,0.6,2.0,cma,77.0
202103280600,54857.0,1.0,9.0,4.0,37.0,330.0,2.0,18.0,11.8,67.1,1003.6,7.0,0.5,2.0,cma,88.0
202103280700,54857.0,1.0,9.0,4.0,37.0,330.0,2.0,18.0,11.8,67.1,1003.6,7.0,0.5,2.0,cma,88.0
202103280800,54857.0,1.0,9.0,4.0,37.0,330.0,2.0,18.0,11.8,67.1,1003.6,7.0,0.5,2.0,cma,88.0
202103280900,54857.0,1.0,9.0,4.0,31.0,340.0,6.0,15.9,3.0,42.0,1005.2,2.0,1.6,2.0,cma,136.0
202103281000,54857.0,1.0,9.0,4.0,31.0,340.0,6.0,15.9,3.0,42.0,1005.2,2.0,1.6,2.0,cma,136.0
202103281100,54857.0,1.0,9.0,4.0,31.0,340.0,6.0,15.9,3.0,42.0,1005.2,2.0,1.6,2.0,cma,136.0
202103281200,54857.0,1.0,9.0,4.0,28.0,340.0,6.0,14.7,-3.1,29.1,1008.2,2.0,2.9,2.0,cma,154.0
202103281300,54857.0,1.0,9.0,4.0,28.0,340.0,6.0,14.7,-3.1,29.1,1008.2,2.0,2.9,2.0,cma,154.0
202103281400,54857.0,1.0,9.0,4.0,28.0,340.0,6.0,14.7,-3.1,29.1,1008.2,2.0,2.9,2.0,cma,154.0
202103281500,54857.0,1.0,9.0,4.0,34.0,360.0,4.0,13.2,-5.9,26.0,1009.7,2.0,1.5,2.0,cma,81.0
202103281600,54857.0,1.0,9.0,4.0,34.0,360.0,4.0,13.2,-5.9,26.0,1009.7,2.0,1.5,2.0,cma,81.0
202103281700,54857.0,1.0,9.0,4.0,34.0,360.0,4.0,13.2,-5.9,26.0,1009.7,2.0,1.5,2.0,cma,81.0
202103281800,54857.0,1.0,9.0,4.0,31.0,270.0,2.0,11.3,0.1,46.0,1010.5,2.0,0.9,2.0,cma,347.0
202103281900,54857.0,1.0,9.0,4.0,31.0,270.0,2.0,11.3,0.1,46.0,1010.5,2.0,0.9,2.0,cma,347.0
202103282000,54857.0,1.0,9.0,4.0,31.0,270.0,2.0,11.3,0.1,46.0,1010.5,2.0,0.9,2.0,cma,347.0
202103282100,54857.0,1.0,9.0,4.0,28.0,320.0,2.0,10.5,0.0,48.1,1011.3,2.0,0.7,2.0,cma,554.0
202103282200,54857.0,1.0,9.0,4.0,28.0,320.0,2.0,10.5,0.0,48.1,1011.3,2.0,0.7,2.0,cma,554.0
202103282300,54857.0,1.0,9.0,4.0,28.0,320.0,2.0,10.5,0.0,48.1,1011.3,2.0,0.7,2.0,cma,554.0
202103290000,54857.0,1.0,9.0,4.0,30.0,360.0,1.0,12.2,0.0,43.0,1011.8,2.0,0.5,2.0,cma,471.0
202103290100,54857.0,1.0,9.0,4.0,30.0,360.0,1.0,12.2,0.0,43.0,1011.8,2.0,0.5,2.0,cma,471.0
202103290200,54857.0,1.0,9.0,4.0,30.0,360.0,1.0,12.2,0.0,43.0,1011.8,2.0,0.5,2.0,cma,471.0
202103290300,54857.0,1.0,9.0,4.0,50.0,340.0,3.0,15.5,-6.1,22.0,1011.8,2.0,0.1,2.0,cma,492.0
202103290400,54857.0,1.0,9.0,4.0,50.0,340.0,3.0,15.5,-6.1,22.0,1011.8,2.0,0.1,2.0,cma,492.0
202103290500,54857.0,1.0,9.0,4.0,50.0,340.0,3.0,15.5,-6.1,22.0,1011.8,2.0,0.1,2.0,cma,492.0
202103290600,54857.0,1.0,9.0,4.0,57.0,300.0,3.0,17.5,-4.4,22.1,1010.2,7.0,1.6,2.0,cma,564.0
202103290700,54857.0,1.0,9.0,4.0,57.0,300.0,3.0,17.5,-4.4,22.1,1010.2,7.0,1.6,2.0,cma,564.0
202103290800,54857.0,1.0,9.0,4.0,57.0,300.0,3.0,17.5,-4.4,22.1,1010.2,7.0,1.6,2.0,cma,564.0
202103290900,54857.0,1.0,9.0,4.0,56.0,280.0,2.0,15.1,-3.3,27.9,1009.4,7.0,0.9,2.0,cma,490.0
202103291000,54857.0,1.0,9.0,4.0,56.0,280.0,2.0,15.1,-3.3,27.9,1009.4,7.0,0.9,2.0,cma,490.0
202103291100,54857.0,1.0,9.0,4.0,56.0,280.0,2.0,15.1,-3.3,27.9,1009.4,7.0,0.9,2.0,cma,490.0
202103291200,54857.0,1.0,9.0,4.0,67.0,310.0,1.0,13.8,-3.9,29.0,1010.6,2.0,1.2,2.0,cma,371.0
202103291300,54857.0,1.0,9.0,4.0,67.0,310.0,1.0,13.8,-3.9,29.0,1010.6,2.0,1.2,2.0,cma,371.0
202103291400,54857.0,1.0,9.0,4.0,67.0,310.0,1.0,13.8,-3.9,29.0,1010.6,2.0,1.2,2.0,cma,371.0
202103291500,54857.0,1.0,9.0,4.0,58.0,360.0,0.0,11.9,0.4,45.2,1012.0,2.0,1.4,2.0,cma,209.0
202103291600,54857.0,1.0,9.0,4.0,58.0,360.0,0.0,11.9,0.4,45.2,1012.0,2.0,1.4,2.0,cma,209.0
202103291700,54857.0,1.0,9.0,4.0,58.0,360.0,0.0,11.9,0.4,45.2,1012.0,2.0,1.4,2.0,cma,209.0
202103291800,54857.0,1.0,9.0,4.0,59.0,300.0,1.0,11.2,0.9,49.0,1012.4,2.0,0.5,2.0,cma,270.0
202103291900,54857.0,1.0,9.0,4.0,59.0,300.0,1.0,11.2,0.9,49.0,1012.4,2.0,0.5,2.0,cma,270.0
202103292000,54857.0,1.0,9.0,4.0,59.0,300.0,1.0,11.2,0.9,49.0,1012.4,2.0,0.5,2.0,cma,270.0
202103292100,54857.0,1.0,9.0,4.0,59.0,150.0,1.0,10.2,-0.9,46.0,1012.4,7.0,0.1,2.0,cma,75.0
202103292200,54857.0,1.0,9.0,4.0,59.0,150.0,1.0,10.2,-0.9,46.0,1012.4,7.0,0.1,2.0,cma,75.0
202103292300,54857.0,1.0,9.0,4.0,59.0,150.0,1.0,10.2,-0.9,46.0,1012.4,7.0,0.1,2.0,cma,75.0
202103300000,54857.0,1.0,9.0,4.0,59.0,260.0,1.0,12.9,0.0,41.1,1013.6,2.0,1.2,2.0,cma,283.0
202103300100,54857.0,1.0,9.0,4.0,59.0,260.0,1.0,12.9,0.0,41.1,1013.6,2.0,1.2,2.0,cma,283.0
202103300200,54857.0,1.0,9.0,4.0,59.0,260.0,1.0,12.9,0.0,41.1,1013.6,2.0,1.2,2.0,cma,283.0
202103300300,54857.0,1.0,9.0,4.0,65.0,160.0,4.0,14.2,-3.6,28.9,1014.5,2.0,0.9,2.0,cma,189.0
202103300400,54857.0,1.0,9.0,4.0,65.0,160.0,4.0,14.2,-3.6,28.9,1014.5,2.0,0.9,2.0,cma,189.0
202103300500,54857.0,1.0,9.0,4.0,65.0,160.0,4.0,14.2,-3.6,28.9,1014.5,2.0,0.9,2.0,cma,189.0
202103300600,54857.0,1.0,9.0,4.0,61.0,130.0,4.0,13.2,0.6,42.1,1013.7,7.0,0.8,2.0,cma,162.0
202103300700,54857.0,1.0,9.0,4.0,61.0,130.0,4.0,13.2,0.6,42.1,1013.7,7.0,0.8,2.0,cma,162.0
202103300800,54857.0,1.0,9.0,4.0,61.0,130.0,4.0,13.2,0.6,42.1,1013.7,7.0,0.8,2.0,cma,162.0
202103300900,54857.0,1.0,9.0,4.0,57.0,150.0,4.0,11.0,1.5,51.9,1013.0,7.0,0.8,2.0,cma,164.0
202103301000,54857.0,1.0,9.0,4.0,57.0,150.0,4.0,11.0,1.5,51.9,1013.0,7.0,0.8,2.0,cma,164.0
202103301100,54857.0,1.0,9.0,4.0,57.0,150.0,4.0,11.0,1.5,51.9,1013.0,7.0,0.8,2.0,cma,164.0
202103301200,54857.0,1.0,9.0,4.0,59.0,150.0,3.0,9.1,2.9,65.1,1014.5,2.0,1.5,2.0,cma,134.0
202103301300,54857.0,1.0,9.0,4.0,59.0,150.0,3.0,9.1,2.9,65.1,1014.5,2.0,1.5,2.0,cma,134.0
202103301400,54857.0,1.0,9.0,4.0,59.0,150.0,3.0,9.1,2.9,65.1,1014.5,2.0,1.5,2.0,cma,134.0
202103301500,54857.0,1.0,9.0,4.0,59.0,150.0,3.0,8.7,4.1,72.8,1015.0,2.0,0.5,2.0,cma,96.0
202103301600,54857.0,1.0,9.0,4.0,59.0,150.0,3.0,8.7,4.1,72.8,1015.0,2.0,0.5,2.0,cma,96.0
202103301700,54857.0,1.0,9.0,4.0,59.0,150.0,3.0,8.7,4.1,72.8,1015.0,2.0,0.5,2.0,cma,96.0
202103301800,54857.0,1.0,9.0,4.0,58.0,90.0,1.0,8.1,4.5,78.0,1013.9,7.0,1.1,2.0,cma,210.0
202103301900,54857.0,1.0,9.0,4.0,58.0,90.0,1.0,8.1,4.5,78.0,1013.9,7.0,1.1,2.0,cma,210.0
202103302000,54857.0,1.0,9.0,4.0,58.0,90.0,1.0,8.1,4.5,78.0,1013.9,7.0,1.1,2.0,cma,210.0
202103302100,54857.0,1.0,9.0,4.0,59.0,120.0,1.0,7.5,3.0,73.1,1013.2,7.0,0.7,2.0,cma,149.0
202103302200,54857.0,1.0,9.0,4.0,59.0,120.0,1.0,7.5,3.0,73.1,1013.2,7.0,0.7,2.0,cma,149.0
202103302300,54857.0,1.0,9.0,4.0,59.0,120.0,1.0,7.5,3.0,73.1,1013.2,7.0,0.7,2.0,cma,149.0
202103310000,54857.0,1.0,9.0,4.0,66.0,140.0,2.0,11.1,-1.0,43.0,1014.6,2.0,1.4,2.0,cma,132.0
202103310100,54857.0,1.0,9.0,4.0,66.0,140.0,2.0,11.1,-1.0,43.0,1014.6,2.0,1.4,2.0,cma,132.0
202103310200,54857.0,1.0,9.0,4.0,66.0,140.0,2.0,11.1,-1.0,43.0,1014.6,2.0,1.4,2.0,cma,132.0
202103310300,54857.0,1.0,9.0,4.0,80.0,130.0,3.0,15.6,-11.8,14.0,1014.9,2.0,0.4,2.0,cma,132.0
202103310400,54857.0,1.0,9.0,4.0,80.0,130.0,3.0,15.6,-11.8,14.0,1014.9,2.0,0.4,2.0,cma,132.0
202103310500,54857.0,1.0,9.0,4.0,80.0,130.0,3.0,15.6,-11.8,14.0,1014.9,2.0,0.4,2.0,cma,132.0
202103310600,54857.0,1.0,9.0,4.0,80.0,120.0,3.0,14.6,-11.7,15.1,1013.8,7.0,1.2,2.0,cma,144.0
202103310700,54857.0,1.0,9.0,4.0,80.0,120.0,3.0,14.6,-11.7,15.1,1013.8,7.0,1.2,2.0,cma,144.0
202103310800,54857.0,1.0,9.0,4.0,80.0,120.0,3.0,14.6,-11.7,15.1,1013.8,7.0,1.2,2.0,cma,144.0
202103310900,54857.0,1.0,9.0,4.0,80.0,110.0,3.0,13.4,-9.1,20.0,1013.0,7.0,0.8,2.0,cma,80.0
202103311000,54857.0,1.0,9.0,4.0,80.0,110.0,3.0,13.4,-9.1,20.0,1013.0,7.0,0.8,2.0,cma,80.0
202103311100,54857.0,1.0,9.0,4.0,80.0,110.0,3.0,13.4,-9.1,20.0,1013.0,7.0,0.8,2.0,cma,80.0
202103311200,54857.0,1.0,9.0,4.0,73.0,100.0,2.0,12.4,-6.1,26.9,1014.0,2.0,1.1,2.0,cma,49.0
202103311300,54857.0,1.0,9.0,4.0,73.0,100.0,2.0,12.4,-6.1,26.9,1014.0,2.0,1.1,2.0,cma,49.0
202103311400,54857.0,1.0,9.0,4.0,73.0,100.0,2.0,12.4,-6.1,26.9,1014.0,2.0,1.1,2.0,cma,49.0
202103311500,54857.0,1.0,9.0,4.0,74.0,40.0,1.0,11.5,-3.0,36.1,1015.3,2.0,1.3,2.0,cma,36.0
202103311600,54857.0,1.0,9.0,4.0,74.0,40.0,1.0,11.5,-3.0,36.1,1015.3,2.0,1.3,2.0,cma,36.0
202103311700,54857.0,1.0,9.0,4.0,74.0,40.0,1.0,11.5,-3.0,36.1,1015.3,2.0,1.3,2.0,cma,36.0
202103311800,54857.0,1.0,9.0,4.0,73.0,30.0,0.0,10.5,1.6,54.0,1015.0,7.0,0.3,2.0,cma,45.0
202103311900,54857.0,1.0,9.0,4.0,73.0,30.0,0.0,10.5,1.6,54.0,1015.0,7.0,0.3,2.0,cma,45.0
202103312000,54857.0,1.0,9.0,4.0,73.0,30.0,0.0,10.5,1.6,54.0,1015.0,7.0,0.3,2.0,cma,45.0
202103312100,54857.0,1.0,9.0,4.0,71.0,90.0,3.0,11.6,-0.9,41.9,1015.1,2.0,0.1,2.0,cma,34.0
202103312200,54857.0,1.0,9.0,4.0,71.0,90.0,3.0,11.6,-0.9,41.9,1015.1,2.0,0.1,2.0,cma,34.0
202103312300,54857.0,1.0,9.0,4.0,71.0,90.0,3.0,11.6,-0.9,41.9,1015.1,2.0,0.1,2.0,cma,34.0
202104010000,54857.0,1.0,9.0,4.0,80.0,90.0,3.0,13.6,-8.3,21.0,1016.6,2.0,1.5,2.0,cma,40.0
202104010100,54857.0,1.0,9.0,4.0,80.0,90.0,3.0,13.6,-8.3,21.0,1016.6,2.0,1.5,2.0,cma,40.0
202104010200,54857.0,1.0,9.0,4.0,80.0,90.0,3.0,13.6,-8.3,21.0,1016.6,2.0,1.5,2.0,cma,40.0
202104010300,54857.0,1.0,9.0,4.0,63.0,110.0,2.0,15.4,-0.4,33.9,1017.2,2.0,0.6,2.0,cma,52.0
202104010400,54857.0,1.0,9.0,4.0,63.0,110.0,2.0,15.4,-0.4,33.9,1017.2,2.0,0.6,2.0,cma,52.0
202104010500,54857.0,1.0,9.0,4.0,63.0,110.0,2.0,15.4,-0.4,33.9,1017.2,2.0,0.6,2.0,cma,52.0
202104010600,54857.0,1.0,9.0,4.0,80.0,130.0,3.0,15.8,-5.3,23.0,1015.5,7.0,1.7,2.0,cma,51.0
202104010700,54857.0,1.0,9.0,4.0,80.0,130.0,3.0,15.8,-5.3,23.0,1015.5,7.0,1.7,2.0,cma,51.0
202104010800,54857.0,1.0,9.0,4.0,80.0,130.0,3.0,15.8,-5.3,23.0,1015.5,7.0,1.7,2.0,cma,51.0
202104010900,54857.0,1.0,9.0,4.0,72.0,110.0,2.0,13.6,0.3,40.1,1015.9,2.0,0.4,2.0,cma,27.0
202104011000,54857.0,1.0,9.0,4.0,72.0,110.0,2.0,13.6,0.3,40.1,1015.9,2.0,0.4,2.0,cma,27.0
202104011100,54857.0,1.0,9.0,4.0,72.0,110.0,2.0,13.6,0.3,40.1,1015.9,2.0,0.4,2.0,cma,27.0
202104011200,54857.0,1.0,9.0,4.0,80.0,120.0,4.0,13.7,0.0,39.0,1017.1,2.0,1.2,2.0,cma,74.0
202104011300,54857.0,1.0,9.0,4.0,80.0,120.0,4.0,13.7,0.0,39.0,1017.1,2.0,1.2,2.0,cma,74.0
202104011400,54857.0,1.0,9.0,4.0,80.0,120.0,4.0,13.7,0.0,39.0,1017.1,2.0,1.2,2.0,cma,74.0
202104011500,54857.0,1.0,9.0,4.0,71.0,80.0,3.0,11.1,9.0,86.9,1017.5,2.0,0.4,2.0,cma,20.0
202104011600,54857.0,1.0,9.0,4.0,71.0,80.0,3.0,11.1,9.0,86.9,1017.5,2.0,0.4,2.0,cma,20.0
202104011700,54857.0,1.0,9.0,4.0,71.0,80.0,3.0,11.1,9.0,86.9,1017.5,2.0,0.4,2.0,cma,20.0
202104011800,54857.0,1.0,9.0,4.0,67.0,110.0,5.0,10.9,8.1,82.8,1017.1,7.0,0.4,2.0,cma,44.0
202104011900,54857.0,1.0,9.0,4.0,67.0,110.0,5.0,10.9,8.1,82.8,1017.1,7.0,0.4,2.0,cma,44.0
202104012000,54857.0,1.0,9.0,4.0,67.0,110.0,5.0,10.9,8.1,82.8,1017.1,7.0,0.4,2.0,cma,44.0
202104012100,54857.0,1.0,9.0,4.0,80.0,100.0,6.0,13.4,6.0,60.8,1016.3,7.0,0.8,2.0,cma,32.0
202104012200,54857.0,1.0,9.0,4.0,80.0,100.0,6.0,13.4,6.0,60.8,1016.3,7.0,0.8,2.0,cma,32.0
202104012300,54857.0,1.0,9.0,4.0,80.0,100.0,6.0,13.4,6.0,60.8,1016.3,7.0,0.8,2.0,cma,32.0
202104020000,54857.0,1.0,9.0,4.0,68.0,120.0,4.0,10.8,7.3,79.0,1018.4,2.0,2.0,2.0,cma,72.0
202104020100,54857.0,1.0,9.0,4.0,68.0,120.0,4.0,10.8,7.3,79.0,1018.4,2.0,2.0,2.0,cma,72.0
202104020200,54857.0,1.0,9.0,4.0,68.0,120.0,4.0,10.8,7.3,79.0,1018.4,2.0,2.0,2.0,cma,72.0
202104020300,54857.0,1.0,9.0,4.0,57.0,90.0,3.0,11.1,9.2,88.1,1018.0,7.0,0.4,2.0,cma,32.0
202104020400,54857.0,1.0,9.0,4.0,57.0,90.0,3.0,11.1,9.2,88.1,1018.0,7.0,0.4,2.0,cma,32.0
202104020500,54857.0,1.0,9.0,4.0,57.0,90.0,3.0,11.1,9.2,88.1,1018.0,7.0,0.4,2.0,cma,32.0
202104020600,54857.0,1.0,9.0,4.0,25.0,100.0,2.0,10.7,9.0,89.2,1017.1,7.0,0.9,2.0,cma,23.0
202104020700,54857.0,1.0,9.0,4.0,25.0,100.0,2.0,10.7,9.0,89.2,1017.1,7.0,0.9,2.0,cma,23.0
202104020800,54857.0,1.0,9.0,4.0,25.0,100.0,2.0,10.7,9.0,89.2,1017.1,7.0,0.9,2.0,cma,23.0
202104020900,54857.0,1.0,9.0,4.0,50.0,10.0,1.0,10.9,9.8,92.9,1016.1,7.0,0.9,2.0,cma,34.0
202104021000,54857.0,1.0,9.0,4.0,50.0,10.0,1.0,10.9,9.8,92.9,1016.1,7.0,0.9,2.0,cma,34.0
202104021100,54857.0,1.0,9.0,4.0,50.0,10.0,1.0,10.9,9.8,92.9,1016.1,7.0,0.9,2.0,cma,34.0
202104021200,54857.0,1.0,9.0,4.0,6.0,330.0,2.0,10.2,9.6,96.1,1016.6,2.0,0.4,2.0,cma,33.0
202104021300,54857.0,1.0,9.0,4.0,6.0,330.0,2.0,10.2,9.6,96.1,1016.6,2.0,0.4,2.0,cma,33.0
202104021400,54857.0,1.0,9.0,4.0,6.0,330.0,2.0,10.2,9.6,96.1,1016.6,2.0,0.4,2.0,cma,33.0
202104021500,54857.0,1.0,9.0,4.0,11.0,300.0,2.0,10.2,9.7,96.7,1016.6,4.0,0.0,2.0,cma,29.0
202104021600,54857.0,1.0,9.0,4.0,11.0,300.0,2.0,10.2,9.7,96.7,1016.6,4.0,0.0,2.0,cma,29.0
202104021700,54857.0,1.0,9.0,4.0,11.0,300.0,2.0,10.2,9.7,96.7,1016.6,4.0,0.0,2.0,cma,29.0
202104021800,54857.0,1.0,9.0,4.0,18.0,360.0,1.0,10.6,10.1,96.7,1014.9,7.0,1.7,2.0,cma,17.0
202104021900,54857.0,1.0,9.0,4.0,18.0,360.0,1.0,10.6,10.1,96.7,1014.9,7.0,1.7,2.0,cma,17.0
202104022000,54857.0,1.0,9.0,4.0,18.0,360.0,1.0,10.6,10.1,96.7,1014.9,7.0,1.7,2.0,cma,17.0
202104022100,54857.0,1.0,9.0,4.0,43.0,10.0,5.0,9.6,9.1,96.7,1014.9,4.0,0.0,2.0,cma,30.0
202104022200,54857.0,1.0,9.0,4.0,43.0,10.0,5.0,9.6,9.1,96.7,1014.9,4.0,0.0,2.0,cma,30.0
202104022300,54857.0,1.0,9.0,4.0,43.0,10.0,5.0,9.6,9.1,96.7,1014.9,4.0,0.0,2.0,cma,30.0
202104030000,54857.0,1.0,9.0,4.0,70.0,20.0,6.0,8.4,7.5,94.1,1016.4,2.0,1.5,2.0,cma,37.0
202104030100,54857.0,1.0,9.0,4.0,70.0,20.0,6.0,8.4,7.5,94.1,1016.4,2.0,1.5,2.0,cma,37.0
202104030200,54857.0,1.0,9.0,4.0,70.0,20.0,6.0,8.4,7.5,94.1,1016.4,2.0,1.5,2.0,cma,37.0
202104030300,54857.0,1.0,9.0,4.0,48.0,340.0,8.0,8.8,7.9,94.1,1018.5,2.0,2.0,2.0,cma,25.0
202104030400,54857.0,1.0,9.0,4.0,48.0,340.0,8.0,8.8,7.9,94.1,1018.5,2.0,2.0,2.0,cma,25.0
202104030500,54857.0,1.0,9.0,4.0,48.0,340.0,8.0,8.8,7.9,94.1,1018.5,2.0,2.0,2.0,cma,25.0
202104030600,54857.0,1.0,9.0,4.0,69.0,350.0,7.0,8.3,5.4,81.9,1018.7,2.0,0.2,2.0,cma,9.0
202104030700,54857.0,1.0,9.0,4.0,69.0,350.0,7.0,8.3,5.4,81.9,1018.7,2.0,0.2,2.0,cma,9.0
202104030800,54857.0,1.0,9.0,4.0,69.0,350.0,7.0,8.3,5.4,81.9,1018.7,2.0,0.2,2.0,cma,9.0
202104030900,54857.0,1.0,9.0,4.0,71.0,340.0,6.0,9.3,5.1,75.0,1019.1,2.0,0.4,2.0,cma,17.0
202104031000,54857.0,1.0,9.0,4.0,71.0,340.0,6.0,9.3,5.1,75.0,1019.1,2.0,0.4,2.0,cma,17.0
202104031100,54857.0,1.0,9.0,4.0,71.0,340.0,6.0,9.3,5.1,75.0,1019.1,2.0,0.4,2.0,cma,17.0
202104031200,54857.0,1.0,9.0,4.0,74.0,340.0,7.0,8.6,0.3,55.9,1021.4,2.0,2.3,2.0,cma,20.0
202104031300,54857.0,1.0,9.0,4.0,74.0,340.0,7.0,8.6,0.3,55.9,1021.4,2.0,2.3,2.0,cma,20.0
202104031400,54857.0,1.0,9.0,4.0,74.0,340.0,7.0,8.6,0.3,55.9,1021.4,2.0,2.3,2.0,cma,20.0
202104031500,54857.0,1.0,9.0,4.0,75.0,350.0,5.0,8.7,-4.1,40.1,1021.7,2.0,0.3,2.0,cma,22.0
202104031600,54857.0,1.0,9.0,4.0,75.0,350.0,5.0,8.7,-4.1,40.1,1021.7,2.0,0.3,2.0,cma,22.0
202104031700,54857.0,1.0,9.0,4.0,75.0,350.0,5.0,8.7,-4.1,40.1,1021.7,2.0,0.3,2.0,cma,22.0
202104031800,54857.0,1.0,9.0,4.0,80.0,340.0,6.0,8.3,-5.2,37.9,1022.2,2.0,0.5,2.0,cma,36.0
202104031900,54857.0,1.0,9.0,4.0,80.0,340.0,6.0,8.3,-5.2,37.9,1022.2,2.0,0.5,2.0,cma,36.0
202104032000,54857.0,1.0,9.0,4.0,80.0,340.0,6.0,8.3,-5.2,37.9,1022.2,2.0,0.5,2.0,cma,36.0
202104032100,54857.0,1.0,9.0,4.0,79.0,320.0,5.0,5.9,-1.0,61.2,1023.3,2.0,1.0,2.0,cma,40.0
202104032200,54857.0,1.0,9.0,4.0,79.0,320.0,5.0,5.9,-1.0,61.2,1023.3,2.0,1.0,2.0,cma,40.0
202104032300,54857.0,1.0,9.0,4.0,79.0,320.0,5.0,5.9,-1.0,61.2,1023.3,2.0,1.0,2.0,cma,40.0
202104040000,54857.0,1.0,9.0,4.0,74.0,320.0,4.0,7.4,-0.8,56.0,1025.1,2.0,1.8,2.0,cma,74.0
202104040100,54857.0,1.0,9.0,4.0,74.0,320.0,4.0,7.4,-0.8,56.0,1025.1,2.0,1.8,2.0,cma,74.0
202104040200,54857.0,1.0,9.0,4.0,74.0,320.0,4.0,7.4,-0.8,56.0,1025.1,2.0,1.8,2.0,cma,74.0
202104040300,54857.0,1.0,9.0,4.0,80.0,350.0,8.0,12.6,-5.4,28.0,1025.3,2.0,0.3,2.0,cma,42.0
202104040400,54857.0,1.0,9.0,4.0,80.0,350.0,8.0,12.6,-5.4,28.0,1025.3,2.0,0.3,2.0,cma,42.0
202104040500,54857.0,1.0,9.0,4.0,80.0,350.0,8.0,12.6,-5.4,28.0,1025.3,2.0,0.3,2.0,cma,42.0
202104040600,54857.0,1.0,9.0,4.0,80.0,340.0,8.0,14.5,-5.3,25.0,1023.1,7.0,2.1,2.0,cma,46.0
202104040700,54857.0,1.0,9.0,4.0,80.0,340.0,8.0,14.5,-5.3,25.0,1023.1,7.0,2.1,2.0,cma,46.0
202104040800,54857.0,1.0,9.0,4.0,80.0,340.0,8.0,14.5,-5.3,25.0,1023.1,7.0,2.1,2.0,cma,46.0
202104040900,54857.0,1.0,9.0,4.0,80.0,340.0,7.0,14.2,-5.5,25.1,1023.9,2.0,0.7,2.0,cma,37.0
202104041000,54857.0,1.0,9.0,4.0,80.0,340.0,7.0,14.2,-5.5,25.1,1023.9,2.0,0.7,2.0,cma,37.0
202104041100,54857.0,1.0,9.0,4.0,80.0,340.0,7.0,14.2,-5.5,25.1,1023.9,2.0,0.7,2.0,cma,37.0
202104041200,54857.0,1.0,9.0,4.0,77.0,340.0,5.0,11.0,-2.4,39.0,1025.2,2.0,1.3,2.0,cma,46.0
202104041300,54857.0,1.0,9.0,4.0,77.0,340.0,5.0,11.0,-2.4,39.0,1025.2,2.0,1.3,2.0,cma,46.0
202104041400,54857.0,1.0,9.0,4.0,77.0,340.0,5.0,11.0,-2.4,39.0,1025.2,2.0,1.3,2.0,cma,46.0
202104041500,54857.0,1.0,9.0,4.0,76.0,320.0,3.0,9.3,-0.9,48.9,1026.0,2.0,0.8,2.0,cma,25.0
202104041600,54857.0,1.0,9.0,4.0,76.0,320.0,3.0,9.3,-0.9,48.9,1026.0,2.0,0.8,2.0,cma,25.0
202104041700,54857.0,1.0,9.0,4.0,76.0,320.0,3.0,9.3,-0.9,48.9,1026.0,2.0,0.8,2.0,cma,25.0
202104041800,54857.0,1.0,9.0,4.0,75.0,330.0,3.0,8.6,0.6,57.1,1026.0,4.0,0.0,2.0,cma,35.0
202104041900,54857.0,1.0,9.0,4.0,75.0,330.0,3.0,8.6,0.6,57.1,1026.0,4.0,0.0,2.0,cma,35.0
202104042000,54857.0,1.0,9.0,4.0,75.0,330.0,3.0,8.6,0.6,57.1,1026.0,4.0,0.0,2.0,cma,35.0
202104042100,54857.0,1.0,9.0,4.0,76.0,10.0,2.0,8.7,-3.8,41.0,1025.0,7.0,1.0,2.0,cma,37.0
202104042200,54857.0,1.0,9.0,4.0,76.0,10.0,2.0,8.7,-3.8,41.0,1025.0,7.0,1.0,2.0,cma,37.0
202104042300,54857.0,1.0,9.0,4.0,76.0,10.0,2.0,8.7,-3.8,41.0,1025.0,7.0,1.0,2.0,cma,37.0
202104050000,54857.0,1.0,9.0,4.0,67.0,340.0,3.0,10.5,-0.3,47.1,1026.0,2.0,1.0,2.0,cma,47.0
202104050100,54857.0,1.0,9.0,4.0,67.0,340.0,3.0,10.5,-0.3,47.1,1026.0,2.0,1.0,2.0,cma,47.0
202104050200,54857.0,1.0,9.0,4.0,67.0,340.0,3.0,10.5,-0.3,47.1,1026.0,2.0,1.0,2.0,cma,47.0
202104050300,54857.0,1.0,9.0,4.0,74.0,340.0,2.0,15.6,-6.0,22.1,1025.2,7.0,0.7,2.0,cma,46.0
202104050400,54857.0,1.0,9.0,4.0,74.0,340.0,2.0,15.6,-6.0,22.1,1025.2,7.0,0.7,2.0,cma,46.0
202104050500,54857.0,1.0,9.0,4.0,74.0,340.0,2.0,15.6,-6.0,22.1,1025.2,7.0,0.7,2.0,cma,46.0
202104050600,54857.0,1.0,9.0,4.0,66.0,170.0,4.0,13.0,-0.3,39.9,1023.6,7.0,1.7,2.0,cma,46.0
202104050700,54857.0,1.0,9.0,4.0,66.0,170.0,4.0,13.0,-0.3,39.9,1023.6,7.0,1.7,2.0,cma,46.0
202104050800,54857.0,1.0,9.0,4.0,66.0,170.0,4.0,13.0,-0.3,39.9,1023.6,7.0,1.7,2.0,cma,46.0
202104050900,54857.0,1.0,9.0,4.0,75.0,180.0,4.0,12.2,-1.3,39.1,1022.5,7.0,1.1,2.0,cma,56.0
202104051000,54857.0,1.0,9.0,4.0,75.0,180.0,4.0,12.2,-1.3,39.1,1022.5,7.0,1.1,2.0,cma,56.0
202104051100,54857.0,1.0,9.0,4.0,75.0,180.0,4.0,12.2,-1.3,39.1,1022.5,7.0,1.1,2.0,cma,56.0
202104051200,54857.0,1.0,9.0,4.0,77.0,180.0,2.0,11.1,-0.1,45.9,1022.9,2.0,0.4,2.0,cma,49.0
202104051300,54857.0,1.0,9.0,4.0,77.0,180.0,2.0,11.1,-0.1,45.9,1022.9,2.0,0.4,2.0,cma,49.0
202104051400,54857.0,1.0,9.0,4.0,77.0,180.0,2.0,11.1,-0.1,45.9,1022.9,2.0,0.4,2.0,cma,49.0
202104051500,54857.0,1.0,9.0,4.0,78.0,180.0,2.0,11.1,-1.3,42.1,1023.1,2.0,0.3,2.0,cma,71.0
202104051600,54857.0,1.0,9.0,4.0,78.0,180.0,2.0,11.1,-1.3,42.1,1023.1,2.0,0.3,2.0,cma,71.0
202104051700,54857.0,1.0,9.0,4.0,78.0,180.0,2.0,11.1,-1.3,42.1,1023.1,2.0,0.3,2.0,cma,71.0
202104051800,54857.0,1.0,9.0,4.0,80.0,60.0,0.0,11.4,-4.7,32.0,1021.9,7.0,1.2,2.0,cma,53.0
202104051900,54857.0,1.0,9.0,4.0,80.0,60.0,0.0,11.4,-4.7,32.0,1021.9,7.0,1.2,2.0,cma,53.0
202104052000,54857.0,1.0,9.0,4.0,80.0,60.0,0.0,11.4,-4.7,32.0,1021.9,7.0,1.2,2.0,cma,53.0
202104052100,54857.0,1.0,9.0,4.0,78.0,40.0,1.0,10.7,-5.3,32.0,1022.1,2.0,0.2,2.0,cma,35.0
202104052200,54857.0,1.0,9.0,4.0,78.0,40.0,1.0,10.7,-5.3,32.0,1022.1,2.0,0.2,2.0,cma,35.0
202104052300,54857.0,1.0,9.0,4.0,78.0,40.0,1.0,10.7,-5.3,32.0,1022.1,2.0,0.2,2.0,cma,35.0
202104060000,54857.0,1.0,9.0,4.0,74.0,350.0,1.0,14.4,-4.8,26.1,1023.5,2.0,1.4,2.0,cma,29.0
202104060100,54857.0,1.0,9.0,4.0,74.0,350.0,1.0,14.4,-4.8,26.1,1023.5,2.0,1.4,2.0,cma,29.0
202104060200,54857.0,1.0,9.0,4.0,74.0,350.0,1.0,14.4,-4.8,26.1,1023.5,2.0,1.4,2.0,cma,29.0
202104060300,54857.0,1.0,9.0,4.0,67.0,170.0,3.0,15.5,-0.3,34.0,1024.0,2.0,0.5,2.0,cma,35.0
202104060400,54857.0,1.0,9.0,4.0,67.0,170.0,3.0,15.5,-0.3,34.0,1024.0,2.0,0.5,2.0,cma,35.0
202104060500,54857.0,1.0,9.0,4.0,67.0,170.0,3.0,15.5,-0.3,34.0,1024.0,2.0,0.5,2.0,cma,35.0
202104060600,54857.0,1.0,9.0,4.0,73.0,180.0,3.0,15.7,-1.8,30.0,1022.7,7.0,1.3,2.0,cma,42.0
202104060700,54857.0,1.0,9.0,4.0,73.0,180.0,3.0,15.7,-1.8,30.0,1022.7,7.0,1.3,2.0,cma,42.0
202104060800,54857.0,1.0,9.0,4.0,73.0,180.0,3.0,15.7,-1.8,30.0,1022.7,7.0,1.3,2.0,cma,42.0
202104060900,54857.0,1.0,9.0,4.0,78.0,180.0,2.0,14.8,-1.7,32.1,1022.0,7.0,0.7,2.0,cma,50.0
202104061000,54857.0,1.0,9.0,4.0,78.0,180.0,2.0,14.8,-1.7,32.1,1022.0,7.0,0.7,2.0,cma,50.0
202104061100,54857.0,1.0,9.0,4.0,78.0,180.0,2.0,14.8,-1.7,32.1,1022.0,7.0,0.7,2.0,cma,50.0
202104061200,54857.0,1.0,9.0,4.0,75.0,180.0,2.0,12.2,-3.2,34.0,1023.6,2.0,1.6,2.0,cma,79.0
202104061300,54857.0,1.0,9.0,4.0,75.0,180.0,2.0,12.2,-3.2,34.0,1023.6,2.0,1.6,2.0,cma,79.0
202104061400,54857.0,1.0,9.0,4.0,75.0,180.0,2.0,12.2,-3.2,34.0,1023.6,2.0,1.6,2.0,cma,79.0
202104061500,54857.0,1.0,9.0,4.0,69.0,40.0,0.0,11.6,-3.7,34.1,1024.1,2.0,0.5,2.0,cma,42.0
202104061600,54857.0,1.0,9.0,4.0,69.0,40.0,0.0,11.6,-3.7,34.1,1024.1,2.0,0.5,2.0,cma,42.0
202104061700,54857.0,1.0,9.0,4.0,69.0,40.0,0.0,11.6,-3.7,34.1,1024.1,2.0,0.5,2.0,cma,42.0
202104061800,54857.0,1.0,9.0,4.0,67.0,180.0,1.0,11.3,-2.9,36.9,1023.2,7.0,0.9,2.0,cma,31.0
202104061900,54857.0,1.0,9.0,4.0,67.0,180.0,1.0,11.3,-2.9,36.9,1023.2,7.0,0.9,2.0,cma,31.0
202104062000,54857.0,1.0,9.0,4.0,67.0,180.0,1.0,11.3,-2.9,36.9,1023.2,7.0,0.9,2.0,cma,31.0
202104062100,54857.0,1.0,9.0,4.0,67.0,150.0,2.0,11.0,-4.2,34.1,1022.8,7.0,0.4,2.0,cma,37.0
202104062200,54857.0,1.0,9.0,4.0,67.0,150.0,2.0,11.0,-4.2,34.1,1022.8,7.0,0.4,2.0,cma,37.0
202104062300,54857.0,1.0,9.0,4.0,67.0,150.0,2.0,11.0,-4.2,34.1,1022.8,7.0,0.4,2.0,cma,37.0
202104070000,54857.0,1.0,9.0,4.0,62.0,270.0,1.0,14.3,-3.0,30.1,1023.6,2.0,0.8,2.0,cma,37.0
202104070100,54857.0,1.0,9.0,4.0,62.0,270.0,1.0,14.3,-3.0,30.1,1023.6,2.0,0.8,2.0,cma,37.0
202104070200,54857.0,1.0,9.0,4.0,62.0,270.0,1.0,14.3,-3.0,30.1,1023.6,2.0,0.8,2.0,cma,37.0
202104070300,54857.0,1.0,9.0,4.0,69.0,310.0,2.0,17.3,-6.5,19.0,1023.3,7.0,0.2,2.0,cma,46.0
202104070400,54857.0,1.0,9.0,4.0,69.0,310.0,2.0,17.3,-6.5,19.0,1023.3,7.0,0.2,2.0,cma,46.0
202104070500,54857.0,1.0,9.0,4.0,69.0,310.0,2.0,17.3,-6.5,19.0,1023.3,7.0,0.2,2.0,cma,46.0
202104070600,54857.0,1.0,9.0,4.0,75.0,170.0,4.0,14.1,5.7,56.9,1021.8,7.0,1.6,2.0,cma,52.0
202104070700,54857.0,1.0,9.0,4.0,75.0,170.0,4.0,14.1,5.7,56.9,1021.8,7.0,1.6,2.0,cma,52.0
202104070800,54857.0,1.0,9.0,4.0,75.0,170.0,4.0,14.1,5.7,56.9,1021.8,7.0,1.6,2.0,cma,52.0
202104070900,54857.0,1.0,9.0,4.0,77.0,170.0,4.0,13.7,-1.9,33.9,1021.1,7.0,0.7,2.0,cma,55.0
202104071000,54857.0,1.0,9.0,4.0,77.0,170.0,4.0,13.7,-1.9,33.9,1021.1,7.0,0.7,2.0,cma,55.0
202104071100,54857.0,1.0,9.0,4.0,77.0,170.0,4.0,13.7,-1.9,33.9,1021.1,7.0,0.7,2.0,cma,55.0
202104071200,54857.0,1.0,9.0,4.0,77.0,190.0,2.0,12.0,1.6,48.9,1022.2,2.0,1.1,2.0,cma,37.0
202104071300,54857.0,1.0,9.0,4.0,77.0,190.0,2.0,12.0,1.6,48.9,1022.2,2.0,1.1,2.0,cma,37.0
202104071400,54857.0,1.0,9.0,4.0,77.0,190.0,2.0,12.0,1.6,48.9,1022.2,2.0,1.1,2.0,cma,37.0
202104071500,54857.0,1.0,9.0,4.0,67.0,310.0,3.0,13.0,-0.3,39.9,1022.4,2.0,0.3,2.0,cma,54.0
202104071600,54857.0,1.0,9.0,4.0,67.0,310.0,3.0,13.0,-0.3,39.9,1022.4,2.0,0.3,2.0,cma,54.0
202104071700,54857.0,1.0,9.0,4.0,67.0,310.0,3.0,13.0,-0.3,39.9,1022.4,2.0,0.3,2.0,cma,54.0
202104071800,54857.0,1.0,9.0,4.0,45.0,310.0,3.0,10.3,4.4,66.8,1022.4,7.0,0.1,2.0,cma,30.0
202104071900,54857.0,1.0,9.0,4.0,45.0,310.0,3.0,10.3,4.4,66.8,1022.4,7.0,0.1,2.0,cma,30.0
202104072000,54857.0,1.0,9.0,4.0,45.0,310.0,3.0,10.3,4.4,66.8,1022.4,7.0,0.1,2.0,cma,30.0
202104072100,54857.0,1.0,9.0,4.0,62.0,340.0,4.0,9.6,-0.9,47.9,1023.0,2.0,0.6,2.0,cma,27.0
202104072200,54857.0,1.0,9.0,4.0,62.0,340.0,4.0,9.6,-0.9,47.9,1023.0,2.0,0.6,2.0,cma,27.0
202104072300,54857.0,1.0,9.0,4.0,62.0,340.0,4.0,9.6,-0.9,47.9,1023.0,2.0,0.6,2.0,cma,27.0
202104080000,54857.0,1.0,9.0,4.0,61.0,320.0,4.0,10.0,1.1,53.9,1024.6,2.0,1.5,2.0,cma,52.0
202104080100,54857.0,1.0,9.0,4.0,61.0,320.0,4.0,10.0,1.1,53.9,1024.6,2.0,1.5,2.0,cma,52.0
202104080200,54857.0,1.0,9.0,4.0,61.0,320.0,4.0,10.0,1.1,53.9,1024.6,2.0,1.5,2.0,cma,52.0
202104080300,54857.0,1.0,9.0,4.0,61.0,320.0,4.0,10.0,1.1,53.9,1024.6,2.0,1.5,2.0,cma,52.0
202104080400,54857.0,1.0,9.0,4.0,61.0,320.0,4.0,10.0,1.1,53.9,1024.6,2.0,1.5,2.0,cma,52.0
202104080500,54857.0,1.0,9.0,4.0,61.0,320.0,4.0,10.0,1.1,53.9,1024.6,2.0,1.5,2.0,cma,52.0
202104080600,54857.0,1.0,9.0,4.0,66.0,170.0,4.0,14.3,-0.6,35.9,1023.1,7.0,1.6,2.0,cma,94.0
202104080700,54857.0,1.0,9.0,4.0,66.0,170.0,4.0,14.3,-0.6,35.9,1023.1,7.0,1.6,2.0,cma,94.0
202104080800,54857.0,1.0,9.0,4.0,66.0,170.0,4.0,14.3,-0.6,35.9,1023.1,7.0,1.6,2.0,cma,94.0
202104080900,54857.0,1.0,9.0,4.0,61.0,180.0,4.0,12.1,6.4,68.1,1022.2,7.0,0.9,2.0,cma,63.0
202104081000,54857.0,1.0,9.0,4.0,61.0,180.0,4.0,12.1,6.4,68.1,1022.2,7.0,0.9,2.0,cma,63.0
202104081100,54857.0,1.0,9.0,4.0,61.0,180.0,4.0,12.1,6.4,68.1,1022.2,7.0,0.9,2.0,cma,63.0
202104081200,54857.0,1.0,9.0,4.0,61.0,180.0,2.0,10.5,3.8,63.2,1023.4,2.0,1.1,2.0,cma,65.0
202104081300,54857.0,1.0,9.0,4.0,61.0,180.0,2.0,10.5,3.8,63.2,1023.4,2.0,1.1,2.0,cma,65.0
202104081400,54857.0,1.0,9.0,4.0,61.0,180.0,2.0,10.5,3.8,63.2,1023.4,2.0,1.1,2.0,cma,65.0
202104081500,54857.0,1.0,9.0,4.0,73.0,140.0,1.0,11.4,-3.1,36.1,1024.0,2.0,0.7,2.0,cma,62.0
202104081600,54857.0,1.0,9.0,4.0,73.0,140.0,1.0,11.4,-3.1,36.1,1024.0,2.0,0.7,2.0,cma,62.0
202104081700,54857.0,1.0,9.0,4.0,73.0,140.0,1.0,11.4,-3.1,36.1,1024.0,2.0,0.7,2.0,cma,62.0
202104081800,54857.0,1.0,9.0,4.0,75.0,210.0,0.0,10.9,-4.3,34.1,1023.4,7.0,0.6,2.0,cma,44.0
202104081900,54857.0,1.0,9.0,4.0,75.0,210.0,0.0,10.9,-4.3,34.1,1023.4,7.0,0.6,2.0,cma,44.0
202104082000,54857.0,1.0,9.0,4.0,75.0,210.0,0.0,10.9,-4.3,34.1,1023.4,7.0,0.6,2.0,cma,44.0
202104082100,54857.0,1.0,9.0,4.0,67.0,140.0,2.0,10.1,-0.4,48.0,1024.4,2.0,0.9,2.0,cma,45.0
202104082200,54857.0,1.0,9.0,4.0,67.0,140.0,2.0,10.1,-0.4,48.0,1024.4,2.0,0.9,2.0,cma,45.0
202104082300,54857.0,1.0,9.0,4.0,67.0,140.0,2.0,10.1,-0.4,48.0,1024.4,2.0,0.9,2.0,cma,45.0
202104090000,54857.0,1.0,9.0,4.0,74.0,170.0,1.0,13.5,-3.3,31.0,1025.9,2.0,1.6,2.0,cma,28.0
202104090100,54857.0,1.0,9.0,4.0,74.0,170.0,1.0,13.5,-3.3,31.0,1025.9,2.0,1.6,2.0,cma,28.0
202104090200,54857.0,1.0,9.0,4.0,74.0,170.0,1.0,13.5,-3.3,31.0,1025.9,2.0,1.6,2.0,cma,28.0
202104090300,54857.0,1.0,9.0,4.0,68.0,150.0,3.0,14.5,0.7,38.9,1026.2,2.0,0.3,2.0,cma,25.0
202104090400,54857.0,1.0,9.0,4.0,68.0,150.0,3.0,14.5,0.7,38.9,1026.2,2.0,0.3,2.0,cma,25.0
202104090500,54857.0,1.0,9.0,4.0,68.0,150.0,3.0,14.5,0.7,38.9,1026.2,2.0,0.3,2.0,cma,25.0
202104090600,54857.0,1.0,9.0,4.0,67.0,150.0,3.0,14.5,-2.4,31.0,1025.5,7.0,0.7,2.0,cma,28.0
202104090700,54857.0,1.0,9.0,4.0,67.0,150.0,3.0,14.5,-2.4,31.0,1025.5,7.0,0.7,2.0,cma,28.0
202104090800,54857.0,1.0,9.0,4.0,67.0,150.0,3.0,14.5,-2.4,31.0,1025.5,7.0,0.7,2.0,cma,28.0
202104090900,54857.0,1.0,9.0,4.0,65.0,140.0,4.0,12.1,-0.4,42.0,1025.0,7.0,0.6,2.0,cma,26.0
202104091000,54857.0,1.0,9.0,4.0,65.0,140.0,4.0,12.1,-0.4,42.0,1025.0,7.0,0.6,2.0,cma,26.0
202104091100,54857.0,1.0,9.0,4.0,65.0,140.0,4.0,12.1,-0.4,42.0,1025.0,7.0,0.6,2.0,cma,26.0
202104091200,54857.0,1.0,9.0,4.0,61.0,140.0,2.0,10.7,4.2,64.1,1026.5,2.0,1.6,2.0,cma,36.0
202104091300,54857.0,1.0,9.0,4.0,61.0,140.0,2.0,10.7,4.2,64.1,1026.5,2.0,1.6,2.0,cma,36.0
202104091400,54857.0,1.0,9.0,4.0,61.0,140.0,2.0,10.7,4.2,64.1,1026.5,2.0,1.6,2.0,cma,36.0
202104091500,54857.0,1.0,9.0,4.0,56.0,150.0,3.0,9.9,7.0,82.1,1027.6,2.0,1.0,2.0,cma,52.0
202104091600,54857.0,1.0,9.0,4.0,56.0,150.0,3.0,9.9,7.0,82.1,1027.6,2.0,1.0,2.0,cma,52.0
202104091700,54857.0,1.0,9.0,4.0,56.0,150.0,3.0,9.9,7.0,82.1,1027.6,2.0,1.0,2.0,cma,52.0
202104091800,54857.0,1.0,9.0,4.0,61.0,160.0,2.0,10.1,3.6,64.0,1027.4,7.0,0.1,2.0,cma,59.0
202104091900,54857.0,1.0,9.0,4.0,61.0,160.0,2.0,10.1,3.6,64.0,1027.4,7.0,0.1,2.0,cma,59.0
202104092000,54857.0,1.0,9.0,4.0,61.0,160.0,2.0,10.1,3.6,64.0,1027.4,7.0,0.1,2.0,cma,59.0
202104092100,54857.0,1.0,9.0,4.0,68.0,150.0,3.0,10.7,-0.1,47.2,1027.4,7.0,0.1,2.0,cma,61.0
202104092200,54857.0,1.0,9.0,4.0,68.0,150.0,3.0,10.7,-0.1,47.2,1027.4,7.0,0.1,2.0,cma,61.0
202104092300,54857.0,1.0,9.0,4.0,68.0,150.0,3.0,10.7,-0.1,47.2,1027.4,7.0,0.1,2.0,cma,61.0
202104100000,54857.0,1.0,9.0,4.0,61.0,150.0,3.0,11.2,5.9,69.8,1029.3,2.0,1.9,2.0,cma,65.0
202104100100,54857.0,1.0,9.0,4.0,61.0,150.0,3.0,11.2,5.9,69.8,1029.3,2.0,1.9,2.0,cma,65.0
202104100200,54857.0,1.0,9.0,4.0,61.0,150.0,3.0,11.2,5.9,69.8,1029.3,2.0,1.9,2.0,cma,65.0
202104100300,54857.0,1.0,9.0,4.0,62.0,170.0,4.0,12.8,6.8,66.9,1030.1,2.0,0.8,2.0,cma,53.0
202104100400,54857.0,1.0,9.0,4.0,62.0,170.0,4.0,12.8,6.8,66.9,1030.1,2.0,0.8,2.0,cma,53.0
202104100500,54857.0,1.0,9.0,4.0,62.0,170.0,4.0,12.8,6.8,66.9,1030.1,2.0,0.8,2.0,cma,53.0
202104100600,54857.0,1.0,9.0,4.0,62.0,170.0,4.0,13.5,6.1,60.9,1028.5,7.0,1.6,2.0,cma,27.0
202104100700,54857.0,1.0,9.0,4.0,62.0,170.0,4.0,13.5,6.1,60.9,1028.5,7.0,1.6,2.0,cma,27.0
202104100800,54857.0,1.0,9.0,4.0,62.0,170.0,4.0,13.5,6.1,60.9,1028.5,7.0,1.6,2.0,cma,27.0
202104100900,54857.0,1.0,9.0,4.0,59.0,150.0,3.0,12.2,9.4,83.0,1027.5,7.0,1.0,2.0,cma,47.0
202104101000,54857.0,1.0,9.0,4.0,59.0,150.0,3.0,12.2,9.4,83.0,1027.5,7.0,1.0,2.0,cma,47.0
202104101100,54857.0,1.0,9.0,4.0,59.0,150.0,3.0,12.2,9.4,83.0,1027.5,7.0,1.0,2.0,cma,47.0
202104101200,54857.0,1.0,9.0,4.0,44.0,150.0,3.0,10.9,10.0,94.2,1028.8,2.0,1.3,2.0,cma,39.0
202104101300,54857.0,1.0,9.0,4.0,44.0,150.0,3.0,10.9,10.0,94.2,1028.8,2.0,1.3,2.0,cma,39.0
202104101400,54857.0,1.0,9.0,4.0,44.0,150.0,3.0,10.9,10.0,94.2,1028.8,2.0,1.3,2.0,cma,39.0
202104101500,54857.0,1.0,9.0,4.0,56.0,150.0,3.0,10.7,9.8,94.2,1029.2,2.0,0.4,2.0,cma,42.0
202104101600,54857.0,1.0,9.0,4.0,56.0,150.0,3.0,10.7,9.8,94.2,1029.2,2.0,0.4,2.0,cma,42.0
202104101700,54857.0,1.0,9.0,4.0,56.0,150.0,3.0,10.7,9.8,94.2,1029.2,2.0,0.4,2.0,cma,42.0
202104101800,54857.0,1.0,9.0,4.0,56.0,140.0,3.0,10.4,9.6,94.8,1028.4,7.0,0.8,2.0,cma,55.0
202104101900,54857.0,1.0,9.0,4.0,56.0,140.0,3.0,10.4,9.6,94.8,1028.4,7.0,0.8,2.0,cma,55.0
202104102000,54857.0,1.0,9.0,4.0,56.0,140.0,3.0,10.4,9.6,94.8,1028.4,7.0,0.8,2.0,cma,55.0
202104102100,54857.0,1.0,9.0,4.0,37.0,120.0,3.0,10.0,9.2,94.8,1027.8,7.0,0.6,2.0,cma,48.0
202104102200,54857.0,1.0,9.0,4.0,37.0,120.0,3.0,10.0,9.2,94.8,1027.8,7.0,0.6,2.0,cma,48.0
202104102300,54857.0,1.0,9.0,4.0,37.0,120.0,3.0,10.0,9.2,94.8,1027.8,7.0,0.6,2.0,cma,48.0
202104110000,54857.0,1.0,9.0,4.0,66.0,120.0,4.0,12.2,9.6,84.1,1028.5,2.0,0.7,2.0,cma,20.0
202104110100,54857.0,1.0,9.0,4.0,66.0,120.0,4.0,12.2,9.6,84.1,1028.5,2.0,0.7,2.0,cma,20.0
202104110200,54857.0,1.0,9.0,4.0,66.0,120.0,4.0,12.2,9.6,84.1,1028.5,2.0,0.7,2.0,cma,20.0
202104110300,54857.0,1.0,9.0,4.0,74.0,120.0,5.0,14.2,9.0,70.9,1028.3,7.0,0.2,2.0,cma,25.0
202104110400,54857.0,1.0,9.0,4.0,74.0,120.0,5.0,14.2,9.0,70.9,1028.3,7.0,0.2,2.0,cma,25.0
202104110500,54857.0,1.0,9.0,4.0,74.0,120.0,5.0,14.2,9.0,70.9,1028.3,7.0,0.2,2.0,cma,25.0
202104110600,54857.0,1.0,9.0,4.0,74.0,120.0,5.0,13.1,8.4,73.1,1025.9,7.0,2.4,2.0,cma,25.0
202104110700,54857.0,1.0,9.0,4.0,74.0,120.0,5.0,13.1,8.4,73.1,1025.9,7.0,2.4,2.0,cma,25.0
202104110800,54857.0,1.0,9.0,4.0,74.0,120.0,5.0,13.1,8.4,73.1,1025.9,7.0,2.4,2.0,cma,25.0
202104110900,54857.0,1.0,9.0,4.0,70.0,130.0,5.0,12.0,9.0,81.9,1024.2,7.0,1.7,2.0,cma,21.0
202104111000,54857.0,1.0,9.0,4.0,70.0,130.0,5.0,12.0,9.0,81.9,1024.2,7.0,1.7,2.0,cma,21.0
202104111100,54857.0,1.0,9.0,4.0,70.0,130.0,5.0,12.0,9.0,81.9,1024.2,7.0,1.7,2.0,cma,21.0
202104111200,54857.0,1.0,9.0,4.0,59.0,120.0,3.0,11.3,9.7,89.9,1023.9,7.0,0.2,2.0,cma,24.0
202104111300,54857.0,1.0,9.0,4.0,59.0,120.0,3.0,11.3,9.7,89.9,1023.9,7.0,0.2,2.0,cma,24.0
202104111400,54857.0,1.0,9.0,4.0,59.0,120.0,3.0,11.3,9.7,89.9,1023.9,7.0,0.2,2.0,cma,24.0
202104111500,54857.0,1.0,9.0,4.0,37.0,110.0,4.0,11.2,10.4,94.8,1022.4,7.0,1.5,2.0,cma,16.0
202104111600,54857.0,1.0,9.0,4.0,37.0,110.0,4.0,11.2,10.4,94.8,1022.4,7.0,1.5,2.0,cma,16.0
202104111700,54857.0,1.0,9.0,4.0,37.0,110.0,4.0,11.2,10.4,94.8,1022.4,7.0,1.5,2.0,cma,16.0
202104111800,54857.0,1.0,9.0,4.0,47.0,100.0,5.0,11.1,10.5,96.1,1018.6,7.0,3.8,2.0,cma,27.0
202104111900,54857.0,1.0,9.0,4.0,47.0,100.0,5.0,11.1,10.5,96.1,1018.6,7.0,3.8,2.0,cma,27.0
202104112000,54857.0,1.0,9.0,4.0,47.0,100.0,5.0,11.1,10.5,96.1,1018.6,7.0,3.8,2.0,cma,27.0
202104112100,54857.0,1.0,9.0,4.0,71.0,60.0,2.0,11.5,10.7,94.8,1015.8,7.0,2.8,2.0,cma,29.0
202104112200,54857.0,1.0,9.0,4.0,71.0,60.0,2.0,11.5,10.7,94.8,1015.8,7.0,2.8,2.0,cma,29.0
202104112300,54857.0,1.0,9.0,4.0,71.0,60.0,2.0,11.5,10.7,94.8,1015.8,7.0,2.8,2.0,cma,29.0
202104120000,54857.0,1.0,9.0,4.0,74.0,330.0,2.0,12.1,11.3,94.8,1014.2,7.0,1.5,2.0,cma,23.0
202104120100,54857.0,1.0,9.0,4.0,74.0,330.0,2.0,12.1,11.3,94.8,1014.2,7.0,1.5,2.0,cma,23.0
202104120200,54857.0,1.0,9.0,4.0,74.0,330.0,2.0,12.1,11.3,94.8,1014.2,7.0,1.5,2.0,cma,23.0
202104120300,54857.0,1.0,9.0,4.0,65.0,330.0,5.0,12.9,11.0,88.2,1013.7,7.0,0.5,2.0,cma,9.0
202104120400,54857.0,1.0,9.0,4.0,65.0,330.0,5.0,12.9,11.0,88.2,1013.7,7.0,0.5,2.0,cma,9.0
202104120500,54857.0,1.0,9.0,4.0,65.0,330.0,5.0,12.9,11.0,88.2,1013.7,7.0,0.5,2.0,cma,9.0
202104120600,54857.0,1.0,9.0,4.0,62.0,310.0,4.0,14.3,11.1,81.1,1012.1,7.0,1.6,2.0,cma,13.0
202104120700,54857.0,1.0,9.0,4.0,62.0,310.0,4.0,14.3,11.1,81.1,1012.1,7.0,1.6,2.0,cma,13.0
202104120800,54857.0,1.0,9.0,4.0,62.0,310.0,4.0,14.3,11.1,81.1,1012.1,7.0,1.6,2.0,cma,13.0
202104120900,54857.0,1.0,9.0,4.0,64.0,330.0,6.0,14.9,10.3,73.9,1011.9,7.0,0.2,2.0,cma,16.0
202104121000,54857.0,1.0,9.0,4.0,64.0,330.0,6.0,14.9,10.3,73.9,1011.9,7.0,0.2,2.0,cma,16.0
202104121100,54857.0,1.0,9.0,4.0,64.0,330.0,6.0,14.9,10.3,73.9,1011.9,7.0,0.2,2.0,cma,16.0
202104121200,54857.0,1.0,9.0,4.0,60.0,340.0,5.0,12.3,9.9,85.3,1014.6,2.0,2.7,2.0,cma,14.0
202104121300,54857.0,1.0,9.0,4.0,60.0,340.0,5.0,12.3,9.9,85.3,1014.6,2.0,2.7,2.0,cma,14.0
202104121400,54857.0,1.0,9.0,4.0,60.0,340.0,5.0,12.3,9.9,85.3,1014.6,2.0,2.7,2.0,cma,14.0
202104121500,54857.0,1.0,9.0,4.0,34.0,320.0,4.0,10.4,9.0,91.0,1017.0,2.0,2.3,2.0,cma,19.0
202104121600,54857.0,1.0,9.0,4.0,34.0,320.0,4.0,10.4,9.0,91.0,1017.0,2.0,2.3,2.0,cma,19.0
202104121700,54857.0,1.0,9.0,4.0,34.0,320.0,4.0,10.4,9.0,91.0,1017.0,2.0,2.3,2.0,cma,19.0
202104121800,54857.0,1.0,9.0,4.0,32.0,330.0,6.0,9.8,8.2,89.8,1019.0,2.0,2.0,2.0,cma,10.0
202104121900,54857.0,1.0,9.0,4.0,32.0,330.0,6.0,9.8,8.2,89.8,1019.0,2.0,2.0,2.0,cma,10.0
202104122000,54857.0,1.0,9.0,4.0,32.0,330.0,6.0,9.8,8.2,89.8,1019.0,2.0,2.0,2.0,cma,10.0
202104122100,54857.0,1.0,9.0,4.0,80.0,10.0,6.0,8.5,1.4,60.9,1020.0,2.0,1.0,2.0,cma,25.0
202104122200,54857.0,1.0,9.0,4.0,80.0,10.0,6.0,8.5,1.4,60.9,1020.0,2.0,1.0,2.0,cma,25.0
202104122300,54857.0,1.0,9.0,4.0,80.0,10.0,6.0,8.5,1.4,60.9,1020.0,2.0,1.0,2.0,cma,25.0
202104130000,54857.0,1.0,9.0,4.0,80.0,10.0,7.0,8.5,-2.7,45.2,1022.6,2.0,2.5,2.0,cma,35.0
202104130100,54857.0,1.0,9.0,4.0,80.0,10.0,7.0,8.5,-2.7,45.2,1022.6,2.0,2.5,2.0,cma,35.0
202104130200,54857.0,1.0,9.0,4.0,80.0,10.0,7.0,8.5,-2.7,45.2,1022.6,2.0,2.5,2.0,cma,35.0
202104130300,54857.0,1.0,9.0,4.0,80.0,350.0,7.0,10.7,-4.9,33.0,1022.9,2.0,0.3,2.0,cma,43.0
202104130400,54857.0,1.0,9.0,4.0,80.0,350.0,7.0,10.7,-4.9,33.0,1022.9,2.0,0.3,2.0,cma,43.0
202104130500,54857.0,1.0,9.0,4.0,80.0,350.0,7.0,10.7,-4.9,33.0,1022.9,2.0,0.3,2.0,cma,43.0
202104130600,54857.0,1.0,9.0,4.0,80.0,330.0,4.0,13.0,-3.7,31.1,1021.5,7.0,1.3,2.0,cma,12.0
202104130700,54857.0,1.0,9.0,4.0,80.0,330.0,4.0,13.0,-3.7,31.1,1021.5,7.0,1.3,2.0,cma,12.0
202104130800,54857.0,1.0,9.0,4.0,80.0,330.0,4.0,13.0,-3.7,31.1,1021.5,7.0,1.3,2.0,cma,12.0
202104130900,54857.0,1.0,9.0,4.0,80.0,330.0,5.0,12.2,-4.0,32.0,1020.6,7.0,0.9,2.0,cma,26.0
202104131000,54857.0,1.0,9.0,4.0,80.0,330.0,5.0,12.2,-4.0,32.0,1020.6,7.0,0.9,2.0,cma,26.0
202104131100,54857.0,1.0,9.0,4.0,80.0,330.0,5.0,12.2,-4.0,32.0,1020.6,7.0,0.9,2.0,cma,26.0
202104131200,54857.0,1.0,9.0,4.0,80.0,190.0,3.0,8.9,1.8,61.0,1022.5,2.0,1.8,2.0,cma,100.0
202104131300,54857.0,1.0,9.0,4.0,80.0,190.0,3.0,8.9,1.8,61.0,1022.5,2.0,1.8,2.0,cma,100.0
202104131400,54857.0,1.0,9.0,4.0,80.0,190.0,3.0,8.9,1.8,61.0,1022.5,2.0,1.8,2.0,cma,100.0
202104131500,54857.0,1.0,9.0,4.0,78.0,190.0,1.0,8.4,3.5,71.2,1023.9,2.0,1.4,2.0,cma,17.0
202104131600,54857.0,1.0,9.0,4.0,78.0,190.0,1.0,8.4,3.5,71.2,1023.9,2.0,1.4,2.0,cma,17.0
202104131700,54857.0,1.0,9.0,4.0,78.0,190.0,1.0,8.4,3.5,71.2,1023.9,2.0,1.4,2.0,cma,17.0
202104131800,54857.0,1.0,9.0,4.0,67.0,220.0,1.0,7.7,3.6,75.2,1022.9,7.0,1.0,2.0,cma,21.0
202104131900,54857.0,1.0,9.0,4.0,67.0,220.0,1.0,7.7,3.6,75.2,1022.9,7.0,1.0,2.0,cma,21.0
202104132000,54857.0,1.0,9.0,4.0,67.0,220.0,1.0,7.7,3.6,75.2,1022.9,7.0,1.0,2.0,cma,21.0
202104132100,54857.0,1.0,9.0,4.0,66.0,200.0,2.0,7.6,2.3,69.1,1021.9,7.0,1.0,2.0,cma,34.0
202104132200,54857.0,1.0,9.0,4.0,66.0,200.0,2.0,7.6,2.3,69.1,1021.9,7.0,1.0,2.0,cma,34.0
202104132300,54857.0,1.0,9.0,4.0,66.0,200.0,2.0,7.6,2.3,69.1,1021.9,7.0,1.0,2.0,cma,34.0
202104140000,54857.0,1.0,9.0,4.0,66.0,250.0,1.0,11.8,0.6,46.1,1022.9,2.0,1.0,2.0,cma,25.0
202104140100,54857.0,1.0,9.0,4.0,66.0,250.0,1.0,11.8,0.6,46.1,1022.9,2.0,1.0,2.0,cma,25.0
202104140200,54857.0,1.0,9.0,4.0,66.0,250.0,1.0,11.8,0.6,46.1,1022.9,2.0,1.0,2.0,cma,25.0
202104140300,54857.0,1.0,9.0,4.0,62.0,160.0,2.0,13.5,4.6,54.8,1022.5,7.0,0.3,2.0,cma,27.0
202104140400,54857.0,1.0,9.0,4.0,62.0,160.0,2.0,13.5,4.6,54.8,1022.5,7.0,0.3,2.0,cma,27.0
202104140500,54857.0,1.0,9.0,4.0,62.0,160.0,2.0,13.5,4.6,54.8,1022.5,7.0,0.3,2.0,cma,27.0
202104140600,54857.0,1.0,9.0,4.0,62.0,190.0,3.0,14.6,2.5,44.0,1020.5,7.0,2.0,2.0,cma,34.0
202104140700,54857.0,1.0,9.0,4.0,62.0,190.0,3.0,14.6,2.5,44.0,1020.5,7.0,2.0,2.0,cma,34.0
202104140800,54857.0,1.0,9.0,4.0,62.0,190.0,3.0,14.6,2.5,44.0,1020.5,7.0,2.0,2.0,cma,34.0
202104140900,54857.0,1.0,9.0,4.0,63.0,190.0,3.0,12.2,6.0,65.8,1018.9,7.0,1.6,2.0,cma,34.0
202104141000,54857.0,1.0,9.0,4.0,63.0,190.0,3.0,12.2,6.0,65.8,1018.9,7.0,1.6,2.0,cma,34.0
202104141100,54857.0,1.0,9.0,4.0,63.0,190.0,3.0,12.2,6.0,65.8,1018.9,7.0,1.6,2.0,cma,34.0
202104141200,54857.0,1.0,9.0,4.0,62.0,180.0,4.0,9.8,6.7,81.0,1019.3,2.0,0.4,2.0,cma,60.0
202104141300,54857.0,1.0,9.0,4.0,62.0,180.0,4.0,9.8,6.7,81.0,1019.3,2.0,0.4,2.0,cma,60.0
202104141400,54857.0,1.0,9.0,4.0,62.0,180.0,4.0,9.8,6.7,81.0,1019.3,2.0,0.4,2.0,cma,60.0
202104141500,54857.0,1.0,9.0,4.0,67.0,170.0,3.0,9.7,5.5,75.1,1019.4,2.0,0.1,2.0,cma,36.0
202104141600,54857.0,1.0,9.0,4.0,67.0,170.0,3.0,9.7,5.5,75.1,1019.4,2.0,0.1,2.0,cma,36.0
202104141700,54857.0,1.0,9.0,4.0,67.0,170.0,3.0,9.7,5.5,75.1,1019.4,2.0,0.1,2.0,cma,36.0
202104141800,54857.0,1.0,9.0,4.0,76.0,200.0,3.0,10.1,3.4,63.1,1018.6,7.0,0.8,2.0,cma,27.0
202104141900,54857.0,1.0,9.0,4.0,76.0,200.0,3.0,10.1,3.4,63.1,1018.6,7.0,0.8,2.0,cma,27.0
202104142000,54857.0,1.0,9.0,4.0,76.0,200.0,3.0,10.1,3.4,63.1,1018.6,7.0,0.8,2.0,cma,27.0
202104142100,54857.0,1.0,9.0,4.0,76.0,170.0,3.0,9.3,4.3,70.9,1017.4,7.0,1.2,2.0,cma,40.0
202104142200,54857.0,1.0,9.0,4.0,76.0,170.0,3.0,9.3,4.3,70.9,1017.4,7.0,1.2,2.0,cma,40.0
202104142300,54857.0,1.0,9.0,4.0,76.0,170.0,3.0,9.3,4.3,70.9,1017.4,7.0,1.2,2.0,cma,40.0
202104150000,54857.0,1.0,9.0,4.0,80.0,190.0,4.0,11.0,5.5,68.8,1017.9,2.0,0.5,2.0,cma,21.0
202104150100,54857.0,1.0,9.0,4.0,80.0,190.0,4.0,11.0,5.5,68.8,1017.9,2.0,0.5,2.0,cma,21.0
202104150200,54857.0,1.0,9.0,4.0,80.0,190.0,4.0,11.0,5.5,68.8,1017.9,2.0,0.5,2.0,cma,21.0
202104150300,54857.0,1.0,9.0,4.0,79.0,170.0,6.0,11.8,5.0,63.0,1016.6,7.0,1.3,2.0,cma,14.0
202104150400,54857.0,1.0,9.0,4.0,79.0,170.0,6.0,11.8,5.0,63.0,1016.6,7.0,1.3,2.0,cma,14.0
202104150500,54857.0,1.0,9.0,4.0,79.0,170.0,6.0,11.8,5.0,63.0,1016.6,7.0,1.3,2.0,cma,14.0
202104150600,54857.0,1.0,9.0,4.0,80.0,160.0,5.0,12.2,7.7,74.0,1014.2,7.0,2.4,2.0,cma,19.0
202104150700,54857.0,1.0,9.0,4.0,80.0,160.0,5.0,12.2,7.7,74.0,1014.2,7.0,2.4,2.0,cma,19.0
202104150800,54857.0,1.0,9.0,4.0,80.0,160.0,5.0,12.2,7.7,74.0,1014.2,7.0,2.4,2.0,cma,19.0
202104150900,54857.0,1.0,9.0,4.0,74.0,160.0,7.0,11.0,6.4,73.2,1012.5,7.0,1.7,2.0,cma,16.0
202104151000,54857.0,1.0,9.0,4.0,74.0,160.0,7.0,11.0,6.4,73.2,1012.5,7.0,1.7,2.0,cma,16.0
202104151100,54857.0,1.0,9.0,4.0,74.0,160.0,7.0,11.0,6.4,73.2,1012.5,7.0,1.7,2.0,cma,16.0
202104151200,54857.0,1.0,9.0,4.0,65.0,160.0,5.0,10.3,7.9,85.0,1011.7,7.0,0.8,2.0,cma,16.0
202104151300,54857.0,1.0,9.0,4.0,65.0,160.0,5.0,10.3,7.9,85.0,1011.7,7.0,0.8,2.0,cma,16.0
202104151400,54857.0,1.0,9.0,4.0,65.0,160.0,5.0,10.3,7.9,85.0,1011.7,7.0,0.8,2.0,cma,16.0
202104151500,54857.0,1.0,9.0,4.0,59.0,170.0,4.0,10.9,9.3,89.8,1012.0,2.0,0.4,2.0,cma,15.0
202104151600,54857.0,1.0,9.0,4.0,59.0,170.0,4.0,10.9,9.3,89.8,1012.0,2.0,0.4,2.0,cma,15.0
202104151700,54857.0,1.0,9.0,4.0,59.0,170.0,4.0,10.9,9.3,89.8,1012.0,2.0,0.4,2.0,cma,15.0
202104151800,54857.0,1.0,9.0,4.0,57.0,340.0,6.0,11.7,8.0,78.0,1012.8,2.0,0.8,2.0,cma,15.0
202104151900,54857.0,1.0,9.0,4.0,57.0,340.0,6.0,11.7,8.0,78.0,1012.8,2.0,0.8,2.0,cma,15.0
202104152000,54857.0,1.0,9.0,4.0,57.0,340.0,6.0,11.7,8.0,78.0,1012.8,2.0,0.8,2.0,cma,15.0
202104152100,54857.0,1.0,9.0,4.0,56.0,340.0,5.0,11.3,5.6,67.9,1015.1,2.0,2.2,2.0,cma,27.0
202104152200,54857.0,1.0,9.0,4.0,56.0,340.0,5.0,11.3,5.6,67.9,1015.1,2.0,2.2,2.0,cma,27.0
202104152300,54857.0,1.0,9.0,4.0,56.0,340.0,5.0,11.3,5.6,67.9,1015.1,2.0,2.2,2.0,cma,27.0
202104160000,54857.0,1.0,9.0,4.0,56.0,340.0,3.0,12.4,4.6,58.9,1017.0,2.0,1.9,2.0,cma,40.0
202104160100,54857.0,1.0,9.0,4.0,56.0,340.0,3.0,12.4,4.6,58.9,1017.0,2.0,1.9,2.0,cma,40.0
202104160200,54857.0,1.0,9.0,4.0,56.0,340.0,3.0,12.4,4.6,58.9,1017.0,2.0,1.9,2.0,cma,40.0
202104160300,54857.0,1.0,9.0,4.0,58.0,340.0,2.0,16.3,-1.8,28.9,1017.2,2.0,0.3,2.0,cma,85.0
202104160400,54857.0,1.0,9.0,4.0,58.0,340.0,2.0,16.3,-1.8,28.9,1017.2,2.0,0.3,2.0,cma,85.0
202104160500,54857.0,1.0,9.0,4.0,58.0,340.0,2.0,16.3,-1.8,28.9,1017.2,2.0,0.3,2.0,cma,85.0
202104160600,54857.0,1.0,9.0,4.0,57.0,190.0,4.0,15.9,0.1,34.1,1016.2,7.0,1.0,2.0,cma,99.0
202104160700,54857.0,1.0,9.0,4.0,57.0,190.0,4.0,15.9,0.1,34.1,1016.2,7.0,1.0,2.0,cma,99.0
202104160800,54857.0,1.0,9.0,4.0,57.0,190.0,4.0,15.9,0.1,34.1,1016.2,7.0,1.0,2.0,cma,99.0
202104160900,54857.0,1.0,9.0,4.0,59.0,170.0,4.0,12.5,4.5,58.1,1015.2,7.0,1.0,2.0,cma,154.0
202104161000,54857.0,1.0,9.0,4.0,59.0,170.0,4.0,12.5,4.5,58.1,1015.2,7.0,1.0,2.0,cma,154.0
202104161100,54857.0,1.0,9.0,4.0,59.0,170.0,4.0,12.5,4.5,58.1,1015.2,7.0,1.0,2.0,cma,154.0
202104161200,54857.0,1.0,9.0,4.0,60.0,180.0,4.0,11.2,4.0,61.1,1016.3,2.0,1.0,2.0,cma,134.0
202104161300,54857.0,1.0,9.0,4.0,60.0,180.0,4.0,11.2,4.0,61.1,1016.3,2.0,1.0,2.0,cma,134.0
202104161400,54857.0,1.0,9.0,4.0,60.0,180.0,4.0,11.2,4.0,61.1,1016.3,2.0,1.0,2.0,cma,134.0
202104161500,54857.0,1.0,9.0,4.0,59.0,340.0,5.0,12.4,2.0,49.0,1019.6,2.0,3.4,2.0,cma,151.0
202104161600,54857.0,1.0,9.0,4.0,59.0,340.0,5.0,12.4,2.0,49.0,1019.6,2.0,3.4,2.0,cma,151.0
202104161700,54857.0,1.0,9.0,4.0,59.0,340.0,5.0,12.4,2.0,49.0,1019.6,2.0,3.4,2.0,cma,151.0
202104161800,54857.0,1.0,9.0,4.0,70.0,20.0,1.0,9.8,1.4,55.8,1018.4,7.0,1.2,2.0,cma,133.0
202104161900,54857.0,1.0,9.0,4.0,70.0,20.0,1.0,9.8,1.4,55.8,1018.4,7.0,1.2,2.0,cma,133.0
202104162000,54857.0,1.0,9.0,4.0,70.0,20.0,1.0,9.8,1.4,55.8,1018.4,7.0,1.2,2.0,cma,133.0
202104162100,54857.0,1.0,9.0,4.0,74.0,290.0,4.0,10.4,0.7,51.0,1019.0,2.0,0.5,2.0,cma,97.0
202104162200,54857.0,1.0,9.0,4.0,74.0,290.0,4.0,10.4,0.7,51.0,1019.0,2.0,0.5,2.0,cma,97.0
202104162300,54857.0,1.0,9.0,4.0,74.0,290.0,4.0,10.4,0.7,51.0,1019.0,2.0,0.5,2.0,cma,97.0
202104170000,54857.0,1.0,9.0,4.0,80.0,330.0,6.0,11.8,-2.0,38.1,1021.4,2.0,2.4,2.0,cma,102.0
202104170100,54857.0,1.0,9.0,4.0,80.0,330.0,6.0,11.8,-2.0,38.1,1021.4,2.0,2.4,2.0,cma,102.0
202104170200,54857.0,1.0,9.0,4.0,80.0,330.0,6.0,11.8,-2.0,38.1,1021.4,2.0,2.4,2.0,cma,102.0
202104170300,54857.0,1.0,9.0,4.0,80.0,330.0,8.0,14.0,-7.4,22.0,1021.3,7.0,0.1,2.0,cma,47.0
202104170400,54857.0,1.0,9.0,4.0,80.0,330.0,8.0,14.0,-7.4,22.0,1021.3,7.0,0.1,2.0,cma,47.0
202104170500,54857.0,1.0,9.0,4.0,80.0,330.0,8.0,14.0,-7.4,22.0,1021.3,7.0,0.1,2.0,cma,47.0
202104170600,54857.0,1.0,9.0,4.0,80.0,320.0,7.0,15.9,-8.4,18.0,1020.1,7.0,1.2,2.0,cma,38.0
202104170700,54857.0,1.0,9.0,4.0,80.0,320.0,7.0,15.9,-8.4,18.0,1020.1,7.0,1.2,2.0,cma,38.0
202104170800,54857.0,1.0,9.0,4.0,80.0,320.0,7.0,15.9,-8.4,18.0,1020.1,7.0,1.2,2.0,cma,38.0
202104170900,54857.0,1.0,9.0,4.0,80.0,350.0,9.0,14.9,-4.9,25.1,1019.8,7.0,0.3,2.0,cma,22.0
202104171000,54857.0,1.0,9.0,4.0,80.0,350.0,9.0,14.9,-4.9,25.1,1019.8,7.0,0.3,2.0,cma,22.0
202104171100,54857.0,1.0,9.0,4.0,80.0,350.0,9.0,14.9,-4.9,25.1,1019.8,7.0,0.3,2.0,cma,22.0
202104171200,54857.0,1.0,9.0,4.0,80.0,340.0,4.0,12.7,-4.0,31.0,1022.5,2.0,2.7,2.0,cma,26.0
202104171300,54857.0,1.0,9.0,4.0,80.0,340.0,4.0,12.7,-4.0,31.0,1022.5,2.0,2.7,2.0,cma,26.0
202104171400,54857.0,1.0,9.0,4.0,80.0,340.0,4.0,12.7,-4.0,31.0,1022.5,2.0,2.7,2.0,cma,26.0
202104171500,54857.0,1.0,9.0,4.0,79.0,260.0,2.0,10.0,-2.3,42.0,1022.5,4.0,0.0,2.0,cma,24.0
202104171600,54857.0,1.0,9.0,4.0,79.0,260.0,2.0,10.0,-2.3,42.0,1022.5,4.0,0.0,2.0,cma,24.0
202104171700,54857.0,1.0,9.0,4.0,79.0,260.0,2.0,10.0,-2.3,42.0,1022.5,4.0,0.0,2.0,cma,24.0
202104171800,54857.0,1.0,9.0,4.0,80.0,270.0,2.0,9.3,-5.4,34.9,1022.1,7.0,0.4,2.0,cma,29.0
202104171900,54857.0,1.0,9.0,4.0,80.0,270.0,2.0,9.3,-5.4,34.9,1022.1,7.0,0.4,2.0,cma,29.0
202104172000,54857.0,1.0,9.0,4.0,80.0,270.0,2.0,9.3,-5.4,34.9,1022.1,7.0,0.4,2.0,cma,29.0
202104172100,54857.0,1.0,9.0,4.0,71.0,40.0,1.0,9.3,2.2,61.1,1022.1,4.0,0.0,2.0,cma,22.0
202104172200,54857.0,1.0,9.0,4.0,71.0,40.0,1.0,9.3,2.2,61.1,1022.1,4.0,0.0,2.0,cma,22.0
202104172300,54857.0,1.0,9.0,4.0,71.0,40.0,1.0,9.3,2.2,61.1,1022.1,4.0,0.0,2.0,cma,22.0
202104180000,54857.0,1.0,9.0,4.0,73.0,290.0,2.0,13.3,-2.6,33.1,1022.6,2.0,0.5,2.0,cma,36.0
202104180100,54857.0,1.0,9.0,4.0,73.0,290.0,2.0,13.3,-2.6,33.1,1022.6,2.0,0.5,2.0,cma,36.0
202104180200,54857.0,1.0,9.0,4.0,73.0,290.0,2.0,13.3,-2.6,33.1,1022.6,2.0,0.5,2.0,cma,36.0
202104180300,54857.0,1.0,9.0,4.0,74.0,170.0,3.0,16.8,-1.3,29.0,1021.7,7.0,0.9,2.0,cma,35.0
202104180400,54857.0,1.0,9.0,4.0,74.0,170.0,3.0,16.8,-1.3,29.0,1021.7,7.0,0.9,2.0,cma,35.0
202104180500,54857.0,1.0,9.0,4.0,74.0,170.0,3.0,16.8,-1.3,29.0,1021.7,7.0,0.9,2.0,cma,35.0
202104180600,54857.0,1.0,9.0,4.0,75.0,170.0,4.0,16.0,2.8,41.1,1019.8,7.0,1.9,2.0,cma,57.0
202104180700,54857.0,1.0,9.0,4.0,75.0,170.0,4.0,16.0,2.8,41.1,1019.8,7.0,1.9,2.0,cma,57.0
202104180800,54857.0,1.0,9.0,4.0,75.0,170.0,4.0,16.0,2.8,41.1,1019.8,7.0,1.9,2.0,cma,57.0
202104180900,54857.0,1.0,9.0,4.0,80.0,180.0,4.0,13.9,3.4,49.1,1017.7,7.0,2.1,2.0,cma,37.0
202104181000,54857.0,1.0,9.0,4.0,80.0,180.0,4.0,13.9,3.4,49.1,1017.7,7.0,2.1,2.0,cma,37.0
202104181100,54857.0,1.0,9.0,4.0,80.0,180.0,4.0,13.9,3.4,49.1,1017.7,7.0,2.1,2.0,cma,37.0
202104181200,54857.0,1.0,9.0,4.0,79.0,160.0,4.0,12.0,3.5,56.0,1018.3,2.0,0.6,2.0,cma,47.0
202104181300,54857.0,1.0,9.0,4.0,79.0,160.0,4.0,12.0,3.5,56.0,1018.3,2.0,0.6,2.0,cma,47.0
202104181400,54857.0,1.0,9.0,4.0,79.0,160.0,4.0,12.0,3.5,56.0,1018.3,2.0,0.6,2.0,cma,47.0
202104181500,54857.0,1.0,9.0,4.0,74.0,180.0,3.0,11.2,5.7,68.9,1017.8,7.0,0.4,2.0,cma,25.0
202104181600,54857.0,1.0,9.0,4.0,74.0,180.0,3.0,11.2,5.7,68.9,1017.8,7.0,0.4,2.0,cma,25.0
202104181700,54857.0,1.0,9.0,4.0,74.0,180.0,3.0,11.2,5.7,68.9,1017.8,7.0,0.4,2.0,cma,25.0
202104181800,54857.0,1.0,9.0,4.0,63.0,160.0,3.0,11.1,8.0,81.2,1017.1,7.0,0.7,2.0,cma,32.0
202104181900,54857.0,1.0,9.0,4.0,63.0,160.0,3.0,11.1,8.0,81.2,1017.1,7.0,0.7,2.0,cma,32.0
202104182000,54857.0,1.0,9.0,4.0,63.0,160.0,3.0,11.1,8.0,81.2,1017.1,7.0,0.7,2.0,cma,32.0
202104182100,54857.0,1.0,9.0,4.0,57.0,160.0,4.0,10.8,8.0,82.8,1016.6,7.0,0.5,2.0,cma,31.0
202104182200,54857.0,1.0,9.0,4.0,57.0,160.0,4.0,10.8,8.0,82.8,1016.6,7.0,0.5,2.0,cma,31.0
202104182300,54857.0,1.0,9.0,4.0,57.0,160.0,4.0,10.8,8.0,82.8,1016.6,7.0,0.5,2.0,cma,31.0
202104190000,54857.0,1.0,9.0,4.0,58.0,170.0,3.0,13.1,8.0,71.2,1017.9,2.0,1.2,2.0,cma,44.0
202104190100,54857.0,1.0,9.0,4.0,58.0,170.0,3.0,13.1,8.0,71.2,1017.9,2.0,1.2,2.0,cma,44.0
202104190200,54857.0,1.0,9.0,4.0,58.0,170.0,3.0,13.1,8.0,71.2,1017.9,2.0,1.2,2.0,cma,44.0
202104190300,54857.0,1.0,9.0,4.0,59.0,170.0,4.0,16.1,6.0,51.1,1017.3,7.0,0.5,2.0,cma,39.0
202104190400,54857.0,1.0,9.0,4.0,59.0,170.0,4.0,16.1,6.0,51.1,1017.3,7.0,0.5,2.0,cma,39.0
202104190500,54857.0,1.0,9.0,4.0,59.0,170.0,4.0,16.1,6.0,51.1,1017.3,7.0,0.5,2.0,cma,39.0
202104190600,54857.0,1.0,9.0,4.0,58.0,170.0,4.0,16.0,7.0,55.1,1015.7,7.0,1.6,2.0,cma,54.0
202104190700,54857.0,1.0,9.0,4.0,58.0,170.0,4.0,16.0,7.0,55.1,1015.7,7.0,1.6,2.0,cma,54.0
202104190800,54857.0,1.0,9.0,4.0,58.0,170.0,4.0,16.0,7.0,55.1,1015.7,7.0,1.6,2.0,cma,54.0
202104190900,54857.0,1.0,9.0,4.0,56.0,160.0,5.0,14.5,8.0,65.0,1014.9,7.0,0.8,2.0,cma,59.0
202104191000,54857.0,1.0,9.0,4.0,56.0,160.0,5.0,14.5,8.0,65.0,1014.9,7.0,0.8,2.0,cma,59.0
202104191100,54857.0,1.0,9.0,4.0,56.0,160.0,5.0,14.5,8.0,65.0,1014.9,7.0,0.8,2.0,cma,59.0
202104191200,54857.0,1.0,9.0,4.0,57.0,150.0,4.0,13.2,7.4,67.9,1016.4,2.0,1.5,2.0,cma,60.0
202104191300,54857.0,1.0,9.0,4.0,57.0,150.0,4.0,13.2,7.4,67.9,1016.4,2.0,1.5,2.0,cma,60.0
202104191400,54857.0,1.0,9.0,4.0,57.0,150.0,4.0,13.2,7.4,67.9,1016.4,2.0,1.5,2.0,cma,60.0
202104191500,54857.0,1.0,9.0,4.0,63.0,150.0,3.0,12.8,8.1,73.1,1017.3,2.0,0.9,2.0,cma,74.0
202104191600,54857.0,1.0,9.0,4.0,63.0,150.0,3.0,12.8,8.1,73.1,1017.3,2.0,0.9,2.0,cma,74.0
202104191700,54857.0,1.0,9.0,4.0,63.0,150.0,3.0,12.8,8.1,73.1,1017.3,2.0,0.9,2.0,cma,74.0
202104191800,54857.0,1.0,9.0,4.0,67.0,170.0,3.0,12.1,7.4,72.9,1017.2,7.0,0.1,2.0,cma,83.0
202104191900,54857.0,1.0,9.0,4.0,67.0,170.0,3.0,12.1,7.4,72.9,1017.2,7.0,0.1,2.0,cma,83.0
202104192000,54857.0,1.0,9.0,4.0,67.0,170.0,3.0,12.1,7.4,72.9,1017.2,7.0,0.1,2.0,cma,83.0
202104192100,54857.0,1.0,9.0,4.0,65.0,160.0,3.0,11.7,8.6,81.3,1017.2,4.0,0.0,2.0,cma,75.0
202104192200,54857.0,1.0,9.0,4.0,65.0,160.0,3.0,11.7,8.6,81.3,1017.2,4.0,0.0,2.0,cma,75.0
202104192300,54857.0,1.0,9.0,4.0,65.0,160.0,3.0,11.7,8.6,81.3,1017.2,4.0,0.0,2.0,cma,75.0
202104200000,54857.0,1.0,9.0,4.0,71.0,170.0,4.0,13.9,9.3,73.8,1018.9,2.0,1.7,2.0,cma,52.0
202104200100,54857.0,1.0,9.0,4.0,71.0,170.0,4.0,13.9,9.3,73.8,1018.9,2.0,1.7,2.0,cma,52.0
202104200200,54857.0,1.0,9.0,4.0,71.0,170.0,4.0,13.9,9.3,73.8,1018.9,2.0,1.7,2.0,cma,52.0
202104200300,54857.0,1.0,9.0,4.0,72.0,150.0,3.0,15.9,9.8,67.1,1020.1,2.0,1.2,2.0,cma,39.0
202104200400,54857.0,1.0,9.0,4.0,72.0,150.0,3.0,15.9,9.8,67.1,1020.1,2.0,1.2,2.0,cma,39.0
202104200500,54857.0,1.0,9.0,4.0,72.0,150.0,3.0,15.9,9.8,67.1,1020.1,2.0,1.2,2.0,cma,39.0
202104200600,54857.0,1.0,9.0,4.0,77.0,160.0,4.0,14.0,10.0,76.8,1019.7,7.0,0.5,2.0,cma,34.0
202104200700,54857.0,1.0,9.0,4.0,77.0,160.0,4.0,14.0,10.0,76.8,1019.7,7.0,0.5,2.0,cma,34.0
202104200800,54857.0,1.0,9.0,4.0,77.0,160.0,4.0,14.0,10.0,76.8,1019.7,7.0,0.5,2.0,cma,34.0
202104200900,54857.0,1.0,9.0,4.0,68.0,160.0,2.0,13.1,10.8,85.9,1019.3,7.0,0.4,2.0,cma,28.0
202104201000,54857.0,1.0,9.0,4.0,68.0,160.0,2.0,13.1,10.8,85.9,1019.3,7.0,0.4,2.0,cma,28.0
202104201100,54857.0,1.0,9.0,4.0,68.0,160.0,2.0,13.1,10.8,85.9,1019.3,7.0,0.4,2.0,cma,28.0
202104201200,54857.0,1.0,9.0,4.0,73.0,130.0,3.0,12.3,8.4,77.1,1020.1,2.0,0.8,2.0,cma,19.0
202104201300,54857.0,1.0,9.0,4.0,73.0,130.0,3.0,12.3,8.4,77.1,1020.1,2.0,0.8,2.0,cma,19.0
202104201400,54857.0,1.0,9.0,4.0,73.0,130.0,3.0,12.3,8.4,77.1,1020.1,2.0,0.8,2.0,cma,19.0
202104201500,54857.0,1.0,9.0,4.0,80.0,130.0,3.0,12.7,6.1,64.1,1020.0,4.0,0.0,2.0,cma,24.0
202104201600,54857.0,1.0,9.0,4.0,80.0,130.0,3.0,12.7,6.1,64.1,1020.0,4.0,0.0,2.0,cma,24.0
202104201700,54857.0,1.0,9.0,4.0,80.0,130.0,3.0,12.7,6.1,64.1,1020.0,4.0,0.0,2.0,cma,24.0
202104201800,54857.0,1.0,9.0,4.0,80.0,110.0,2.0,13.6,-0.8,37.0,1019.9,7.0,0.1,2.0,cma,30.0
202104201900,54857.0,1.0,9.0,4.0,80.0,110.0,2.0,13.6,-0.8,37.0,1019.9,7.0,0.1,2.0,cma,30.0
202104202000,54857.0,1.0,9.0,4.0,80.0,110.0,2.0,13.6,-0.8,37.0,1019.9,7.0,0.1,2.0,cma,30.0
202104202100,54857.0,1.0,9.0,4.0,80.0,110.0,3.0,13.2,1.2,43.9,1019.6,7.0,0.3,2.0,cma,26.0
202104202200,54857.0,1.0,9.0,4.0,80.0,110.0,3.0,13.2,1.2,43.9,1019.6,7.0,0.3,2.0,cma,26.0
202104202300,54857.0,1.0,9.0,4.0,80.0,110.0,3.0,13.2,1.2,43.9,1019.6,7.0,0.3,2.0,cma,26.0
202104210000,54857.0,1.0,9.0,4.0,80.0,110.0,5.0,13.1,4.8,57.1,1020.5,2.0,0.8,2.0,cma,12.0
202104210100,54857.0,1.0,9.0,4.0,80.0,110.0,5.0,13.1,4.8,57.1,1020.5,2.0,0.8,2.0,cma,12.0
202104210200,54857.0,1.0,9.0,4.0,80.0,110.0,5.0,13.1,4.8,57.1,1020.5,2.0,0.8,2.0,cma,12.0
202104210300,54857.0,1.0,9.0,4.0,70.0,130.0,5.0,13.5,4.4,54.1,1021.2,2.0,0.7,2.0,cma,16.0
202104210400,54857.0,1.0,9.0,4.0,70.0,130.0,5.0,13.5,4.4,54.1,1021.2,2.0,0.7,2.0,cma,16.0
202104210500,54857.0,1.0,9.0,4.0,70.0,130.0,5.0,13.5,4.4,54.1,1021.2,2.0,0.7,2.0,cma,16.0
202104210600,54857.0,1.0,9.0,4.0,63.0,100.0,3.0,12.6,7.5,71.1,1019.4,7.0,1.7,2.0,cma,23.0
202104210700,54857.0,1.0,9.0,4.0,63.0,100.0,3.0,12.6,7.5,71.1,1019.4,7.0,1.7,2.0,cma,23.0
202104210800,54857.0,1.0,9.0,4.0,63.0,100.0,3.0,12.6,7.5,71.1,1019.4,7.0,1.7,2.0,cma,23.0
202104210900,54857.0,1.0,9.0,4.0,74.0,120.0,3.0,13.0,6.4,64.2,1017.9,7.0,1.5,2.0,cma,19.0
202104211000,54857.0,1.0,9.0,4.0,74.0,120.0,3.0,13.0,6.4,64.2,1017.9,7.0,1.5,2.0,cma,19.0
202104211100,54857.0,1.0,9.0,4.0,74.0,120.0,3.0,13.0,6.4,64.2,1017.9,7.0,1.5,2.0,cma,19.0
202104211200,54857.0,1.0,9.0,4.0,74.0,120.0,4.0,12.7,7.8,72.1,1018.0,2.0,0.1,2.0,cma,23.0
202104211300,54857.0,1.0,9.0,4.0,74.0,120.0,4.0,12.7,7.8,72.1,1018.0,2.0,0.1,2.0,cma,23.0
202104211400,54857.0,1.0,9.0,4.0,74.0,120.0,4.0,12.7,7.8,72.1,1018.0,2.0,0.1,2.0,cma,23.0
202104211500,54857.0,1.0,9.0,4.0,74.0,120.0,4.0,13.1,8.8,75.1,1017.6,7.0,0.4,2.0,cma,33.0
202104211600,54857.0,1.0,9.0,4.0,74.0,120.0,4.0,13.1,8.8,75.1,1017.6,7.0,0.4,2.0,cma,33.0
202104211700,54857.0,1.0,9.0,4.0,74.0,120.0,4.0,13.1,8.8,75.1,1017.6,7.0,0.4,2.0,cma,33.0
202104211800,54857.0,1.0,9.0,4.0,73.0,110.0,5.0,14.1,9.5,73.8,1015.5,7.0,2.1,2.0,cma,11.0
202104211900,54857.0,1.0,9.0,4.0,73.0,110.0,5.0,14.1,9.5,73.8,1015.5,7.0,2.1,2.0,cma,11.0
202104212000,54857.0,1.0,9.0,4.0,73.0,110.0,5.0,14.1,9.5,73.8,1015.5,7.0,2.1,2.0,cma,11.0
202104212100,54857.0,1.0,9.0,4.0,40.0,120.0,5.0,13.2,12.3,94.3,1014.0,7.0,1.5,2.0,cma,29.0
202104212200,54857.0,1.0,9.0,4.0,40.0,120.0,5.0,13.2,12.3,94.3,1014.0,7.0,1.5,2.0,cma,29.0
202104212300,54857.0,1.0,9.0,4.0,40.0,120.0,5.0,13.2,12.3,94.3,1014.0,7.0,1.5,2.0,cma,29.0
202104220000,54857.0,1.0,9.0,4.0,27.0,130.0,6.0,12.6,12.0,96.1,1014.2,2.0,0.2,2.0,cma,22.0
202104220100,54857.0,1.0,9.0,4.0,27.0,130.0,6.0,12.6,12.0,96.1,1014.2,2.0,0.2,2.0,cma,22.0
202104220200,54857.0,1.0,9.0,4.0,27.0,130.0,6.0,12.6,12.0,96.1,1014.2,2.0,0.2,2.0,cma,22.0
202104220300,54857.0,1.0,9.0,4.0,27.0,130.0,4.0,13.0,12.1,94.3,1014.5,2.0,0.3,2.0,cma,32.0
202104220400,54857.0,1.0,9.0,4.0,27.0,130.0,4.0,13.0,12.1,94.3,1014.5,2.0,0.3,2.0,cma,32.0
202104220500,54857.0,1.0,9.0,4.0,27.0,130.0,4.0,13.0,12.1,94.3,1014.5,2.0,0.3,2.0,cma,32.0
202104220600,54857.0,1.0,9.0,4.0,23.0,130.0,6.0,13.3,12.8,96.8,1012.4,7.0,2.1,2.0,cma,29.0
202104220700,54857.0,1.0,9.0,4.0,23.0,130.0,6.0,13.3,12.8,96.8,1012.4,7.0,2.1,2.0,cma,29.0
202104220800,54857.0,1.0,9.0,4.0,23.0,130.0,6.0,13.3,12.8,96.8,1012.4,7.0,2.1,2.0,cma,29.0
202104220900,54857.0,1.0,9.0,4.0,34.0,130.0,4.0,13.2,12.7,96.8,1011.8,7.0,0.6,2.0,cma,30.0
202104221000,54857.0,1.0,9.0,4.0,34.0,130.0,4.0,13.2,12.7,96.8,1011.8,7.0,0.6,2.0,cma,30.0
202104221100,54857.0,1.0,9.0,4.0,34.0,130.0,4.0,13.2,12.7,96.8,1011.8,7.0,0.6,2.0,cma,30.0
202104221200,54857.0,1.0,9.0,4.0,17.0,120.0,4.0,13.0,12.5,96.8,1012.5,2.0,0.7,2.0,cma,29.0
202104221300,54857.0,1.0,9.0,4.0,17.0,120.0,4.0,13.0,12.5,96.8,1012.5,2.0,0.7,2.0,cma,29.0
202104221400,54857.0,1.0,9.0,4.0,17.0,120.0,4.0,13.0,12.5,96.8,1012.5,2.0,0.7,2.0,cma,29.0
202104221500,54857.0,1.0,9.0,4.0,10.0,140.0,2.0,12.2,11.7,96.8,1012.7,2.0,0.2,2.0,cma,27.0
202104221600,54857.0,1.0,9.0,4.0,10.0,140.0,2.0,12.2,11.7,96.8,1012.7,2.0,0.2,2.0,cma,27.0
202104221700,54857.0,1.0,9.0,4.0,10.0,140.0,2.0,12.2,11.7,96.8,1012.7,2.0,0.2,2.0,cma,27.0
202104221800,54857.0,1.0,9.0,4.0,1.0,320.0,2.0,12.5,12.2,98.0,1011.9,7.0,0.8,2.0,cma,19.0
202104221900,54857.0,1.0,9.0,4.0,1.0,320.0,2.0,12.5,12.2,98.0,1011.9,7.0,0.8,2.0,cma,19.0
202104222000,54857.0,1.0,9.0,4.0,1.0,320.0,2.0,12.5,12.2,98.0,1011.9,7.0,0.8,2.0,cma,19.0
202104222100,54857.0,1.0,9.0,4.0,17.0,320.0,6.0,11.6,11.0,96.1,1012.3,2.0,0.4,2.0,cma,24.0
202104222200,54857.0,1.0,9.0,4.0,17.0,320.0,6.0,11.6,11.0,96.1,1012.3,2.0,0.4,2.0,cma,24.0
202104222300,54857.0,1.0,9.0,4.0,17.0,320.0,6.0,11.6,11.0,96.1,1012.3,2.0,0.4,2.0,cma,24.0
202104230000,54857.0,1.0,9.0,4.0,20.0,340.0,7.0,11.7,10.4,91.7,1013.8,2.0,1.5,2.0,cma,26.0
202104230100,54857.0,1.0,9.0,4.0,20.0,340.0,7.0,11.7,10.4,91.7,1013.8,2.0,1.5,2.0,cma,26.0
202104230200,54857.0,1.0,9.0,4.0,20.0,340.0,7.0,11.7,10.4,91.7,1013.8,2.0,1.5,2.0,cma,26.0
202104230300,54857.0,1.0,9.0,4.0,17.0,330.0,5.0,12.5,11.1,91.2,1014.5,2.0,0.7,2.0,cma,23.0
202104230400,54857.0,1.0,9.0,4.0,17.0,330.0,5.0,12.5,11.1,91.2,1014.5,2.0,0.7,2.0,cma,23.0
202104230500,54857.0,1.0,9.0,4.0,17.0,330.0,5.0,12.5,11.1,91.2,1014.5,2.0,0.7,2.0,cma,23.0
202104230600,54857.0,1.0,9.0,4.0,23.0,330.0,4.0,13.3,11.5,88.8,1014.0,7.0,0.5,2.0,cma,43.0
202104230700,54857.0,1.0,9.0,4.0,23.0,330.0,4.0,13.3,11.5,88.8,1014.0,7.0,0.5,2.0,cma,43.0
202104230800,54857.0,1.0,9.0,4.0,23.0,330.0,4.0,13.3,11.5,88.8,1014.0,7.0,0.5,2.0,cma,43.0
202104230900,54857.0,1.0,9.0,4.0,21.0,320.0,4.0,13.1,11.8,91.8,1014.0,4.0,0.0,2.0,cma,68.0
202104231000,54857.0,1.0,9.0,4.0,21.0,320.0,4.0,13.1,11.8,91.8,1014.0,4.0,0.0,2.0,cma,68.0
202104231100,54857.0,1.0,9.0,4.0,21.0,320.0,4.0,13.1,11.8,91.8,1014.0,4.0,0.0,2.0,cma,68.0
202104231200,54857.0,1.0,9.0,4.0,9.0,340.0,4.0,12.8,12.2,96.1,1015.8,2.0,1.8,2.0,cma,75.0
202104231300,54857.0,1.0,9.0,4.0,9.0,340.0,4.0,12.8,12.2,96.1,1015.8,2.0,1.8,2.0,cma,75.0
202104231400,54857.0,1.0,9.0,4.0,9.0,340.0,4.0,12.8,12.2,96.1,1015.8,2.0,1.8,2.0,cma,75.0
202104231500,54857.0,1.0,9.0,4.0,67.0,30.0,3.0,12.3,10.9,91.2,1016.5,2.0,0.7,2.0,cma,72.0
202104231600,54857.0,1.0,9.0,4.0,67.0,30.0,3.0,12.3,10.9,91.2,1016.5,2.0,0.7,2.0,cma,72.0
202104231700,54857.0,1.0,9.0,4.0,67.0,30.0,3.0,12.3,10.9,91.2,1016.5,2.0,0.7,2.0,cma,72.0
202104231800,54857.0,1.0,9.0,4.0,67.0,30.0,3.0,12.3,10.9,91.2,1016.5,2.0,0.7,2.0,cma,72.0
202104231900,54857.0,1.0,9.0,4.0,67.0,30.0,3.0,12.3,10.9,91.2,1016.5,2.0,0.7,2.0,cma,72.0
202104232000,54857.0,1.0,9.0,4.0,67.0,30.0,3.0,12.3,10.9,91.2,1016.5,2.0,0.7,2.0,cma,72.0
202104232100,54857.0,1.0,9.0,4.0,80.0,30.0,3.0,12.4,10.6,88.8,1016.9,2.0,0.6,2.0,cma,58.0
202104232200,54857.0,1.0,9.0,4.0,80.0,30.0,3.0,12.4,10.6,88.8,1016.9,2.0,0.6,2.0,cma,58.0
202104232300,54857.0,1.0,9.0,4.0,80.0,30.0,3.0,12.4,10.6,88.8,1016.9,2.0,0.6,2.0,cma,58.0
202104240000,54857.0,1.0,9.0,4.0,71.0,180.0,1.0,13.1,10.6,84.8,1019.3,2.0,2.3,2.0,cma,15.0
202104240100,54857.0,1.0,9.0,4.0,71.0,180.0,1.0,13.1,10.6,84.8,1019.3,2.0,2.3,2.0,cma,15.0
202104240200,54857.0,1.0,9.0,4.0,71.0,180.0,1.0,13.1,10.6,84.8,1019.3,2.0,2.3,2.0,cma,15.0
202104240300,54857.0,1.0,9.0,4.0,72.0,280.0,3.0,13.8,10.2,78.9,1020.6,2.0,1.3,2.0,cma,21.0
202104240400,54857.0,1.0,9.0,4.0,72.0,280.0,3.0,13.8,10.2,78.9,1020.6,2.0,1.3,2.0,cma,21.0
202104240500,54857.0,1.0,9.0,4.0,72.0,280.0,3.0,13.8,10.2,78.9,1020.6,2.0,1.3,2.0,cma,21.0
202104240600,54857.0,1.0,9.0,4.0,67.0,200.0,2.0,14.1,9.3,72.8,1020.7,2.0,0.1,2.0,cma,1.0
202104240700,54857.0,1.0,9.0,4.0,67.0,200.0,2.0,14.1,9.3,72.8,1020.7,2.0,0.1,2.0,cma,1.0
202104240800,54857.0,1.0,9.0,4.0,67.0,200.0,2.0,14.1,9.3,72.8,1020.7,2.0,0.1,2.0,cma,1.0
202104240900,54857.0,1.0,9.0,4.0,64.0,260.0,2.0,13.6,8.9,73.2,1020.8,2.0,0.1,2.0,cma,18.0
202104241000,54857.0,1.0,9.0,4.0,64.0,260.0,2.0,13.6,8.9,73.2,1020.8,2.0,0.1,2.0,cma,18.0
202104241100,54857.0,1.0,9.0,4.0,64.0,260.0,2.0,13.6,8.9,73.2,1020.8,2.0,0.1,2.0,cma,18.0
202104241200,54857.0,1.0,9.0,4.0,65.0,220.0,2.0,13.0,8.7,75.1,1021.5,2.0,0.7,2.0,cma,19.0
202104241300,54857.0,1.0,9.0,4.0,65.0,220.0,2.0,13.0,8.7,75.1,1021.5,2.0,0.7,2.0,cma,19.0
202104241400,54857.0,1.0,9.0,4.0,65.0,220.0,2.0,13.0,8.7,75.1,1021.5,2.0,0.7,2.0,cma,19.0
202104241500,54857.0,1.0,9.0,4.0,69.0,330.0,3.0,13.6,8.7,72.2,1022.9,2.0,1.4,2.0,cma,27.0
202104241600,54857.0,1.0,9.0,4.0,69.0,330.0,3.0,13.6,8.7,72.2,1022.9,2.0,1.4,2.0,cma,27.0
202104241700,54857.0,1.0,9.0,4.0,69.0,330.0,3.0,13.6,8.7,72.2,1022.9,2.0,1.4,2.0,cma,27.0
202104241800,54857.0,1.0,9.0,4.0,63.0,330.0,3.0,13.3,9.4,77.2,1022.0,7.0,0.9,2.0,cma,23.0
202104241900,54857.0,1.0,9.0,4.0,63.0,330.0,3.0,13.3,9.4,77.2,1022.0,7.0,0.9,2.0,cma,23.0
202104242000,54857.0,1.0,9.0,4.0,63.0,330.0,3.0,13.3,9.4,77.2,1022.0,7.0,0.9,2.0,cma,23.0
202104242100,54857.0,1.0,9.0,4.0,58.0,340.0,4.0,12.8,9.1,78.2,1021.8,7.0,0.2,2.0,cma,40.0
202104242200,54857.0,1.0,9.0,4.0,58.0,340.0,4.0,12.8,9.1,78.2,1021.8,7.0,0.2,2.0,cma,40.0
202104242300,54857.0,1.0,9.0,4.0,58.0,340.0,4.0,12.8,9.1,78.2,1021.8,7.0,0.2,2.0,cma,40.0
202104250000,54857.0,1.0,9.0,4.0,50.0,320.0,3.0,14.4,9.8,73.9,1022.8,2.0,1.0,2.0,cma,26.0
202104250100,54857.0,1.0,9.0,4.0,50.0,320.0,3.0,14.4,9.8,73.9,1022.8,2.0,1.0,2.0,cma,26.0
202104250200,54857.0,1.0,9.0,4.0,50.0,320.0,3.0,14.4,9.8,73.9,1022.8,2.0,1.0,2.0,cma,26.0
202104250300,54857.0,1.0,9.0,4.0,47.0,330.0,4.0,16.9,10.7,66.8,1023.1,2.0,0.4,2.0,cma,38.0
202104250400,54857.0,1.0,9.0,4.0,47.0,330.0,4.0,16.9,10.7,66.8,1023.1,2.0,0.4,2.0,cma,38.0
202104250500,54857.0,1.0,9.0,4.0,47.0,330.0,4.0,16.9,10.7,66.8,1023.1,2.0,0.4,2.0,cma,38.0
202104250600,54857.0,1.0,9.0,4.0,57.0,330.0,4.0,19.8,11.0,56.8,1021.3,7.0,1.8,2.0,cma,62.0
202104250700,54857.0,1.0,9.0,4.0,57.0,330.0,4.0,19.8,11.0,56.8,1021.3,7.0,1.8,2.0,cma,62.0
202104250800,54857.0,1.0,9.0,4.0,57.0,330.0,4.0,19.8,11.0,56.8,1021.3,7.0,1.8,2.0,cma,62.0
202104250900,54857.0,1.0,9.0,4.0,57.0,320.0,2.0,17.5,9.9,61.0,1020.2,7.0,1.1,2.0,cma,67.0
202104251000,54857.0,1.0,9.0,4.0,57.0,320.0,2.0,17.5,9.9,61.0,1020.2,7.0,1.1,2.0,cma,67.0
202104251100,54857.0,1.0,9.0,4.0,57.0,320.0,2.0,17.5,9.9,61.0,1020.2,7.0,1.1,2.0,cma,67.0
202104251200,54857.0,1.0,9.0,4.0,64.0,330.0,4.0,14.6,8.5,66.8,1021.3,2.0,1.1,2.0,cma,72.0
202104251300,54857.0,1.0,9.0,4.0,64.0,330.0,4.0,14.6,8.5,66.8,1021.3,2.0,1.1,2.0,cma,72.0
202104251400,54857.0,1.0,9.0,4.0,64.0,330.0,4.0,14.6,8.5,66.8,1021.3,2.0,1.1,2.0,cma,72.0
202104251500,54857.0,1.0,9.0,4.0,65.0,340.0,3.0,11.7,5.3,64.8,1021.5,2.0,0.2,2.0,cma,73.0
202104251600,54857.0,1.0,9.0,4.0,65.0,340.0,3.0,11.7,5.3,64.8,1021.5,2.0,0.2,2.0,cma,73.0
202104251700,54857.0,1.0,9.0,4.0,65.0,340.0,3.0,11.7,5.3,64.8,1021.5,2.0,0.2,2.0,cma,73.0
202104251800,54857.0,1.0,9.0,4.0,58.0,320.0,2.0,10.8,6.9,76.8,1020.3,7.0,1.2,2.0,cma,56.0
202104251900,54857.0,1.0,9.0,4.0,58.0,320.0,2.0,10.8,6.9,76.8,1020.3,7.0,1.2,2.0,cma,56.0
202104252000,54857.0,1.0,9.0,4.0,58.0,320.0,2.0,10.8,6.9,76.8,1020.3,7.0,1.2,2.0,cma,56.0
202104252100,54857.0,1.0,9.0,4.0,50.0,310.0,2.0,10.1,7.3,82.7,1019.5,7.0,0.8,2.0,cma,48.0
202104252200,54857.0,1.0,9.0,4.0,50.0,310.0,2.0,10.1,7.3,82.7,1019.5,7.0,0.8,2.0,cma,48.0
202104252300,54857.0,1.0,9.0,4.0,50.0,310.0,2.0,10.1,7.3,82.7,1019.5,7.0,0.8,2.0,cma,48.0
202104260000,54857.0,1.0,9.0,4.0,58.0,190.0,1.0,13.7,7.0,63.9,1019.8,2.0,0.3,2.0,cma,37.0
202104260100,54857.0,1.0,9.0,4.0,58.0,190.0,1.0,13.7,7.0,63.9,1019.8,2.0,0.3,2.0,cma,37.0
202104260200,54857.0,1.0,9.0,4.0,58.0,190.0,1.0,13.7,7.0,63.9,1019.8,2.0,0.3,2.0,cma,37.0
202104260300,54857.0,1.0,9.0,4.0,58.0,160.0,3.0,15.0,7.8,62.1,1019.4,7.0,0.4,2.0,cma,62.0
202104260400,54857.0,1.0,9.0,4.0,58.0,160.0,3.0,15.0,7.8,62.1,1019.4,7.0,0.4,2.0,cma,62.0
202104260500,54857.0,1.0,9.0,4.0,58.0,160.0,3.0,15.0,7.8,62.1,1019.4,7.0,0.4,2.0,cma,62.0
202104260600,54857.0,1.0,9.0,4.0,60.0,150.0,2.0,13.2,7.9,70.2,1018.5,7.0,1.0,2.0,cma,65.0
202104260700,54857.0,1.0,9.0,4.0,60.0,150.0,2.0,13.2,7.9,70.2,1018.5,7.0,1.0,2.0,cma,65.0
202104260800,54857.0,1.0,9.0,4.0,60.0,150.0,2.0,13.2,7.9,70.2,1018.5,7.0,1.0,2.0,cma,65.0
202104260900,54857.0,1.0,9.0,4.0,21.0,150.0,3.0,11.8,10.9,94.2,1017.3,7.0,1.2,2.0,cma,62.0
202104261000,54857.0,1.0,9.0,4.0,21.0,150.0,3.0,11.8,10.9,94.2,1017.3,7.0,1.2,2.0,cma,62.0
202104261100,54857.0,1.0,9.0,4.0,21.0,150.0,3.0,11.8,10.9,94.2,1017.3,7.0,1.2,2.0,cma,62.0
202104261200,54857.0,1.0,9.0,4.0,8.0,140.0,3.0,11.7,11.2,96.7,1017.7,2.0,0.5,2.0,cma,68.0
202104261300,54857.0,1.0,9.0,4.0,8.0,140.0,3.0,11.7,11.2,96.7,1017.7,2.0,0.5,2.0,cma,68.0
202104261400,54857.0,1.0,9.0,4.0,8.0,140.0,3.0,11.7,11.2,96.7,1017.7,2.0,0.5,2.0,cma,68.0
202104261500,54857.0,1.0,9.0,4.0,3.0,170.0,3.0,12.2,11.9,98.0,1017.9,2.0,0.2,2.0,cma,41.0
202104261600,54857.0,1.0,9.0,4.0,3.0,170.0,3.0,12.2,11.9,98.0,1017.9,2.0,0.2,2.0,cma,41.0
202104261700,54857.0,1.0,9.0,4.0,3.0,170.0,3.0,12.2,11.9,98.0,1017.9,2.0,0.2,2.0,cma,41.0
202104261800,54857.0,1.0,9.0,4.0,12.0,160.0,2.0,12.6,12.3,98.0,1016.3,7.0,1.6,2.0,cma,55.0
202104261900,54857.0,1.0,9.0,4.0,12.0,160.0,2.0,12.6,12.3,98.0,1016.3,7.0,1.6,2.0,cma,55.0
202104262000,54857.0,1.0,9.0,4.0,12.0,160.0,2.0,12.6,12.3,98.0,1016.3,7.0,1.6,2.0,cma,55.0
202104262100,54857.0,1.0,9.0,4.0,2.0,170.0,1.0,12.3,12.0,98.0,1016.0,7.0,0.4,2.0,cma,55.0
202104262200,54857.0,1.0,9.0,4.0,2.0,170.0,1.0,12.3,12.0,98.0,1016.0,7.0,0.4,2.0,cma,55.0
202104262300,54857.0,1.0,9.0,4.0,2.0,170.0,1.0,12.3,12.0,98.0,1016.0,7.0,0.4,2.0,cma,55.0
202104270000,54857.0,1.0,9.0,4.0,2.0,160.0,3.0,12.6,12.3,98.0,1015.2,7.0,0.7,2.0,cma,66.0
202104270100,54857.0,1.0,9.0,4.0,2.0,160.0,3.0,12.6,12.3,98.0,1015.2,7.0,0.7,2.0,cma,66.0
202104270200,54857.0,1.0,9.0,4.0,2.0,160.0,3.0,12.6,12.3,98.0,1015.2,7.0,0.7,2.0,cma,66.0
202104270300,54857.0,1.0,9.0,4.0,49.0,210.0,2.0,17.2,13.7,79.9,1015.6,2.0,0.4,2.0,cma,43.0
202104270400,54857.0,1.0,9.0,4.0,49.0,210.0,2.0,17.2,13.7,79.9,1015.6,2.0,0.4,2.0,cma,43.0
202104270500,54857.0,1.0,9.0,4.0,49.0,210.0,2.0,17.2,13.7,79.9,1015.6,2.0,0.4,2.0,cma,43.0
202104270600,54857.0,1.0,9.0,4.0,40.0,170.0,3.0,17.5,12.8,73.9,1014.5,7.0,1.0,2.0,cma,28.0
202104270700,54857.0,1.0,9.0,4.0,40.0,170.0,3.0,17.5,12.8,73.9,1014.5,7.0,1.0,2.0,cma,28.0
202104270800,54857.0,1.0,9.0,4.0,40.0,170.0,3.0,17.5,12.8,73.9,1014.5,7.0,1.0,2.0,cma,28.0
202104270900,54857.0,1.0,9.0,4.0,57.0,350.0,5.0,19.5,6.3,42.1,1014.3,7.0,0.2,2.0,cma,47.0
202104271000,54857.0,1.0,9.0,4.0,57.0,350.0,5.0,19.5,6.3,42.1,1014.3,7.0,0.2,2.0,cma,47.0
202104271100,54857.0,1.0,9.0,4.0,57.0,350.0,5.0,19.5,6.3,42.1,1014.3,7.0,0.2,2.0,cma,47.0
202104271200,54857.0,1.0,9.0,4.0,56.0,100.0,1.0,17.0,6.8,51.0,1016.4,2.0,2.0,2.0,cma,55.0
202104271300,54857.0,1.0,9.0,4.0,56.0,100.0,1.0,17.0,6.8,51.0,1016.4,2.0,2.0,2.0,cma,55.0
202104271400,54857.0,1.0,9.0,4.0,56.0,100.0,1.0,17.0,6.8,51.0,1016.4,2.0,2.0,2.0,cma,55.0
202104271500,54857.0,1.0,9.0,4.0,56.0,160.0,3.0,14.8,7.6,62.0,1017.8,2.0,1.5,2.0,cma,61.0
202104271600,54857.0,1.0,9.0,4.0,56.0,160.0,3.0,14.8,7.6,62.0,1017.8,2.0,1.5,2.0,cma,61.0
202104271700,54857.0,1.0,9.0,4.0,56.0,160.0,3.0,14.8,7.6,62.0,1017.8,2.0,1.5,2.0,cma,61.0
202104271800,54857.0,1.0,9.0,4.0,56.0,140.0,3.0,14.8,7.6,62.0,1017.4,7.0,0.4,2.0,cma,54.0
202104271900,54857.0,1.0,9.0,4.0,56.0,140.0,3.0,14.8,7.6,62.0,1017.4,7.0,0.4,2.0,cma,54.0
202104272000,54857.0,1.0,9.0,4.0,56.0,140.0,3.0,14.8,7.6,62.0,1017.4,7.0,0.4,2.0,cma,54.0
202104272100,54857.0,1.0,9.0,4.0,12.0,160.0,1.0,12.9,11.3,90.0,1017.1,7.0,0.3,2.0,cma,126.0
202104272200,54857.0,1.0,9.0,4.0,12.0,160.0,1.0,12.9,11.3,90.0,1017.1,7.0,0.3,2.0,cma,126.0
202104272300,54857.0,1.0,9.0,4.0,12.0,160.0,1.0,12.9,11.3,90.0,1017.1,7.0,0.3,2.0,cma,126.0
202104280000,54857.0,1.0,9.0,4.0,50.0,30.0,2.0,15.9,7.7,58.2,1017.9,2.0,0.8,2.0,cma,116.0
202104280100,54857.0,1.0,9.0,4.0,50.0,30.0,2.0,15.9,7.7,58.2,1017.9,2.0,0.8,2.0,cma,116.0
202104280200,54857.0,1.0,9.0,4.0,50.0,30.0,2.0,15.9,7.7,58.2,1017.9,2.0,0.8,2.0,cma,116.0
202104280300,54857.0,1.0,9.0,4.0,58.0,310.0,2.0,18.1,2.8,36.0,1017.4,7.0,0.5,2.0,cma,101.0
202104280400,54857.0,1.0,9.0,4.0,58.0,310.0,2.0,18.1,2.8,36.0,1017.4,7.0,0.5,2.0,cma,101.0
202104280500,54857.0,1.0,9.0,4.0,58.0,310.0,2.0,18.1,2.8,36.0,1017.4,7.0,0.5,2.0,cma,101.0
202104280600,54857.0,1.0,9.0,4.0,60.0,160.0,3.0,18.7,6.5,44.9,1014.8,7.0,2.6,2.0,cma,119.0
202104280700,54857.0,1.0,9.0,4.0,60.0,160.0,3.0,18.7,6.5,44.9,1014.8,7.0,2.6,2.0,cma,119.0
202104280800,54857.0,1.0,9.0,4.0,60.0,160.0,3.0,18.7,6.5,44.9,1014.8,7.0,2.6,2.0,cma,119.0
202104280900,54857.0,1.0,9.0,4.0,66.0,110.0,2.0,18.5,2.8,35.1,1012.7,7.0,2.1,2.0,cma,107.0
202104281000,54857.0,1.0,9.0,4.0,66.0,110.0,2.0,18.5,2.8,35.1,1012.7,7.0,2.1,2.0,cma,107.0
202104281100,54857.0,1.0,9.0,4.0,66.0,110.0,2.0,18.5,2.8,35.1,1012.7,7.0,2.1,2.0,cma,107.0
202104281200,54857.0,1.0,9.0,4.0,45.0,160.0,1.0,13.8,9.5,75.2,1013.7,2.0,1.0,2.0,cma,109.0
202104281300,54857.0,1.0,9.0,4.0,45.0,160.0,1.0,13.8,9.5,75.2,1013.7,2.0,1.0,2.0,cma,109.0
202104281400,54857.0,1.0,9.0,4.0,45.0,160.0,1.0,13.8,9.5,75.2,1013.7,2.0,1.0,2.0,cma,109.0
202104281500,54857.0,1.0,9.0,4.0,63.0,160.0,2.0,12.6,7.3,70.1,1012.3,7.0,1.4,2.0,cma,80.0
202104281600,54857.0,1.0,9.0,4.0,63.0,160.0,2.0,12.6,7.3,70.1,1012.3,7.0,1.4,2.0,cma,80.0
202104281700,54857.0,1.0,9.0,4.0,63.0,160.0,2.0,12.6,7.3,70.1,1012.3,7.0,1.4,2.0,cma,80.0
202104281800,54857.0,1.0,9.0,4.0,50.0,150.0,3.0,11.1,9.2,88.1,1010.4,7.0,1.9,2.0,cma,48.0
202104281900,54857.0,1.0,9.0,4.0,50.0,150.0,3.0,11.1,9.2,88.1,1010.4,7.0,1.9,2.0,cma,48.0
202104282000,54857.0,1.0,9.0,4.0,50.0,150.0,3.0,11.1,9.2,88.1,1010.4,7.0,1.9,2.0,cma,48.0
202104282100,54857.0,1.0,9.0,4.0,3.0,150.0,5.0,10.1,9.3,94.8,1007.2,7.0,3.2,2.0,cma,90.0
202104282200,54857.0,1.0,9.0,4.0,3.0,150.0,5.0,10.1,9.3,94.8,1007.2,7.0,3.2,2.0,cma,90.0
202104282300,54857.0,1.0,9.0,4.0,3.0,150.0,5.0,10.1,9.3,94.8,1007.2,7.0,3.2,2.0,cma,90.0
202104290000,54857.0,1.0,9.0,4.0,23.0,150.0,4.0,11.3,10.4,94.2,1004.8,7.0,2.4,2.0,cma,40.0
202104290100,54857.0,1.0,9.0,4.0,23.0,150.0,4.0,11.3,10.4,94.2,1004.8,7.0,2.4,2.0,cma,40.0
202104290200,54857.0,1.0,9.0,4.0,23.0,150.0,4.0,11.3,10.4,94.2,1004.8,7.0,2.4,2.0,cma,40.0
202104290300,54857.0,1.0,9.0,4.0,50.0,160.0,4.0,13.9,9.3,73.8,1001.8,7.0,3.0,2.0,cma,57.0
202104290400,54857.0,1.0,9.0,4.0,50.0,160.0,4.0,13.9,9.3,73.8,1001.8,7.0,3.0,2.0,cma,57.0
202104290500,54857.0,1.0,9.0,4.0,50.0,160.0,4.0,13.9,9.3,73.8,1001.8,7.0,3.0,2.0,cma,57.0
202104290600,54857.0,1.0,9.0,4.0,61.0,150.0,3.0,17.0,10.1,63.8,998.8,7.0,2.9,2.0,cma,39.0
202104290700,54857.0,1.0,9.0,4.0,61.0,150.0,3.0,17.0,10.1,63.8,998.8,7.0,2.9,2.0,cma,39.0
202104290800,54857.0,1.0,9.0,4.0,61.0,150.0,3.0,17.0,10.1,63.8,998.8,7.0,2.9,2.0,cma,39.0
202104290900,54857.0,1.0,9.0,4.0,71.0,200.0,1.0,14.7,9.3,70.0,1000.7,2.0,1.8,2.0,cma,54.0
202104291000,54857.0,1.0,9.0,4.0,71.0,200.0,1.0,14.7,9.3,70.0,1000.7,2.0,1.8,2.0,cma,54.0
202104291100,54857.0,1.0,9.0,4.0,71.0,200.0,1.0,14.7,9.3,70.0,1000.7,2.0,1.8,2.0,cma,54.0
202104291200,54857.0,1.0,9.0,4.0,68.0,310.0,3.0,12.6,7.1,69.1,1004.5,2.0,3.8,2.0,cma,73.0
202104291300,54857.0,1.0,9.0,4.0,68.0,310.0,3.0,12.6,7.1,69.1,1004.5,2.0,3.8,2.0,cma,73.0
202104291400,54857.0,1.0,9.0,4.0,68.0,310.0,3.0,12.6,7.1,69.1,1004.5,2.0,3.8,2.0,cma,73.0
202104291500,54857.0,1.0,9.0,4.0,63.0,300.0,3.0,12.6,7.5,71.1,1005.9,2.0,1.4,2.0,cma,48.0
202104291600,54857.0,1.0,9.0,4.0,63.0,300.0,3.0,12.6,7.5,71.1,1005.9,2.0,1.4,2.0,cma,48.0
202104291700,54857.0,1.0,9.0,4.0,63.0,300.0,3.0,12.6,7.5,71.1,1005.9,2.0,1.4,2.0,cma,48.0
202104291800,54857.0,1.0,9.0,4.0,61.0,330.0,2.0,11.2,5.9,69.8,1007.2,2.0,1.3,2.0,cma,53.0
202104291900,54857.0,1.0,9.0,4.0,61.0,330.0,2.0,11.2,5.9,69.8,1007.2,2.0,1.3,2.0,cma,53.0
202104292000,54857.0,1.0,9.0,4.0,61.0,330.0,2.0,11.2,5.9,69.8,1007.2,2.0,1.3,2.0,cma,53.0
202104292100,54857.0,1.0,9.0,4.0,56.0,320.0,2.0,9.8,6.3,78.8,1006.7,7.0,0.6,2.0,cma,46.0
202104292200,54857.0,1.0,9.0,4.0,56.0,320.0,2.0,9.8,6.3,78.8,1006.7,7.0,0.6,2.0,cma,46.0
202104292300,54857.0,1.0,9.0,4.0,56.0,320.0,2.0,9.8,6.3,78.8,1006.7,7.0,0.6,2.0,cma,46.0
202104300000,54857.0,1.0,9.0,4.0,64.0,140.0,2.0,14.0,1.6,42.9,1007.5,2.0,0.9,2.0,cma,55.0
202104300100,54857.0,1.0,9.0,4.0,64.0,140.0,2.0,14.0,1.6,42.9,1007.5,2.0,0.9,2.0,cma,55.0
202104300200,54857.0,1.0,9.0,4.0,64.0,140.0,2.0,14.0,1.6,42.9,1007.5,2.0,0.9,2.0,cma,55.0
202104300300,54857.0,1.0,9.0,4.0,80.0,130.0,2.0,16.0,-3.5,26.0,1006.9,7.0,0.6,2.0,cma,53.0
202104300400,54857.0,1.0,9.0,4.0,80.0,130.0,2.0,16.0,-3.5,26.0,1006.9,7.0,0.6,2.0,cma,53.0
202104300500,54857.0,1.0,9.0,4.0,80.0,130.0,2.0,16.0,-3.5,26.0,1006.9,7.0,0.6,2.0,cma,53.0
202104300600,54857.0,1.0,9.0,4.0,80.0,110.0,4.0,13.9,-5.3,26.0,1004.8,7.0,2.1,2.0,cma,72.0
202104300700,54857.0,1.0,9.0,4.0,80.0,110.0,4.0,13.9,-5.3,26.0,1004.8,7.0,2.1,2.0,cma,72.0
202104300800,54857.0,1.0,9.0,4.0,80.0,110.0,4.0,13.9,-5.3,26.0,1004.8,7.0,2.1,2.0,cma,72.0
202104300900,54857.0,1.0,9.0,4.0,80.0,90.0,5.0,12.5,1.5,47.0,1006.5,2.0,1.6,2.0,cma,56.0
202104301000,54857.0,1.0,9.0,4.0,80.0,90.0,5.0,12.5,1.5,47.0,1006.5,2.0,1.6,2.0,cma,56.0
202104301100,54857.0,1.0,9.0,4.0,80.0,90.0,5.0,12.5,1.5,47.0,1006.5,2.0,1.6,2.0,cma,56.0
202104301200,54857.0,1.0,9.0,4.0,80.0,100.0,3.0,10.8,4.3,64.1,1008.5,2.0,2.0,2.0,cma,32.0
202104301300,54857.0,1.0,9.0,4.0,80.0,100.0,3.0,10.8,4.3,64.1,1008.5,2.0,2.0,2.0,cma,32.0
202104301400,54857.0,1.0,9.0,4.0,80.0,100.0,3.0,10.8,4.3,64.1,1008.5,2.0,2.0,2.0,cma,32.0
202104301500,54857.0,1.0,9.0,4.0,80.0,90.0,2.0,10.0,4.6,69.1,1009.7,2.0,1.2,2.0,cma,21.0
202104301600,54857.0,1.0,9.0,4.0,80.0,90.0,2.0,10.0,4.6,69.1,1009.7,2.0,1.2,2.0,cma,21.0
202104301700,54857.0,1.0,9.0,4.0,80.0,90.0,2.0,10.0,4.6,69.1,1009.7,2.0,1.2,2.0,cma,21.0
202104301800,54857.0,1.0,9.0,4.0,70.0,310.0,2.0,8.7,5.3,79.2,1009.8,2.0,0.1,2.0,cma,38.0
202104301900,54857.0,1.0,9.0,4.0,70.0,310.0,2.0,8.7,5.3,79.2,1009.8,2.0,0.1,2.0,cma,38.0
202104302000,54857.0,1.0,9.0,4.0,70.0,310.0,2.0,8.7,5.3,79.2,1009.8,2.0,0.1,2.0,cma,38.0
202104302100,54857.0,1.0,9.0,4.0,66.0,260.0,2.0,7.8,5.1,83.0,1010.2,2.0,0.3,2.0,cma,24.0
202104302200,54857.0,1.0,9.0,4.0,66.0,260.0,2.0,7.8,5.1,83.0,1010.2,2.0,0.3,2.0,cma,24.0
202104302300,54857.0,1.0,9.0,4.0,66.0,260.0,2.0,7.8,5.1,83.0,1010.2,2.0,0.3,2.0,cma,24.0
202105010000,54857.0,1.0,9.0,4.0,59.0,290.0,3.0,11.2,5.7,68.9,1011.7,2.0,1.6,2.0,cma,14.0
202105010100,54857.0,1.0,9.0,4.0,59.0,290.0,3.0,11.2,5.7,68.9,1011.7,2.0,1.6,2.0,cma,14.0
202105010200,54857.0,1.0,9.0,4.0,59.0,290.0,3.0,11.2,5.7,68.9,1011.7,2.0,1.6,2.0,cma,14.0
202105010300,54857.0,1.0,9.0,4.0,65.0,310.0,4.0,15.4,5.3,50.9,1011.4,7.0,0.3,2.0,cma,32.0
202105010400,54857.0,1.0,9.0,4.0,65.0,310.0,4.0,15.4,5.3,50.9,1011.4,7.0,0.3,2.0,cma,32.0
202105010500,54857.0,1.0,9.0,4.0,65.0,310.0,4.0,15.4,5.3,50.9,1011.4,7.0,0.3,2.0,cma,32.0
202105010600,54857.0,1.0,9.0,4.0,62.0,180.0,4.0,14.5,7.1,61.1,1009.7,7.0,1.7,2.0,cma,40.0
202105010700,54857.0,1.0,9.0,4.0,62.0,180.0,4.0,14.5,7.1,61.1,1009.7,7.0,1.7,2.0,cma,40.0
202105010800,54857.0,1.0,9.0,4.0,62.0,180.0,4.0,14.5,7.1,61.1,1009.7,7.0,1.7,2.0,cma,40.0
202105010900,54857.0,1.0,9.0,4.0,80.0,350.0,8.0,17.3,-1.4,27.9,1010.7,2.0,1.0,2.0,cma,40.0
202105011000,54857.0,1.0,9.0,4.0,80.0,350.0,8.0,17.3,-1.4,27.9,1010.7,2.0,1.0,2.0,cma,40.0
202105011100,54857.0,1.0,9.0,4.0,80.0,350.0,8.0,17.3,-1.4,27.9,1010.7,2.0,1.0,2.0,cma,40.0
202105011200,54857.0,1.0,9.0,4.0,61.0,360.0,5.0,12.5,2.4,50.1,1014.9,2.0,4.2,2.0,cma,42.0
202105011300,54857.0,1.0,9.0,4.0,61.0,360.0,5.0,12.5,2.4,50.1,1014.9,2.0,4.2,2.0,cma,42.0
202105011400,54857.0,1.0,9.0,4.0,61.0,360.0,5.0,12.5,2.4,50.1,1014.9,2.0,4.2,2.0,cma,42.0
202105011500,54857.0,1.0,9.0,4.0,71.0,350.0,5.0,10.9,1.7,53.0,1017.6,2.0,2.7,2.0,cma,40.0
202105011600,54857.0,1.0,9.0,4.0,71.0,350.0,5.0,10.9,1.7,53.0,1017.6,2.0,2.7,2.0,cma,40.0
202105011700,54857.0,1.0,9.0,4.0,71.0,350.0,5.0,10.9,1.7,53.0,1017.6,2.0,2.7,2.0,cma,40.0
202105011800,54857.0,1.0,9.0,4.0,75.0,330.0,3.0,9.9,3.6,64.8,1019.1,2.0,1.4,2.0,cma,27.0
202105011900,54857.0,1.0,9.0,4.0,75.0,330.0,3.0,9.9,3.6,64.8,1019.1,2.0,1.4,2.0,cma,27.0
202105012000,54857.0,1.0,9.0,4.0,75.0,330.0,3.0,9.9,3.6,64.8,1019.1,2.0,1.4,2.0,cma,27.0
202105012100,54857.0,1.0,9.0,4.0,68.0,330.0,4.0,9.4,4.4,70.9,1020.7,2.0,1.6,2.0,cma,80.0
202105012200,54857.0,1.0,9.0,4.0,68.0,330.0,4.0,9.4,4.4,70.9,1020.7,2.0,1.6,2.0,cma,80.0
202105012300,54857.0,1.0,9.0,4.0,68.0,330.0,4.0,9.4,4.4,70.9,1020.7,2.0,1.6,2.0,cma,80.0
202105020000,54857.0,1.0,9.0,4.0,67.0,20.0,5.0,11.9,3.2,55.2,1022.6,2.0,1.9,2.0,cma,33.0
202105020100,54857.0,1.0,9.0,4.0,67.0,20.0,5.0,11.9,3.2,55.2,1022.6,2.0,1.9,2.0,cma,33.0
202105020200,54857.0,1.0,9.0,4.0,67.0,20.0,5.0,11.9,3.2,55.2,1022.6,2.0,1.9,2.0,cma,33.0
202105020300,54857.0,1.0,9.0,4.0,80.0,340.0,3.0,16.3,2.0,38.1,1022.4,7.0,0.2,2.0,cma,27.0
202105020400,54857.0,1.0,9.0,4.0,80.0,340.0,3.0,16.3,2.0,38.1,1022.4,7.0,0.2,2.0,cma,27.0
202105020500,54857.0,1.0,9.0,4.0,80.0,340.0,3.0,16.3,2.0,38.1,1022.4,7.0,0.2,2.0,cma,27.0
202105020600,54857.0,1.0,9.0,4.0,77.0,200.0,3.0,16.9,4.6,44.1,1021.4,7.0,1.0,2.0,cma,35.0
202105020700,54857.0,1.0,9.0,4.0,77.0,200.0,3.0,16.9,4.6,44.1,1021.4,7.0,1.0,2.0,cma,35.0
202105020800,54857.0,1.0,9.0,4.0,77.0,200.0,3.0,16.9,4.6,44.1,1021.4,7.0,1.0,2.0,cma,35.0
202105020900,54857.0,1.0,9.0,4.0,77.0,170.0,3.0,14.1,4.4,52.0,1020.2,7.0,1.2,2.0,cma,37.0
202105021000,54857.0,1.0,9.0,4.0,77.0,170.0,3.0,14.1,4.4,52.0,1020.2,7.0,1.2,2.0,cma,37.0
202105021100,54857.0,1.0,9.0,4.0,77.0,170.0,3.0,14.1,4.4,52.0,1020.2,7.0,1.2,2.0,cma,37.0
202105021200,54857.0,1.0,9.0,4.0,80.0,170.0,2.0,12.5,4.0,56.1,1020.6,2.0,0.4,2.0,cma,16.0
202105021300,54857.0,1.0,9.0,4.0,80.0,170.0,2.0,12.5,4.0,56.1,1020.6,2.0,0.4,2.0,cma,16.0
202105021400,54857.0,1.0,9.0,4.0,80.0,170.0,2.0,12.5,4.0,56.1,1020.6,2.0,0.4,2.0,cma,16.0
202105021500,54857.0,1.0,9.0,4.0,80.0,180.0,3.0,11.7,4.9,63.0,1019.7,7.0,0.8,2.0,cma,29.0
202105021600,54857.0,1.0,9.0,4.0,80.0,180.0,3.0,11.7,4.9,63.0,1019.7,7.0,0.8,2.0,cma,29.0
202105021700,54857.0,1.0,9.0,4.0,80.0,180.0,3.0,11.7,4.9,63.0,1019.7,7.0,0.8,2.0,cma,29.0
202105021800,54857.0,1.0,9.0,4.0,80.0,170.0,2.0,11.1,6.2,71.8,1018.0,7.0,1.7,2.0,cma,38.0
202105021900,54857.0,1.0,9.0,4.0,80.0,170.0,2.0,11.1,6.2,71.8,1018.0,7.0,1.7,2.0,cma,38.0
202105022000,54857.0,1.0,9.0,4.0,80.0,170.0,2.0,11.1,6.2,71.8,1018.0,7.0,1.7,2.0,cma,38.0
202105022100,54857.0,1.0,9.0,4.0,78.0,160.0,3.0,11.1,6.2,71.8,1017.2,7.0,0.8,2.0,cma,33.0
202105022200,54857.0,1.0,9.0,4.0,78.0,160.0,3.0,11.1,6.2,71.8,1017.2,7.0,0.8,2.0,cma,33.0
202105022300,54857.0,1.0,9.0,4.0,78.0,160.0,3.0,11.1,6.2,71.8,1017.2,7.0,0.8,2.0,cma,33.0
202105030000,54857.0,1.0,9.0,4.0,67.0,160.0,4.0,12.6,9.4,80.8,1016.6,7.0,0.6,2.0,cma,17.0
202105030100,54857.0,1.0,9.0,4.0,67.0,160.0,4.0,12.6,9.4,80.8,1016.6,7.0,0.6,2.0,cma,17.0
202105030200,54857.0,1.0,9.0,4.0,67.0,160.0,4.0,12.6,9.4,80.8,1016.6,7.0,0.6,2.0,cma,17.0
202105030300,54857.0,1.0,9.0,4.0,70.0,140.0,5.0,13.7,9.7,76.8,1015.6,7.0,1.0,2.0,cma,49.0
202105030400,54857.0,1.0,9.0,4.0,70.0,140.0,5.0,13.7,9.7,76.8,1015.6,7.0,1.0,2.0,cma,49.0
202105030500,54857.0,1.0,9.0,4.0,70.0,140.0,5.0,13.7,9.7,76.8,1015.6,7.0,1.0,2.0,cma,49.0
202105030600,54857.0,1.0,9.0,4.0,65.0,140.0,5.0,12.9,10.4,84.8,1012.2,7.0,3.4,2.0,cma,13.0
202105030700,54857.0,1.0,9.0,4.0,65.0,140.0,5.0,12.9,10.4,84.8,1012.2,7.0,3.4,2.0,cma,13.0
202105030800,54857.0,1.0,9.0,4.0,65.0,140.0,5.0,12.9,10.4,84.8,1012.2,7.0,3.4,2.0,cma,13.0
202105030900,54857.0,1.0,9.0,4.0,67.0,130.0,3.0,13.3,10.1,80.9,1012.2,4.0,0.0,2.0,cma,34.0
202105031000,54857.0,1.0,9.0,4.0,67.0,130.0,3.0,13.3,10.1,80.9,1012.2,4.0,0.0,2.0,cma,34.0
202105031100,54857.0,1.0,9.0,4.0,67.0,130.0,3.0,13.3,10.1,80.9,1012.2,4.0,0.0,2.0,cma,34.0
202105031200,54857.0,1.0,9.0,4.0,58.0,130.0,4.0,12.6,11.0,90.0,1011.4,7.0,0.8,2.0,cma,21.0
202105031300,54857.0,1.0,9.0,4.0,58.0,130.0,4.0,12.6,11.0,90.0,1011.4,7.0,0.8,2.0,cma,21.0
202105031400,54857.0,1.0,9.0,4.0,58.0,130.0,4.0,12.6,11.0,90.0,1011.4,7.0,0.8,2.0,cma,21.0
202105031500,54857.0,1.0,9.0,4.0,28.0,120.0,4.0,12.6,11.8,94.9,1010.0,7.0,1.4,2.0,cma,32.0
202105031600,54857.0,1.0,9.0,4.0,28.0,120.0,4.0,12.6,11.8,94.9,1010.0,7.0,1.4,2.0,cma,32.0
202105031700,54857.0,1.0,9.0,4.0,28.0,120.0,4.0,12.6,11.8,94.9,1010.0,7.0,1.4,2.0,cma,32.0
202105031800,54857.0,1.0,9.0,4.0,19.0,110.0,1.0,12.8,12.3,96.8,1009.4,7.0,0.6,2.0,cma,22.0
202105031900,54857.0,1.0,9.0,4.0,19.0,110.0,1.0,12.8,12.3,96.8,1009.4,7.0,0.6,2.0,cma,22.0
202105032000,54857.0,1.0,9.0,4.0,19.0,110.0,1.0,12.8,12.3,96.8,1009.4,7.0,0.6,2.0,cma,22.0
202105032100,54857.0,1.0,9.0,4.0,25.0,30.0,0.0,13.5,13.0,96.8,1008.9,7.0,0.4,2.0,cma,33.0
202105032200,54857.0,1.0,9.0,4.0,25.0,30.0,0.0,13.5,13.0,96.8,1008.9,7.0,0.4,2.0,cma,33.0
202105032300,54857.0,1.0,9.0,4.0,25.0,30.0,0.0,13.5,13.0,96.8,1008.9,7.0,0.4,2.0,cma,33.0
202105040000,54857.0,1.0,9.0,4.0,35.0,340.0,5.0,13.4,12.8,96.2,1009.8,2.0,0.8,2.0,cma,42.0
202105040100,54857.0,1.0,9.0,4.0,35.0,340.0,5.0,13.4,12.8,96.2,1009.8,2.0,0.8,2.0,cma,42.0
202105040200,54857.0,1.0,9.0,4.0,35.0,340.0,5.0,13.4,12.8,96.2,1009.8,2.0,0.8,2.0,cma,42.0
202105040300,54857.0,1.0,9.0,4.0,59.0,350.0,5.0,13.6,12.0,90.0,1009.9,2.0,0.1,2.0,cma,34.0
202105040400,54857.0,1.0,9.0,4.0,59.0,350.0,5.0,13.6,12.0,90.0,1009.9,2.0,0.1,2.0,cma,34.0
202105040500,54857.0,1.0,9.0,4.0,59.0,350.0,5.0,13.6,12.0,90.0,1009.9,2.0,0.1,2.0,cma,34.0
202105040600,54857.0,1.0,9.0,4.0,56.0,320.0,6.0,18.6,12.4,67.2,1009.1,7.0,0.7,2.0,cma,74.0
202105040700,54857.0,1.0,9.0,4.0,56.0,320.0,6.0,18.6,12.4,67.2,1009.1,7.0,0.7,2.0,cma,74.0
202105040800,54857.0,1.0,9.0,4.0,56.0,320.0,6.0,18.6,12.4,67.2,1009.1,7.0,0.7,2.0,cma,74.0
202105040900,54857.0,1.0,9.0,4.0,66.0,330.0,7.0,18.7,5.5,41.9,1009.2,2.0,0.1,2.0,cma,36.0
202105041000,54857.0,1.0,9.0,4.0,66.0,330.0,7.0,18.7,5.5,41.9,1009.2,2.0,0.1,2.0,cma,36.0
202105041100,54857.0,1.0,9.0,4.0,66.0,330.0,7.0,18.7,5.5,41.9,1009.2,2.0,0.1,2.0,cma,36.0
202105041200,54857.0,1.0,9.0,4.0,67.0,340.0,2.0,16.5,4.5,44.9,1011.8,2.0,2.6,2.0,cma,21.0
202105041300,54857.0,1.0,9.0,4.0,67.0,340.0,2.0,16.5,4.5,44.9,1011.8,2.0,2.6,2.0,cma,21.0
202105041400,54857.0,1.0,9.0,4.0,67.0,340.0,2.0,16.5,4.5,44.9,1011.8,2.0,2.6,2.0,cma,21.0
202105041500,54857.0,1.0,9.0,4.0,72.0,220.0,3.0,15.4,1.9,40.1,1012.4,2.0,0.6,2.0,cma,41.0
202105041600,54857.0,1.0,9.0,4.0,72.0,220.0,3.0,15.4,1.9,40.1,1012.4,2.0,0.6,2.0,cma,41.0
202105041700,54857.0,1.0,9.0,4.0,72.0,220.0,3.0,15.4,1.9,40.1,1012.4,2.0,0.6,2.0,cma,41.0
202105041800,54857.0,1.0,9.0,4.0,70.0,310.0,3.0,13.9,4.5,53.0,1014.3,2.0,1.9,2.0,cma,48.0
202105041900,54857.0,1.0,9.0,4.0,70.0,310.0,3.0,13.9,4.5,53.0,1014.3,2.0,1.9,2.0,cma,48.0
202105042000,54857.0,1.0,9.0,4.0,70.0,310.0,3.0,13.9,4.5,53.0,1014.3,2.0,1.9,2.0,cma,48.0
202105042100,54857.0,1.0,9.0,4.0,72.0,310.0,2.0,12.1,2.8,52.9,1015.0,2.0,0.7,2.0,cma,47.0
202105042200,54857.0,1.0,9.0,4.0,72.0,310.0,2.0,12.1,2.8,52.9,1015.0,2.0,0.7,2.0,cma,47.0
202105042300,54857.0,1.0,9.0,4.0,72.0,310.0,2.0,12.1,2.8,52.9,1015.0,2.0,0.7,2.0,cma,47.0
202105050000,54857.0,1.0,9.0,4.0,74.0,280.0,3.0,16.6,0.7,34.0,1015.9,2.0,0.9,2.0,cma,45.0
202105050100,54857.0,1.0,9.0,4.0,74.0,280.0,3.0,16.6,0.7,34.0,1015.9,2.0,0.9,2.0,cma,45.0
202105050200,54857.0,1.0,9.0,4.0,74.0,280.0,3.0,16.6,0.7,34.0,1015.9,2.0,0.9,2.0,cma,45.0
202105050300,54857.0,1.0,9.0,4.0,73.0,210.0,2.0,20.3,1.7,29.0,1015.8,7.0,0.1,2.0,cma,58.0
202105050400,54857.0,1.0,9.0,4.0,73.0,210.0,2.0,20.3,1.7,29.0,1015.8,7.0,0.1,2.0,cma,58.0
202105050500,54857.0,1.0,9.0,4.0,73.0,210.0,2.0,20.3,1.7,29.0,1015.8,7.0,0.1,2.0,cma,58.0
202105050600,54857.0,1.0,9.0,4.0,76.0,180.0,4.0,19.1,2.0,31.9,1014.6,7.0,1.2,2.0,cma,43.0
202105050700,54857.0,1.0,9.0,4.0,76.0,180.0,4.0,19.1,2.0,31.9,1014.6,7.0,1.2,2.0,cma,43.0
202105050800,54857.0,1.0,9.0,4.0,76.0,180.0,4.0,19.1,2.0,31.9,1014.6,7.0,1.2,2.0,cma,43.0
202105050900,54857.0,1.0,9.0,4.0,77.0,180.0,5.0,17.3,3.2,38.9,1013.3,7.0,1.3,2.0,cma,36.0
202105051000,54857.0,1.0,9.0,4.0,77.0,180.0,5.0,17.3,3.2,38.9,1013.3,7.0,1.3,2.0,cma,36.0
202105051100,54857.0,1.0,9.0,4.0,77.0,180.0,5.0,17.3,3.2,38.9,1013.3,7.0,1.3,2.0,cma,36.0
202105051200,54857.0,1.0,9.0,4.0,74.0,160.0,4.0,15.1,7.2,59.2,1014.1,2.0,0.8,2.0,cma,32.0
202105051300,54857.0,1.0,9.0,4.0,74.0,160.0,4.0,15.1,7.2,59.2,1014.1,2.0,0.8,2.0,cma,32.0
202105051400,54857.0,1.0,9.0,4.0,74.0,160.0,4.0,15.1,7.2,59.2,1014.1,2.0,0.8,2.0,cma,32.0
202105051500,54857.0,1.0,9.0,4.0,62.0,170.0,4.0,15.4,11.2,76.0,1014.6,2.0,0.5,2.0,cma,38.0
202105051600,54857.0,1.0,9.0,4.0,62.0,170.0,4.0,15.4,11.2,76.0,1014.6,2.0,0.5,2.0,cma,38.0
202105051700,54857.0,1.0,9.0,4.0,62.0,170.0,4.0,15.4,11.2,76.0,1014.6,2.0,0.5,2.0,cma,38.0
202105051800,54857.0,1.0,9.0,4.0,60.0,160.0,3.0,15.4,11.2,76.0,1013.5,7.0,1.1,2.0,cma,47.0
202105051900,54857.0,1.0,9.0,4.0,60.0,160.0,3.0,15.4,11.2,76.0,1013.5,7.0,1.1,2.0,cma,47.0
202105052000,54857.0,1.0,9.0,4.0,60.0,160.0,3.0,15.4,11.2,76.0,1013.5,7.0,1.1,2.0,cma,47.0
202105052100,54857.0,1.0,9.0,4.0,58.0,160.0,3.0,14.2,11.0,81.1,1012.3,7.0,1.2,2.0,cma,43.0
202105052200,54857.0,1.0,9.0,4.0,58.0,160.0,3.0,14.2,11.0,81.1,1012.3,7.0,1.2,2.0,cma,43.0
202105052300,54857.0,1.0,9.0,4.0,58.0,160.0,3.0,14.2,11.0,81.1,1012.3,7.0,1.2,2.0,cma,43.0
202105060000,54857.0,1.0,9.0,4.0,58.0,170.0,4.0,15.5,10.7,73.1,1012.0,7.0,0.3,2.0,cma,86.0
202105060100,54857.0,1.0,9.0,4.0,58.0,170.0,4.0,15.5,10.7,73.1,1012.0,7.0,0.3,2.0,cma,86.0
202105060200,54857.0,1.0,9.0,4.0,58.0,170.0,4.0,15.5,10.7,73.1,1012.0,7.0,0.3,2.0,cma,86.0
202105060300,54857.0,1.0,9.0,4.0,57.0,160.0,5.0,16.2,10.5,68.9,1010.2,7.0,1.8,2.0,cma,73.0
202105060400,54857.0,1.0,9.0,4.0,57.0,160.0,5.0,16.2,10.5,68.9,1010.2,7.0,1.8,2.0,cma,73.0
202105060500,54857.0,1.0,9.0,4.0,57.0,160.0,5.0,16.2,10.5,68.9,1010.2,7.0,1.8,2.0,cma,73.0
202105060600,54857.0,1.0,9.0,4.0,59.0,180.0,6.0,17.5,11.1,66.1,1006.7,7.0,3.4,2.0,cma,71.0
202105060700,54857.0,1.0,9.0,4.0,59.0,180.0,6.0,17.5,11.1,66.1,1006.7,7.0,3.4,2.0,cma,71.0
202105060800,54857.0,1.0,9.0,4.0,59.0,180.0,6.0,17.5,11.1,66.1,1006.7,7.0,3.4,2.0,cma,71.0
202105060900,54857.0,1.0,9.0,4.0,59.0,180.0,7.0,16.7,11.8,72.8,1005.1,7.0,1.6,2.0,cma,73.0
202105061000,54857.0,1.0,9.0,4.0,59.0,180.0,7.0,16.7,11.8,72.8,1005.1,7.0,1.6,2.0,cma,73.0
202105061100,54857.0,1.0,9.0,4.0,59.0,180.0,7.0,16.7,11.8,72.8,1005.1,7.0,1.6,2.0,cma,73.0
202105061200,54857.0,1.0,9.0,4.0,60.0,190.0,4.0,17.7,12.6,72.0,1004.9,7.0,0.2,2.0,cma,77.0
202105061300,54857.0,1.0,9.0,4.0,60.0,190.0,4.0,17.7,12.6,72.0,1004.9,7.0,0.2,2.0,cma,77.0
202105061400,54857.0,1.0,9.0,4.0,60.0,190.0,4.0,17.7,12.6,72.0,1004.9,7.0,0.2,2.0,cma,77.0
202105061500,54857.0,1.0,9.0,4.0,61.0,200.0,4.0,18.4,13.7,74.1,1003.6,7.0,1.3,2.0,cma,56.0
202105061600,54857.0,1.0,9.0,4.0,61.0,200.0,4.0,18.4,13.7,74.1,1003.6,7.0,1.3,2.0,cma,56.0
202105061700,54857.0,1.0,9.0,4.0,61.0,200.0,4.0,18.4,13.7,74.1,1003.6,7.0,1.3,2.0,cma,56.0
202105061800,54857.0,1.0,9.0,4.0,62.0,280.0,5.0,19.1,14.4,74.2,1004.4,2.0,0.9,2.0,cma,44.0
202105061900,54857.0,1.0,9.0,4.0,62.0,280.0,5.0,19.1,14.4,74.2,1004.4,2.0,0.9,2.0,cma,44.0
202105062000,54857.0,1.0,9.0,4.0,62.0,280.0,5.0,19.1,14.4,74.2,1004.4,2.0,0.9,2.0,cma,44.0
202105062100,54857.0,1.0,9.0,4.0,32.0,340.0,7.0,15.6,2.1,40.1,1007.4,2.0,2.9,2.0,cma,63.0
202105062200,54857.0,1.0,9.0,4.0,32.0,340.0,7.0,15.6,2.1,40.1,1007.4,2.0,2.9,2.0,cma,63.0
202105062300,54857.0,1.0,9.0,4.0,32.0,340.0,7.0,15.6,2.1,40.1,1007.4,2.0,2.9,2.0,cma,63.0
202105070000,54857.0,1.0,9.0,4.0,36.0,320.0,7.0,16.8,2.8,39.1,1009.9,2.0,2.5,2.0,cma,54.0
202105070100,54857.0,1.0,9.0,4.0,36.0,320.0,7.0,16.8,2.8,39.1,1009.9,2.0,2.5,2.0,cma,54.0
202105070200,54857.0,1.0,9.0,4.0,36.0,320.0,7.0,16.8,2.8,39.1,1009.9,2.0,2.5,2.0,cma,54.0
202105070300,54857.0,1.0,9.0,4.0,71.0,330.0,8.0,19.8,3.1,33.0,1010.0,2.0,0.1,2.0,cma,62.0
202105070400,54857.0,1.0,9.0,4.0,71.0,330.0,8.0,19.8,3.1,33.0,1010.0,2.0,0.1,2.0,cma,62.0
202105070500,54857.0,1.0,9.0,4.0,71.0,330.0,8.0,19.8,3.1,33.0,1010.0,2.0,0.1,2.0,cma,62.0
202105070600,54857.0,1.0,9.0,4.0,77.0,330.0,5.0,22.4,4.0,30.0,1008.8,7.0,1.1,2.0,cma,131.0
202105070700,54857.0,1.0,9.0,4.0,77.0,330.0,5.0,22.4,4.0,30.0,1008.8,7.0,1.1,2.0,cma,131.0
202105070800,54857.0,1.0,9.0,4.0,77.0,330.0,5.0,22.4,4.0,30.0,1008.8,7.0,1.1,2.0,cma,131.0
202105070900,54857.0,1.0,9.0,4.0,73.0,320.0,3.0,23.3,2.7,25.9,1007.7,7.0,1.1,2.0,cma,388.0
202105071000,54857.0,1.0,9.0,4.0,73.0,320.0,3.0,23.3,2.7,25.9,1007.7,7.0,1.1,2.0,cma,388.0
202105071100,54857.0,1.0,9.0,4.0,73.0,320.0,3.0,23.3,2.7,25.9,1007.7,7.0,1.1,2.0,cma,388.0
202105071200,54857.0,1.0,9.0,4.0,59.0,160.0,3.0,15.9,7.7,58.2,1008.2,2.0,0.4,2.0,cma,74.0
202105071300,54857.0,1.0,9.0,4.0,59.0,160.0,3.0,15.9,7.7,58.2,1008.2,2.0,0.4,2.0,cma,74.0
202105071400,54857.0,1.0,9.0,4.0,59.0,160.0,3.0,15.9,7.7,58.2,1008.2,2.0,0.4,2.0,cma,74.0
202105071500,54857.0,1.0,9.0,4.0,56.0,160.0,5.0,14.5,9.9,73.9,1007.0,7.0,1.2,2.0,cma,65.0
202105071600,54857.0,1.0,9.0,4.0,56.0,160.0,5.0,14.5,9.9,73.9,1007.0,7.0,1.2,2.0,cma,65.0
202105071700,54857.0,1.0,9.0,4.0,56.0,160.0,5.0,14.5,9.9,73.9,1007.0,7.0,1.2,2.0,cma,65.0
202105071800,54857.0,1.0,9.0,4.0,49.0,170.0,4.0,13.9,10.7,81.0,1004.9,7.0,2.1,2.0,cma,111.0
202105071900,54857.0,1.0,9.0,4.0,49.0,170.0,4.0,13.9,10.7,81.0,1004.9,7.0,2.1,2.0,cma,111.0
202105072000,54857.0,1.0,9.0,4.0,49.0,170.0,4.0,13.9,10.7,81.0,1004.9,7.0,2.1,2.0,cma,111.0
202105072100,54857.0,1.0,9.0,4.0,46.0,190.0,4.0,14.6,9.6,71.9,1002.9,7.0,1.9,2.0,cma,129.0
202105072200,54857.0,1.0,9.0,4.0,46.0,190.0,4.0,14.6,9.6,71.9,1002.9,7.0,1.9,2.0,cma,129.0
202105072300,54857.0,1.0,9.0,4.0,46.0,190.0,4.0,14.6,9.6,71.9,1002.9,7.0,1.9,2.0,cma,129.0
202105080000,54857.0,1.0,9.0,4.0,47.0,180.0,3.0,16.9,9.6,62.1,1001.9,7.0,1.1,2.0,cma,150.0
202105080100,54857.0,1.0,9.0,4.0,47.0,180.0,3.0,16.9,9.6,62.1,1001.9,7.0,1.1,2.0,cma,150.0
202105080200,54857.0,1.0,9.0,4.0,47.0,180.0,3.0,16.9,9.6,62.1,1001.9,7.0,1.1,2.0,cma,150.0
202105080300,54857.0,1.0,9.0,4.0,50.0,140.0,2.0,20.5,12.0,58.1,1001.2,7.0,0.6,2.0,cma,240.0
202105080400,54857.0,1.0,9.0,4.0,50.0,140.0,2.0,20.5,12.0,58.1,1001.2,7.0,0.6,2.0,cma,240.0
202105080500,54857.0,1.0,9.0,4.0,50.0,140.0,2.0,20.5,12.0,58.1,1001.2,7.0,0.6,2.0,cma,240.0
202105080600,54857.0,1.0,9.0,4.0,57.0,340.0,6.0,23.8,8.6,37.9,1001.9,2.0,0.7,2.0,cma,215.0
202105080700,54857.0,1.0,9.0,4.0,57.0,340.0,6.0,23.8,8.6,37.9,1001.9,2.0,0.7,2.0,cma,215.0
202105080800,54857.0,1.0,9.0,4.0,57.0,340.0,6.0,23.8,8.6,37.9,1001.9,2.0,0.7,2.0,cma,215.0
202105080900,54857.0,1.0,9.0,4.0,80.0,350.0,7.0,22.9,-4.2,16.0,1004.1,2.0,2.2,2.0,cma,238.0
202105081000,54857.0,1.0,9.0,4.0,80.0,350.0,7.0,22.9,-4.2,16.0,1004.1,2.0,2.2,2.0,cma,238.0
202105081100,54857.0,1.0,9.0,4.0,80.0,350.0,7.0,22.9,-4.2,16.0,1004.1,2.0,2.2,2.0,cma,238.0
202105081200,54857.0,1.0,9.0,4.0,80.0,30.0,7.0,19.4,-7.9,15.0,1006.9,2.0,2.7,2.0,cma,232.0
202105081300,54857.0,1.0,9.0,4.0,80.0,30.0,7.0,19.4,-7.9,15.0,1006.9,2.0,2.7,2.0,cma,232.0
202105081400,54857.0,1.0,9.0,4.0,80.0,30.0,7.0,19.4,-7.9,15.0,1006.9,2.0,2.7,2.0,cma,232.0
202105081500,54857.0,1.0,9.0,4.0,71.0,170.0,4.0,13.8,7.6,66.2,1009.6,2.0,2.7,2.0,cma,201.0
202105081600,54857.0,1.0,9.0,4.0,71.0,170.0,4.0,13.8,7.6,66.2,1009.6,2.0,2.7,2.0,cma,201.0
202105081700,54857.0,1.0,9.0,4.0,71.0,170.0,4.0,13.8,7.6,66.2,1009.6,2.0,2.7,2.0,cma,201.0
202105081800,54857.0,1.0,9.0,4.0,69.0,140.0,2.0,13.5,4.6,54.8,1009.6,4.0,0.0,2.0,cma,163.0
202105081900,54857.0,1.0,9.0,4.0,69.0,140.0,2.0,13.5,4.6,54.8,1009.6,4.0,0.0,2.0,cma,163.0
202105082000,54857.0,1.0,9.0,4.0,69.0,140.0,2.0,13.5,4.6,54.8,1009.6,4.0,0.0,2.0,cma,163.0
202105082100,54857.0,1.0,9.0,4.0,76.0,140.0,2.0,13.2,6.3,62.9,1009.7,2.0,0.1,2.0,cma,118.0
202105082200,54857.0,1.0,9.0,4.0,76.0,140.0,2.0,13.2,6.3,62.9,1009.7,2.0,0.1,2.0,cma,118.0
202105082300,54857.0,1.0,9.0,4.0,76.0,140.0,2.0,13.2,6.3,62.9,1009.7,2.0,0.1,2.0,cma,118.0
202105090000,54857.0,1.0,9.0,4.0,74.0,170.0,4.0,14.9,5.4,52.9,1011.5,2.0,1.8,2.0,cma,96.0
202105090100,54857.0,1.0,9.0,4.0,74.0,170.0,4.0,14.9,5.4,52.9,1011.5,2.0,1.8,2.0,cma,96.0
202105090200,54857.0,1.0,9.0,4.0,74.0,170.0,4.0,14.9,5.4,52.9,1011.5,2.0,1.8,2.0,cma,96.0
202105090300,54857.0,1.0,9.0,4.0,80.0,150.0,3.0,18.7,1.7,32.0,1012.0,2.0,0.4,2.0,cma,49.0
202105090400,54857.0,1.0,9.0,4.0,80.0,150.0,3.0,18.7,1.7,32.0,1012.0,2.0,0.4,2.0,cma,49.0
202105090500,54857.0,1.0,9.0,4.0,80.0,150.0,3.0,18.7,1.7,32.0,1012.0,2.0,0.4,2.0,cma,49.0
202105090600,54857.0,1.0,9.0,4.0,80.0,130.0,3.0,17.7,3.6,39.0,1010.4,7.0,1.6,2.0,cma,50.0
202105090700,54857.0,1.0,9.0,4.0,80.0,130.0,3.0,17.7,3.6,39.0,1010.4,7.0,1.6,2.0,cma,50.0
202105090800,54857.0,1.0,9.0,4.0,80.0,130.0,3.0,17.7,3.6,39.0,1010.4,7.0,1.6,2.0,cma,50.0
202105090900,54857.0,1.0,9.0,4.0,80.0,120.0,4.0,16.3,5.0,47.1,1008.4,7.0,2.0,2.0,cma,52.0
202105091000,54857.0,1.0,9.0,4.0,80.0,120.0,4.0,16.3,5.0,47.1,1008.4,7.0,2.0,2.0,cma,52.0
202105091100,54857.0,1.0,9.0,4.0,80.0,120.0,4.0,16.3,5.0,47.1,1008.4,7.0,2.0,2.0,cma,52.0
202105091200,54857.0,1.0,9.0,4.0,80.0,130.0,4.0,15.1,5.9,54.1,1008.3,7.0,0.1,2.0,cma,60.0
202105091300,54857.0,1.0,9.0,4.0,80.0,130.0,4.0,15.1,5.9,54.1,1008.3,7.0,0.1,2.0,cma,60.0
202105091400,54857.0,1.0,9.0,4.0,80.0,130.0,4.0,15.1,5.9,54.1,1008.3,7.0,0.1,2.0,cma,60.0
202105091500,54857.0,1.0,9.0,4.0,80.0,120.0,6.0,15.7,6.2,53.2,1008.2,4.0,0.0,2.0,cma,33.0
202105091600,54857.0,1.0,9.0,4.0,80.0,120.0,6.0,15.7,6.2,53.2,1008.2,4.0,0.0,2.0,cma,33.0
202105091700,54857.0,1.0,9.0,4.0,80.0,120.0,6.0,15.7,6.2,53.2,1008.2,4.0,0.0,2.0,cma,33.0
202105091800,54857.0,1.0,9.0,4.0,69.0,120.0,5.0,15.5,9.8,68.8,1006.4,7.0,1.8,2.0,cma,30.0
202105091900,54857.0,1.0,9.0,4.0,69.0,120.0,5.0,15.5,9.8,68.8,1006.4,7.0,1.8,2.0,cma,30.0
202105092000,54857.0,1.0,9.0,4.0,69.0,120.0,5.0,15.5,9.8,68.8,1006.4,7.0,1.8,2.0,cma,30.0
202105092100,54857.0,1.0,9.0,4.0,59.0,100.0,4.0,13.9,11.6,86.0,1008.4,2.0,1.9,2.0,cma,27.0
202105092200,54857.0,1.0,9.0,4.0,59.0,100.0,4.0,13.9,11.6,86.0,1008.4,2.0,1.9,2.0,cma,27.0
202105092300,54857.0,1.0,9.0,4.0,59.0,100.0,4.0,13.9,11.6,86.0,1008.4,2.0,1.9,2.0,cma,27.0
202105100000,54857.0,1.0,9.0,4.0,68.0,100.0,7.0,14.0,8.6,69.9,1008.9,2.0,0.5,2.0,cma,19.0
202105100100,54857.0,1.0,9.0,4.0,68.0,100.0,7.0,14.0,8.6,69.9,1008.9,2.0,0.5,2.0,cma,19.0
202105100200,54857.0,1.0,9.0,4.0,68.0,100.0,7.0,14.0,8.6,69.9,1008.9,2.0,0.5,2.0,cma,19.0
202105100300,54857.0,1.0,9.0,4.0,73.0,110.0,9.0,14.0,7.8,66.2,1009.3,2.0,0.4,2.0,cma,52.0
202105100400,54857.0,1.0,9.0,4.0,73.0,110.0,9.0,14.0,7.8,66.2,1009.3,2.0,0.4,2.0,cma,52.0
202105100500,54857.0,1.0,9.0,4.0,73.0,110.0,9.0,14.0,7.8,66.2,1009.3,2.0,0.4,2.0,cma,52.0
202105100600,54857.0,1.0,9.0,4.0,73.0,100.0,7.0,14.2,8.6,69.0,1009.1,7.0,0.2,2.0,cma,50.0
202105100700,54857.0,1.0,9.0,4.0,73.0,100.0,7.0,14.2,8.6,69.0,1009.1,7.0,0.2,2.0,cma,50.0
202105100800,54857.0,1.0,9.0,4.0,73.0,100.0,7.0,14.2,8.6,69.0,1009.1,7.0,0.2,2.0,cma,50.0
202105100900,54857.0,1.0,9.0,4.0,70.0,110.0,1.0,14.6,10.0,73.9,1009.4,2.0,0.3,2.0,cma,30.0
202105101000,54857.0,1.0,9.0,4.0,70.0,110.0,1.0,14.6,10.0,73.9,1009.4,2.0,0.3,2.0,cma,30.0
202105101100,54857.0,1.0,9.0,4.0,70.0,110.0,1.0,14.6,10.0,73.9,1009.4,2.0,0.3,2.0,cma,30.0
202105101200,54857.0,1.0,9.0,4.0,70.0,130.0,1.0,13.7,9.9,77.8,1012.0,2.0,2.5,2.0,cma,26.0
202105101300,54857.0,1.0,9.0,4.0,70.0,130.0,1.0,13.7,9.9,77.8,1012.0,2.0,2.5,2.0,cma,26.0
202105101400,54857.0,1.0,9.0,4.0,70.0,130.0,1.0,13.7,9.9,77.8,1012.0,2.0,2.5,2.0,cma,26.0
202105101500,54857.0,1.0,9.0,4.0,76.0,190.0,1.0,13.7,9.6,76.3,1012.1,2.0,0.1,2.0,cma,25.0
202105101600,54857.0,1.0,9.0,4.0,76.0,190.0,1.0,13.7,9.6,76.3,1012.1,2.0,0.1,2.0,cma,25.0
202105101700,54857.0,1.0,9.0,4.0,76.0,190.0,1.0,13.7,9.6,76.3,1012.1,2.0,0.1,2.0,cma,25.0
202105101800,54857.0,1.0,9.0,4.0,69.0,270.0,2.0,14.0,10.4,78.9,1010.7,7.0,1.3,2.0,cma,27.0
202105101900,54857.0,1.0,9.0,4.0,69.0,270.0,2.0,14.0,10.4,78.9,1010.7,7.0,1.3,2.0,cma,27.0
202105102000,54857.0,1.0,9.0,4.0,69.0,270.0,2.0,14.0,10.4,78.9,1010.7,7.0,1.3,2.0,cma,27.0
202105102100,54857.0,1.0,9.0,4.0,74.0,300.0,1.0,13.9,9.9,76.8,1011.1,2.0,0.4,2.0,cma,33.0
202105102200,54857.0,1.0,9.0,4.0,74.0,300.0,1.0,13.9,9.9,76.8,1011.1,2.0,0.4,2.0,cma,33.0
202105102300,54857.0,1.0,9.0,4.0,74.0,300.0,1.0,13.9,9.9,76.8,1011.1,2.0,0.4,2.0,cma,33.0
202105110000,54857.0,1.0,9.0,4.0,74.0,280.0,3.0,15.1,10.5,74.0,1011.5,2.0,0.4,2.0,cma,27.0
202105110100,54857.0,1.0,9.0,4.0,74.0,280.0,3.0,15.1,10.5,74.0,1011.5,2.0,0.4,2.0,cma,27.0
202105110200,54857.0,1.0,9.0,4.0,74.0,280.0,3.0,15.1,10.5,74.0,1011.5,2.0,0.4,2.0,cma,27.0
202105110300,54857.0,1.0,9.0,4.0,71.0,220.0,1.0,15.8,11.6,76.1,1011.5,4.0,0.0,2.0,cma,24.0
202105110400,54857.0,1.0,9.0,4.0,71.0,220.0,1.0,15.8,11.6,76.1,1011.5,4.0,0.0,2.0,cma,24.0
202105110500,54857.0,1.0,9.0,4.0,71.0,220.0,1.0,15.8,11.6,76.1,1011.5,4.0,0.0,2.0,cma,24.0
202105110600,54857.0,1.0,9.0,4.0,66.0,340.0,2.0,16.8,12.1,73.8,1010.2,7.0,1.3,2.0,cma,22.0
202105110700,54857.0,1.0,9.0,4.0,66.0,340.0,2.0,16.8,12.1,73.8,1010.2,7.0,1.3,2.0,cma,22.0
202105110800,54857.0,1.0,9.0,4.0,66.0,340.0,2.0,16.8,12.1,73.8,1010.2,7.0,1.3,2.0,cma,22.0
202105110900,54857.0,1.0,9.0,4.0,65.0,230.0,1.0,15.2,12.3,82.8,1009.5,7.0,0.7,2.0,cma,29.0
202105111000,54857.0,1.0,9.0,4.0,65.0,230.0,1.0,15.2,12.3,82.8,1009.5,7.0,0.7,2.0,cma,29.0
202105111100,54857.0,1.0,9.0,4.0,65.0,230.0,1.0,15.2,12.3,82.8,1009.5,7.0,0.7,2.0,cma,29.0
202105111200,54857.0,1.0,9.0,4.0,69.0,150.0,2.0,14.6,12.5,87.2,1010.0,2.0,0.5,2.0,cma,23.0
202105111300,54857.0,1.0,9.0,4.0,69.0,150.0,2.0,14.6,12.5,87.2,1010.0,2.0,0.5,2.0,cma,23.0
202105111400,54857.0,1.0,9.0,4.0,69.0,150.0,2.0,14.6,12.5,87.2,1010.0,2.0,0.5,2.0,cma,23.0
202105111500,54857.0,1.0,9.0,4.0,34.0,90.0,2.0,13.9,13.1,94.9,1010.3,2.0,0.3,2.0,cma,29.0
202105111600,54857.0,1.0,9.0,4.0,34.0,90.0,2.0,13.9,13.1,94.9,1010.3,2.0,0.3,2.0,cma,29.0
202105111700,54857.0,1.0,9.0,4.0,34.0,90.0,2.0,13.9,13.1,94.9,1010.3,2.0,0.3,2.0,cma,29.0
202105111800,54857.0,1.0,9.0,4.0,22.0,100.0,3.0,14.4,13.8,96.2,1009.8,7.0,0.5,2.0,cma,19.0
202105111900,54857.0,1.0,9.0,4.0,22.0,100.0,3.0,14.4,13.8,96.2,1009.8,7.0,0.5,2.0,cma,19.0
202105112000,54857.0,1.0,9.0,4.0,22.0,100.0,3.0,14.4,13.8,96.2,1009.8,7.0,0.5,2.0,cma,19.0
202105112100,54857.0,1.0,9.0,4.0,3.0,320.0,0.0,14.5,13.9,96.2,1010.4,2.0,0.6,2.0,cma,23.0
202105112200,54857.0,1.0,9.0,4.0,3.0,320.0,0.0,14.5,13.9,96.2,1010.4,2.0,0.6,2.0,cma,23.0
202105112300,54857.0,1.0,9.0,4.0,3.0,320.0,0.0,14.5,13.9,96.2,1010.4,2.0,0.6,2.0,cma,23.0
202105120000,54857.0,1.0,9.0,4.0,28.0,130.0,3.0,14.6,14.1,96.8,1011.0,2.0,0.6,2.0,cma,19.0
202105120100,54857.0,1.0,9.0,4.0,28.0,130.0,3.0,14.6,14.1,96.8,1011.0,2.0,0.6,2.0,cma,19.0
202105120200,54857.0,1.0,9.0,4.0,28.0,130.0,3.0,14.6,14.1,96.8,1011.0,2.0,0.6,2.0,cma,19.0
202105120300,54857.0,1.0,9.0,4.0,28.0,130.0,3.0,14.6,14.1,96.8,1011.0,2.0,0.6,2.0,cma,19.0
202105120400,54857.0,1.0,9.0,4.0,28.0,130.0,3.0,14.6,14.1,96.8,1011.0,2.0,0.6,2.0,cma,19.0
202105120500,54857.0,1.0,9.0,4.0,28.0,130.0,3.0,14.6,14.1,96.8,1011.0,2.0,0.6,2.0,cma,19.0
202105120600,54857.0,1.0,9.0,4.0,20.0,130.0,2.0,15.4,14.9,96.8,1011.0,7.0,0.5,2.0,cma,21.0
202105120700,54857.0,1.0,9.0,4.0,20.0,130.0,2.0,15.4,14.9,96.8,1011.0,7.0,0.5,2.0,cma,21.0
202105120800,54857.0,1.0,9.0,4.0,20.0,130.0,2.0,15.4,14.9,96.8,1011.0,7.0,0.5,2.0,cma,21.0
202105120900,54857.0,1.0,9.0,4.0,60.0,130.0,1.0,16.2,14.6,90.2,1010.9,7.0,0.1,2.0,cma,15.0
202105121000,54857.0,1.0,9.0,4.0,60.0,130.0,1.0,16.2,14.6,90.2,1010.9,7.0,0.1,2.0,cma,15.0
202105121100,54857.0,1.0,9.0,4.0,60.0,130.0,1.0,16.2,14.6,90.2,1010.9,7.0,0.1,2.0,cma,15.0
202105121200,54857.0,1.0,9.0,4.0,69.0,130.0,2.0,15.0,12.1,82.8,1011.3,2.0,0.4,2.0,cma,13.0
202105121300,54857.0,1.0,9.0,4.0,69.0,130.0,2.0,15.0,12.1,82.8,1011.3,2.0,0.4,2.0,cma,13.0
202105121400,54857.0,1.0,9.0,4.0,69.0,130.0,2.0,15.0,12.1,82.8,1011.3,2.0,0.4,2.0,cma,13.0
202105121500,54857.0,1.0,9.0,4.0,70.0,140.0,3.0,14.0,11.2,83.2,1012.7,2.0,1.4,2.0,cma,16.0
202105121600,54857.0,1.0,9.0,4.0,70.0,140.0,3.0,14.0,11.2,83.2,1012.7,2.0,1.4,2.0,cma,16.0
202105121700,54857.0,1.0,9.0,4.0,70.0,140.0,3.0,14.0,11.2,83.2,1012.7,2.0,1.4,2.0,cma,16.0
202105121800,54857.0,1.0,9.0,4.0,73.0,140.0,3.0,14.5,10.9,79.0,1011.8,7.0,0.9,2.0,cma,23.0
202105121900,54857.0,1.0,9.0,4.0,73.0,140.0,3.0,14.5,10.9,79.0,1011.8,7.0,0.9,2.0,cma,23.0
202105122000,54857.0,1.0,9.0,4.0,73.0,140.0,3.0,14.5,10.9,79.0,1011.8,7.0,0.9,2.0,cma,23.0
202105122100,54857.0,1.0,9.0,4.0,67.0,140.0,2.0,14.1,11.3,83.2,1011.6,7.0,0.2,2.0,cma,30.0
202105122200,54857.0,1.0,9.0,4.0,67.0,140.0,2.0,14.1,11.3,83.2,1011.6,7.0,0.2,2.0,cma,30.0
202105122300,54857.0,1.0,9.0,4.0,67.0,140.0,2.0,14.1,11.3,83.2,1011.6,7.0,0.2,2.0,cma,30.0
202105130000,54857.0,1.0,9.0,4.0,75.0,140.0,3.0,17.5,11.3,66.9,1012.5,2.0,0.9,2.0,cma,23.0
202105130100,54857.0,1.0,9.0,4.0,75.0,140.0,3.0,17.5,11.3,66.9,1012.5,2.0,0.9,2.0,cma,23.0
202105130200,54857.0,1.0,9.0,4.0,75.0,140.0,3.0,17.5,11.3,66.9,1012.5,2.0,0.9,2.0,cma,23.0
202105130300,54857.0,1.0,9.0,4.0,77.0,150.0,4.0,19.2,11.3,60.2,1012.9,2.0,0.4,2.0,cma,33.0
202105130400,54857.0,1.0,9.0,4.0,77.0,150.0,4.0,19.2,11.3,60.2,1012.9,2.0,0.4,2.0,cma,33.0
202105130500,54857.0,1.0,9.0,4.0,77.0,150.0,4.0,19.2,11.3,60.2,1012.9,2.0,0.4,2.0,cma,33.0
202105130600,54857.0,1.0,9.0,4.0,80.0,160.0,4.0,18.9,12.6,66.8,1012.1,7.0,0.8,2.0,cma,31.0
202105130700,54857.0,1.0,9.0,4.0,80.0,160.0,4.0,18.9,12.6,66.8,1012.1,7.0,0.8,2.0,cma,31.0
202105130800,54857.0,1.0,9.0,4.0,80.0,160.0,4.0,18.9,12.6,66.8,1012.1,7.0,0.8,2.0,cma,31.0
202105130900,54857.0,1.0,9.0,4.0,77.0,140.0,4.0,17.0,13.1,77.8,1010.7,7.0,1.4,2.0,cma,33.0
202105131000,54857.0,1.0,9.0,4.0,77.0,140.0,4.0,17.0,13.1,77.8,1010.7,7.0,1.4,2.0,cma,33.0
202105131100,54857.0,1.0,9.0,4.0,77.0,140.0,4.0,17.0,13.1,77.8,1010.7,7.0,1.4,2.0,cma,33.0
202105131200,54857.0,1.0,9.0,4.0,73.0,130.0,2.0,16.1,13.9,86.8,1011.6,2.0,0.9,2.0,cma,22.0
202105131300,54857.0,1.0,9.0,4.0,73.0,130.0,2.0,16.1,13.9,86.8,1011.6,2.0,0.9,2.0,cma,22.0
202105131400,54857.0,1.0,9.0,4.0,73.0,130.0,2.0,16.1,13.9,86.8,1011.6,2.0,0.9,2.0,cma,22.0
202105131500,54857.0,1.0,9.0,4.0,80.0,140.0,4.0,15.4,11.2,76.0,1011.4,7.0,0.1,2.0,cma,34.0
202105131600,54857.0,1.0,9.0,4.0,80.0,140.0,4.0,15.4,11.2,76.0,1011.4,7.0,0.1,2.0,cma,34.0
202105131700,54857.0,1.0,9.0,4.0,80.0,140.0,4.0,15.4,11.2,76.0,1011.4,7.0,0.1,2.0,cma,34.0
202105131800,54857.0,1.0,9.0,4.0,78.0,140.0,4.0,16.2,11.8,75.2,1010.7,7.0,0.7,2.0,cma,25.0
202105131900,54857.0,1.0,9.0,4.0,78.0,140.0,4.0,16.2,11.8,75.2,1010.7,7.0,0.7,2.0,cma,25.0
202105132000,54857.0,1.0,9.0,4.0,78.0,140.0,4.0,16.2,11.8,75.2,1010.7,7.0,0.7,2.0,cma,25.0
202105132100,54857.0,1.0,9.0,4.0,78.0,130.0,4.0,16.4,12.0,75.2,1010.1,7.0,0.6,2.0,cma,40.0
202105132200,54857.0,1.0,9.0,4.0,78.0,130.0,4.0,16.4,12.0,75.2,1010.1,7.0,0.6,2.0,cma,40.0
202105132300,54857.0,1.0,9.0,4.0,78.0,130.0,4.0,16.4,12.0,75.2,1010.1,7.0,0.6,2.0,cma,40.0
202105140000,54857.0,1.0,9.0,4.0,73.0,130.0,5.0,17.6,11.6,67.9,1009.4,7.0,0.7,2.0,cma,17.0
202105140100,54857.0,1.0,9.0,4.0,73.0,130.0,5.0,17.6,11.6,67.9,1009.4,7.0,0.7,2.0,cma,17.0
202105140200,54857.0,1.0,9.0,4.0,73.0,130.0,5.0,17.6,11.6,67.9,1009.4,7.0,0.7,2.0,cma,17.0
202105140300,54857.0,1.0,9.0,4.0,68.0,130.0,5.0,16.1,14.1,87.9,1009.5,4.0,0.0,2.0,cma,25.0
202105140400,54857.0,1.0,9.0,4.0,68.0,130.0,5.0,16.1,14.1,87.9,1009.5,4.0,0.0,2.0,cma,25.0
202105140500,54857.0,1.0,9.0,4.0,68.0,130.0,5.0,16.1,14.1,87.9,1009.5,4.0,0.0,2.0,cma,25.0
202105140600,54857.0,1.0,9.0,4.0,64.0,120.0,4.0,16.7,15.7,93.8,1007.5,7.0,1.9,2.0,cma,19.0
202105140700,54857.0,1.0,9.0,4.0,64.0,120.0,4.0,16.7,15.7,93.8,1007.5,7.0,1.9,2.0,cma,19.0
202105140800,54857.0,1.0,9.0,4.0,64.0,120.0,4.0,16.7,15.7,93.8,1007.5,7.0,1.9,2.0,cma,19.0
202105140900,54857.0,1.0,9.0,4.0,59.0,120.0,4.0,16.1,15.3,95.0,1006.3,7.0,1.2,2.0,cma,23.0
202105141000,54857.0,1.0,9.0,4.0,59.0,120.0,4.0,16.1,15.3,95.0,1006.3,7.0,1.2,2.0,cma,23.0
202105141100,54857.0,1.0,9.0,4.0,59.0,120.0,4.0,16.1,15.3,95.0,1006.3,7.0,1.2,2.0,cma,23.0
202105141200,54857.0,1.0,9.0,4.0,49.0,100.0,4.0,16.1,15.5,96.2,1006.3,4.0,0.0,2.0,cma,18.0
202105141300,54857.0,1.0,9.0,4.0,49.0,100.0,4.0,16.1,15.5,96.2,1006.3,4.0,0.0,2.0,cma,18.0
202105141400,54857.0,1.0,9.0,4.0,49.0,100.0,4.0,16.1,15.5,96.2,1006.3,4.0,0.0,2.0,cma,18.0
202105141500,54857.0,1.0,9.0,4.0,67.0,120.0,4.0,16.3,15.7,96.2,1005.8,7.0,0.5,2.0,cma,25.0
202105141600,54857.0,1.0,9.0,4.0,67.0,120.0,4.0,16.3,15.7,96.2,1005.8,7.0,0.5,2.0,cma,25.0
202105141700,54857.0,1.0,9.0,4.0,67.0,120.0,4.0,16.3,15.7,96.2,1005.8,7.0,0.5,2.0,cma,25.0
202105141800,54857.0,1.0,9.0,4.0,64.0,120.0,2.0,16.1,15.6,96.9,1004.4,7.0,1.4,2.0,cma,10.0
202105141900,54857.0,1.0,9.0,4.0,64.0,120.0,2.0,16.1,15.6,96.9,1004.4,7.0,1.4,2.0,cma,10.0
202105142000,54857.0,1.0,9.0,4.0,64.0,120.0,2.0,16.1,15.6,96.9,1004.4,7.0,1.4,2.0,cma,10.0
202105142100,54857.0,1.0,9.0,4.0,24.0,320.0,2.0,16.1,15.6,96.9,1003.9,7.0,0.5,2.0,cma,13.0
202105142200,54857.0,1.0,9.0,4.0,24.0,320.0,2.0,16.1,15.6,96.9,1003.9,7.0,0.5,2.0,cma,13.0
202105142300,54857.0,1.0,9.0,4.0,24.0,320.0,2.0,16.1,15.6,96.9,1003.9,7.0,0.5,2.0,cma,13.0
202105150000,54857.0,1.0,9.0,4.0,4.0,320.0,3.0,16.4,15.9,96.9,1004.9,2.0,1.0,2.0,cma,5.0
202105150100,54857.0,1.0,9.0,4.0,4.0,320.0,3.0,16.4,15.9,96.9,1004.9,2.0,1.0,2.0,cma,5.0
202105150200,54857.0,1.0,9.0,4.0,4.0,320.0,3.0,16.4,15.9,96.9,1004.9,2.0,1.0,2.0,cma,5.0
202105150300,54857.0,1.0,9.0,4.0,57.0,340.0,5.0,18.7,16.9,89.3,1004.4,7.0,0.5,2.0,cma,8.0
202105150400,54857.0,1.0,9.0,4.0,57.0,340.0,5.0,18.7,16.9,89.3,1004.4,7.0,0.5,2.0,cma,8.0
202105150500,54857.0,1.0,9.0,4.0,57.0,340.0,5.0,18.7,16.9,89.3,1004.4,7.0,0.5,2.0,cma,8.0
202105150600,54857.0,1.0,9.0,4.0,42.0,170.0,3.0,17.7,15.9,89.2,1004.1,7.0,0.3,2.0,cma,11.0
202105150700,54857.0,1.0,9.0,4.0,42.0,170.0,3.0,17.7,15.9,89.2,1004.1,7.0,0.3,2.0,cma,11.0
202105150800,54857.0,1.0,9.0,4.0,42.0,170.0,3.0,17.7,15.9,89.2,1004.1,7.0,0.3,2.0,cma,11.0
202105150900,54857.0,1.0,9.0,4.0,58.0,180.0,1.0,17.6,15.2,85.8,1001.2,7.0,2.9,2.0,cma,39.0
202105151000,54857.0,1.0,9.0,4.0,58.0,180.0,1.0,17.6,15.2,85.8,1001.2,7.0,2.9,2.0,cma,39.0
202105151100,54857.0,1.0,9.0,4.0,58.0,180.0,1.0,17.6,15.2,85.8,1001.2,7.0,2.9,2.0,cma,39.0
202105151200,54857.0,1.0,9.0,4.0,19.0,190.0,1.0,16.1,15.5,96.2,1003.5,2.0,2.3,2.0,cma,9.0
202105151300,54857.0,1.0,9.0,4.0,19.0,190.0,1.0,16.1,15.5,96.2,1003.5,2.0,2.3,2.0,cma,9.0
202105151400,54857.0,1.0,9.0,4.0,19.0,190.0,1.0,16.1,15.5,96.2,1003.5,2.0,2.3,2.0,cma,9.0
202105151500,54857.0,1.0,9.0,4.0,29.0,330.0,4.0,16.4,15.6,95.0,1003.8,2.0,0.3,2.0,cma,51.0
202105151600,54857.0,1.0,9.0,4.0,29.0,330.0,4.0,16.4,15.6,95.0,1003.8,2.0,0.3,2.0,cma,51.0
202105151700,54857.0,1.0,9.0,4.0,29.0,330.0,4.0,16.4,15.6,95.0,1003.8,2.0,0.3,2.0,cma,51.0
202105151800,54857.0,1.0,9.0,4.0,15.0,340.0,4.0,16.0,15.5,96.8,1003.6,7.0,0.2,2.0,cma,14.0
202105151900,54857.0,1.0,9.0,4.0,15.0,340.0,4.0,16.0,15.5,96.8,1003.6,7.0,0.2,2.0,cma,14.0
202105152000,54857.0,1.0,9.0,4.0,15.0,340.0,4.0,16.0,15.5,96.8,1003.6,7.0,0.2,2.0,cma,14.0
202105152100,54857.0,1.0,9.0,4.0,26.0,340.0,7.0,14.3,13.8,96.8,1004.0,2.0,0.4,2.0,cma,47.0
202105152200,54857.0,1.0,9.0,4.0,26.0,340.0,7.0,14.3,13.8,96.8,1004.0,2.0,0.4,2.0,cma,47.0
202105152300,54857.0,1.0,9.0,4.0,26.0,340.0,7.0,14.3,13.8,96.8,1004.0,2.0,0.4,2.0,cma,47.0
202105160000,54857.0,1.0,9.0,4.0,29.0,330.0,7.0,12.8,12.5,98.1,1005.2,2.0,1.1,2.0,cma,27.0
202105160100,54857.0,1.0,9.0,4.0,29.0,330.0,7.0,12.8,12.5,98.1,1005.2,2.0,1.1,2.0,cma,27.0
202105160200,54857.0,1.0,9.0,4.0,29.0,330.0,7.0,12.8,12.5,98.1,1005.2,2.0,1.1,2.0,cma,27.0
202105160300,54857.0,1.0,9.0,4.0,64.0,340.0,10.0,11.8,10.7,93.0,1006.6,2.0,1.4,2.0,cma,30.0
202105160400,54857.0,1.0,9.0,4.0,64.0,340.0,10.0,11.8,10.7,93.0,1006.6,2.0,1.4,2.0,cma,30.0
202105160500,54857.0,1.0,9.0,4.0,64.0,340.0,10.0,11.8,10.7,93.0,1006.6,2.0,1.4,2.0,cma,30.0
202105160600,54857.0,1.0,9.0,4.0,75.0,340.0,7.0,14.3,8.9,70.0,1006.2,7.0,0.4,2.0,cma,22.0
202105160700,54857.0,1.0,9.0,4.0,75.0,340.0,7.0,14.3,8.9,70.0,1006.2,7.0,0.4,2.0,cma,22.0
202105160800,54857.0,1.0,9.0,4.0,75.0,340.0,7.0,14.3,8.9,70.0,1006.2,7.0,0.4,2.0,cma,22.0
202105160900,54857.0,1.0,9.0,4.0,80.0,330.0,6.0,16.3,7.8,57.1,1005.6,7.0,0.6,2.0,cma,20.0
202105161000,54857.0,1.0,9.0,4.0,80.0,330.0,6.0,16.3,7.8,57.1,1005.6,7.0,0.6,2.0,cma,20.0
202105161100,54857.0,1.0,9.0,4.0,80.0,330.0,6.0,16.3,7.8,57.1,1005.6,7.0,0.6,2.0,cma,20.0
202105161200,54857.0,1.0,9.0,4.0,80.0,360.0,6.0,16.5,6.3,50.9,1008.1,2.0,2.5,2.0,cma,23.0
202105161300,54857.0,1.0,9.0,4.0,80.0,360.0,6.0,16.5,6.3,50.9,1008.1,2.0,2.5,2.0,cma,23.0
202105161400,54857.0,1.0,9.0,4.0,80.0,360.0,6.0,16.5,6.3,50.9,1008.1,2.0,2.5,2.0,cma,23.0
202105161500,54857.0,1.0,9.0,4.0,76.0,340.0,5.0,15.0,8.7,66.0,1009.9,2.0,1.7,2.0,cma,27.0
202105161600,54857.0,1.0,9.0,4.0,76.0,340.0,5.0,15.0,8.7,66.0,1009.9,2.0,1.7,2.0,cma,27.0
202105161700,54857.0,1.0,9.0,4.0,76.0,340.0,5.0,15.0,8.7,66.0,1009.9,2.0,1.7,2.0,cma,27.0
202105161800,54857.0,1.0,9.0,4.0,77.0,330.0,4.0,14.5,9.3,70.9,1009.9,2.0,0.1,2.0,cma,18.0
202105161900,54857.0,1.0,9.0,4.0,77.0,330.0,4.0,14.5,9.3,70.9,1009.9,2.0,0.1,2.0,cma,18.0
202105162000,54857.0,1.0,9.0,4.0,77.0,330.0,4.0,14.5,9.3,70.9,1009.9,2.0,0.1,2.0,cma,18.0
202105162100,54857.0,1.0,9.0,4.0,76.0,330.0,3.0,14.1,9.5,73.8,1010.9,2.0,1.0,2.0,cma,25.0
202105162200,54857.0,1.0,9.0,4.0,76.0,330.0,3.0,14.1,9.5,73.8,1010.9,2.0,1.0,2.0,cma,25.0
202105162300,54857.0,1.0,9.0,4.0,76.0,330.0,3.0,14.1,9.5,73.8,1010.9,2.0,1.0,2.0,cma,25.0
202105170000,54857.0,1.0,9.0,4.0,61.0,320.0,4.0,16.7,10.3,65.9,1012.2,2.0,1.3,2.0,cma,28.0
202105170100,54857.0,1.0,9.0,4.0,61.0,320.0,4.0,16.7,10.3,65.9,1012.2,2.0,1.3,2.0,cma,28.0
202105170200,54857.0,1.0,9.0,4.0,61.0,320.0,4.0,16.7,10.3,65.9,1012.2,2.0,1.3,2.0,cma,28.0
202105170300,54857.0,1.0,9.0,4.0,73.0,320.0,4.0,22.2,10.7,48.1,1011.6,7.0,0.5,2.0,cma,43.0
202105170400,54857.0,1.0,9.0,4.0,73.0,320.0,4.0,22.2,10.7,48.1,1011.6,7.0,0.5,2.0,cma,43.0
202105170500,54857.0,1.0,9.0,4.0,73.0,320.0,4.0,22.2,10.7,48.1,1011.6,7.0,0.5,2.0,cma,43.0
202105170600,54857.0,1.0,9.0,4.0,80.0,300.0,4.0,25.3,8.3,33.9,1011.2,7.0,0.4,2.0,cma,25.0
202105170700,54857.0,1.0,9.0,4.0,80.0,300.0,4.0,25.3,8.3,33.9,1011.2,7.0,0.4,2.0,cma,25.0
202105170800,54857.0,1.0,9.0,4.0,80.0,300.0,4.0,25.3,8.3,33.9,1011.2,7.0,0.4,2.0,cma,25.0
202105170900,54857.0,1.0,9.0,4.0,76.0,180.0,2.0,22.2,10.4,47.1,1009.9,7.0,1.3,2.0,cma,53.0
202105171000,54857.0,1.0,9.0,4.0,76.0,180.0,2.0,22.2,10.4,47.1,1009.9,7.0,1.3,2.0,cma,53.0
202105171100,54857.0,1.0,9.0,4.0,76.0,180.0,2.0,22.2,10.4,47.1,1009.9,7.0,1.3,2.0,cma,53.0
202105171200,54857.0,1.0,9.0,4.0,75.0,200.0,3.0,20.4,9.0,47.9,1011.0,2.0,1.1,2.0,cma,30.0
202105171300,54857.0,1.0,9.0,4.0,75.0,200.0,3.0,20.4,9.0,47.9,1011.0,2.0,1.1,2.0,cma,30.0
202105171400,54857.0,1.0,9.0,4.0,75.0,200.0,3.0,20.4,9.0,47.9,1011.0,2.0,1.1,2.0,cma,30.0
202105171500,54857.0,1.0,9.0,4.0,74.0,270.0,1.0,19.7,8.4,48.0,1011.0,2.0,0.1,2.0,cma,42.0
202105171600,54857.0,1.0,9.0,4.0,74.0,270.0,1.0,19.7,8.4,48.0,1011.0,2.0,0.1,2.0,cma,42.0
202105171700,54857.0,1.0,9.0,4.0,74.0,270.0,1.0,19.7,8.4,48.0,1011.0,2.0,0.1,2.0,cma,42.0
202105171800,54857.0,1.0,9.0,4.0,75.0,270.0,2.0,18.8,7.6,48.1,1010.6,7.0,0.4,2.0,cma,68.0
202105171900,54857.0,1.0,9.0,4.0,75.0,270.0,2.0,18.8,7.6,48.1,1010.6,7.0,0.4,2.0,cma,68.0
202105172000,54857.0,1.0,9.0,4.0,75.0,270.0,2.0,18.8,7.6,48.1,1010.6,7.0,0.4,2.0,cma,68.0
202105172100,54857.0,1.0,9.0,4.0,72.0,10.0,1.0,17.8,8.6,54.8,1011.1,2.0,0.4,2.0,cma,54.0
202105172200,54857.0,1.0,9.0,4.0,72.0,10.0,1.0,17.8,8.6,54.8,1011.1,2.0,0.4,2.0,cma,54.0
202105172300,54857.0,1.0,9.0,4.0,72.0,10.0,1.0,17.8,8.6,54.8,1011.1,2.0,0.4,2.0,cma,54.0
202105180000,54857.0,1.0,9.0,4.0,65.0,200.0,1.0,21.4,9.9,47.8,1011.4,2.0,0.4,2.0,cma,34.0
202105180100,54857.0,1.0,9.0,4.0,65.0,200.0,1.0,21.4,9.9,47.8,1011.4,2.0,0.4,2.0,cma,34.0
202105180200,54857.0,1.0,9.0,4.0,65.0,200.0,1.0,21.4,9.9,47.8,1011.4,2.0,0.4,2.0,cma,34.0
202105180300,54857.0,1.0,9.0,4.0,62.0,180.0,2.0,23.7,9.7,41.1,1011.0,7.0,0.4,2.0,cma,39.0
202105180400,54857.0,1.0,9.0,4.0,62.0,180.0,2.0,23.7,9.7,41.1,1011.0,7.0,0.4,2.0,cma,39.0
202105180500,54857.0,1.0,9.0,4.0,62.0,180.0,2.0,23.7,9.7,41.1,1011.0,7.0,0.4,2.0,cma,39.0
202105180600,54857.0,1.0,9.0,4.0,74.0,190.0,3.0,24.8,8.3,35.0,1010.2,7.0,0.8,2.0,cma,37.0
202105180700,54857.0,1.0,9.0,4.0,74.0,190.0,3.0,24.8,8.3,35.0,1010.2,7.0,0.8,2.0,cma,37.0
202105180800,54857.0,1.0,9.0,4.0,74.0,190.0,3.0,24.8,8.3,35.0,1010.2,7.0,0.8,2.0,cma,37.0
202105180900,54857.0,1.0,9.0,4.0,60.0,180.0,3.0,20.2,10.9,55.1,1009.4,7.0,0.9,2.0,cma,61.0
202105181000,54857.0,1.0,9.0,4.0,60.0,180.0,3.0,20.2,10.9,55.1,1009.4,7.0,0.9,2.0,cma,61.0
202105181100,54857.0,1.0,9.0,4.0,60.0,180.0,3.0,20.2,10.9,55.1,1009.4,7.0,0.9,2.0,cma,61.0
202105181200,54857.0,1.0,9.0,4.0,63.0,160.0,3.0,18.3,9.9,58.0,1009.6,2.0,0.3,2.0,cma,75.0
202105181300,54857.0,1.0,9.0,4.0,63.0,160.0,3.0,18.3,9.9,58.0,1009.6,2.0,0.3,2.0,cma,75.0
202105181400,54857.0,1.0,9.0,4.0,63.0,160.0,3.0,18.3,9.9,58.0,1009.6,2.0,0.3,2.0,cma,75.0
202105181500,54857.0,1.0,9.0,4.0,67.0,160.0,2.0,17.2,10.3,63.8,1011.2,2.0,1.6,2.0,cma,73.0
202105181600,54857.0,1.0,9.0,4.0,67.0,160.0,2.0,17.2,10.3,63.8,1011.2,2.0,1.6,2.0,cma,73.0
202105181700,54857.0,1.0,9.0,4.0,67.0,160.0,2.0,17.2,10.3,63.8,1011.2,2.0,1.6,2.0,cma,73.0
202105181800,54857.0,1.0,9.0,4.0,64.0,160.0,3.0,16.1,12.1,77.1,1010.4,7.0,0.8,2.0,cma,60.0
202105181900,54857.0,1.0,9.0,4.0,64.0,160.0,3.0,16.1,12.1,77.1,1010.4,7.0,0.8,2.0,cma,60.0
202105182000,54857.0,1.0,9.0,4.0,64.0,160.0,3.0,16.1,12.1,77.1,1010.4,7.0,0.8,2.0,cma,60.0
202105182100,54857.0,1.0,9.0,4.0,58.0,160.0,3.0,15.7,12.6,81.8,1010.7,2.0,0.2,2.0,cma,69.0
202105182200,54857.0,1.0,9.0,4.0,58.0,160.0,3.0,15.7,12.6,81.8,1010.7,2.0,0.2,2.0,cma,69.0
202105182300,54857.0,1.0,9.0,4.0,58.0,160.0,3.0,15.7,12.6,81.8,1010.7,2.0,0.2,2.0,cma,69.0
202105190000,54857.0,1.0,9.0,4.0,59.0,160.0,2.0,19.7,13.6,67.9,1011.5,2.0,0.8,2.0,cma,36.0
202105190100,54857.0,1.0,9.0,4.0,59.0,160.0,2.0,19.7,13.6,67.9,1011.5,2.0,0.8,2.0,cma,36.0
202105190200,54857.0,1.0,9.0,4.0,59.0,160.0,2.0,19.7,13.6,67.9,1011.5,2.0,0.8,2.0,cma,36.0
202105190300,54857.0,1.0,9.0,4.0,59.0,170.0,3.0,19.9,13.4,66.1,1011.0,7.0,0.5,2.0,cma,54.0
202105190400,54857.0,1.0,9.0,4.0,59.0,170.0,3.0,19.9,13.4,66.1,1011.0,7.0,0.5,2.0,cma,54.0
202105190500,54857.0,1.0,9.0,4.0,59.0,170.0,3.0,19.9,13.4,66.1,1011.0,7.0,0.5,2.0,cma,54.0
202105190600,54857.0,1.0,9.0,4.0,60.0,170.0,2.0,19.7,11.7,59.9,1010.1,7.0,0.9,2.0,cma,46.0
202105190700,54857.0,1.0,9.0,4.0,60.0,170.0,2.0,19.7,11.7,59.9,1010.1,7.0,0.9,2.0,cma,46.0
202105190800,54857.0,1.0,9.0,4.0,60.0,170.0,2.0,19.7,11.7,59.9,1010.1,7.0,0.9,2.0,cma,46.0
202105190900,54857.0,1.0,9.0,4.0,61.0,160.0,2.0,17.6,12.9,73.9,1009.5,7.0,0.6,2.0,cma,75.0
202105191000,54857.0,1.0,9.0,4.0,61.0,160.0,2.0,17.6,12.9,73.9,1009.5,7.0,0.6,2.0,cma,75.0
202105191100,54857.0,1.0,9.0,4.0,61.0,160.0,2.0,17.6,12.9,73.9,1009.5,7.0,0.6,2.0,cma,75.0
202105191200,54857.0,1.0,9.0,4.0,78.0,170.0,1.0,16.8,11.1,69.1,1010.1,2.0,0.6,2.0,cma,52.0
202105191300,54857.0,1.0,9.0,4.0,78.0,170.0,1.0,16.8,11.1,69.1,1010.1,2.0,0.6,2.0,cma,52.0
202105191400,54857.0,1.0,9.0,4.0,78.0,170.0,1.0,16.8,11.1,69.1,1010.1,2.0,0.6,2.0,cma,52.0
202105191500,54857.0,1.0,9.0,4.0,80.0,140.0,1.0,17.3,6.5,49.0,1010.0,7.0,0.1,2.0,cma,66.0
202105191600,54857.0,1.0,9.0,4.0,80.0,140.0,1.0,17.3,6.5,49.0,1010.0,7.0,0.1,2.0,cma,66.0
202105191700,54857.0,1.0,9.0,4.0,80.0,140.0,1.0,17.3,6.5,49.0,1010.0,7.0,0.1,2.0,cma,66.0
202105191800,54857.0,1.0,9.0,4.0,71.0,170.0,2.0,16.0,10.3,68.9,1009.2,7.0,0.8,2.0,cma,47.0
202105191900,54857.0,1.0,9.0,4.0,71.0,170.0,2.0,16.0,10.3,68.9,1009.2,7.0,0.8,2.0,cma,47.0
202105192000,54857.0,1.0,9.0,4.0,71.0,170.0,2.0,16.0,10.3,68.9,1009.2,7.0,0.8,2.0,cma,47.0
202105192100,54857.0,1.0,9.0,4.0,59.0,30.0,4.0,13.5,11.2,86.0,1009.0,7.0,0.3,2.0,cma,39.0
202105192200,54857.0,1.0,9.0,4.0,59.0,30.0,4.0,13.5,11.2,86.0,1009.0,7.0,0.3,2.0,cma,39.0
202105192300,54857.0,1.0,9.0,4.0,59.0,30.0,4.0,13.5,11.2,86.0,1009.0,7.0,0.3,2.0,cma,39.0
202105200000,54857.0,1.0,9.0,4.0,71.0,70.0,3.0,14.6,11.9,83.8,1009.8,2.0,0.8,2.0,cma,8.0
202105200100,54857.0,1.0,9.0,4.0,71.0,70.0,3.0,14.6,11.9,83.8,1009.8,2.0,0.8,2.0,cma,8.0
202105200200,54857.0,1.0,9.0,4.0,71.0,70.0,3.0,14.6,11.9,83.8,1009.8,2.0,0.8,2.0,cma,8.0
202105200300,54857.0,1.0,9.0,4.0,80.0,40.0,3.0,18.1,9.7,57.9,1009.5,7.0,0.2,2.0,cma,22.0
202105200400,54857.0,1.0,9.0,4.0,80.0,40.0,3.0,18.1,9.7,57.9,1009.5,7.0,0.2,2.0,cma,22.0
202105200500,54857.0,1.0,9.0,4.0,80.0,40.0,3.0,18.1,9.7,57.9,1009.5,7.0,0.2,2.0,cma,22.0
202105200600,54857.0,1.0,9.0,4.0,80.0,290.0,3.0,20.9,11.3,54.2,1008.1,7.0,1.4,2.0,cma,34.0
202105200700,54857.0,1.0,9.0,4.0,80.0,290.0,3.0,20.9,11.3,54.2,1008.1,7.0,1.4,2.0,cma,34.0
202105200800,54857.0,1.0,9.0,4.0,80.0,290.0,3.0,20.9,11.3,54.2,1008.1,7.0,1.4,2.0,cma,34.0
202105200900,54857.0,1.0,9.0,4.0,80.0,180.0,2.0,18.4,8.9,53.9,1007.8,7.0,0.4,2.0,cma,14.0
202105201000,54857.0,1.0,9.0,4.0,80.0,180.0,2.0,18.4,8.9,53.9,1007.8,7.0,0.4,2.0,cma,14.0
202105201100,54857.0,1.0,9.0,4.0,80.0,180.0,2.0,18.4,8.9,53.9,1007.8,7.0,0.4,2.0,cma,14.0
202105201200,54857.0,1.0,9.0,4.0,80.0,170.0,2.0,15.0,11.0,77.0,1008.9,2.0,1.1,2.0,cma,4.0
202105201300,54857.0,1.0,9.0,4.0,80.0,170.0,2.0,15.0,11.0,77.0,1008.9,2.0,1.1,2.0,cma,4.0
202105201400,54857.0,1.0,9.0,4.0,80.0,170.0,2.0,15.0,11.0,77.0,1008.9,2.0,1.1,2.0,cma,4.0
202105201500,54857.0,1.0,9.0,4.0,80.0,170.0,2.0,14.2,11.0,81.1,1009.6,2.0,0.7,2.0,cma,13.0
202105201600,54857.0,1.0,9.0,4.0,80.0,170.0,2.0,14.2,11.0,81.1,1009.6,2.0,0.7,2.0,cma,13.0
202105201700,54857.0,1.0,9.0,4.0,80.0,170.0,2.0,14.2,11.0,81.1,1009.6,2.0,0.7,2.0,cma,13.0
202105201800,54857.0,1.0,9.0,4.0,80.0,180.0,3.0,14.0,10.2,77.8,1008.6,7.0,0.9,2.0,cma,10.0
202105201900,54857.0,1.0,9.0,4.0,80.0,180.0,3.0,14.0,10.2,77.8,1008.6,7.0,0.9,2.0,cma,10.0
202105202000,54857.0,1.0,9.0,4.0,80.0,180.0,3.0,14.0,10.2,77.8,1008.6,7.0,0.9,2.0,cma,10.0
202105202100,54857.0,1.0,9.0,4.0,69.0,170.0,4.0,13.9,11.9,87.7,1008.9,2.0,0.2,2.0,cma,19.0
202105202200,54857.0,1.0,9.0,4.0,69.0,170.0,4.0,13.9,11.9,87.7,1008.9,2.0,0.2,2.0,cma,19.0
202105202300,54857.0,1.0,9.0,4.0,69.0,170.0,4.0,13.9,11.9,87.7,1008.9,2.0,0.2,2.0,cma,19.0
202105210000,54857.0,1.0,9.0,4.0,69.0,170.0,2.0,17.1,13.2,77.8,1009.7,2.0,0.8,2.0,cma,15.0
202105210100,54857.0,1.0,9.0,4.0,69.0,170.0,2.0,17.1,13.2,77.8,1009.7,2.0,0.8,2.0,cma,15.0
202105210200,54857.0,1.0,9.0,4.0,69.0,170.0,2.0,17.1,13.2,77.8,1009.7,2.0,0.8,2.0,cma,15.0
202105210300,54857.0,1.0,9.0,4.0,59.0,170.0,3.0,19.7,14.1,70.1,1009.5,7.0,0.1,2.0,cma,14.0
202105210400,54857.0,1.0,9.0,4.0,59.0,170.0,3.0,19.7,14.1,70.1,1009.5,7.0,0.1,2.0,cma,14.0
202105210500,54857.0,1.0,9.0,4.0,59.0,170.0,3.0,19.7,14.1,70.1,1009.5,7.0,0.1,2.0,cma,14.0
202105210600,54857.0,1.0,9.0,4.0,59.0,180.0,4.0,20.0,14.1,68.8,1008.3,7.0,1.2,2.0,cma,17.0
202105210700,54857.0,1.0,9.0,4.0,59.0,180.0,4.0,20.0,14.1,68.8,1008.3,7.0,1.2,2.0,cma,17.0
202105210800,54857.0,1.0,9.0,4.0,59.0,180.0,4.0,20.0,14.1,68.8,1008.3,7.0,1.2,2.0,cma,17.0
202105210900,54857.0,1.0,9.0,4.0,59.0,170.0,4.0,19.7,14.1,70.1,1008.1,7.0,0.2,2.0,cma,22.0
202105211000,54857.0,1.0,9.0,4.0,59.0,170.0,4.0,19.7,14.1,70.1,1008.1,7.0,0.2,2.0,cma,22.0
202105211100,54857.0,1.0,9.0,4.0,59.0,170.0,4.0,19.7,14.1,70.1,1008.1,7.0,0.2,2.0,cma,22.0
202105211200,54857.0,1.0,9.0,4.0,56.0,160.0,4.0,16.7,14.0,84.1,1009.2,2.0,1.1,2.0,cma,37.0
202105211300,54857.0,1.0,9.0,4.0,56.0,160.0,4.0,16.7,14.0,84.1,1009.2,2.0,1.1,2.0,cma,37.0
202105211400,54857.0,1.0,9.0,4.0,56.0,160.0,4.0,16.7,14.0,84.1,1009.2,2.0,1.1,2.0,cma,37.0
202105211500,54857.0,1.0,9.0,4.0,63.0,160.0,3.0,16.8,13.1,78.8,1010.3,2.0,1.1,2.0,cma,65.0
202105211600,54857.0,1.0,9.0,4.0,63.0,160.0,3.0,16.8,13.1,78.8,1010.3,2.0,1.1,2.0,cma,65.0
202105211700,54857.0,1.0,9.0,4.0,63.0,160.0,3.0,16.8,13.1,78.8,1010.3,2.0,1.1,2.0,cma,65.0
202105211800,54857.0,1.0,9.0,4.0,67.0,160.0,3.0,16.5,13.4,81.9,1009.5,7.0,0.8,2.0,cma,29.0
202105211900,54857.0,1.0,9.0,4.0,67.0,160.0,3.0,16.5,13.4,81.9,1009.5,7.0,0.8,2.0,cma,29.0
202105212000,54857.0,1.0,9.0,4.0,67.0,160.0,3.0,16.5,13.4,81.9,1009.5,7.0,0.8,2.0,cma,29.0
202105212100,54857.0,1.0,9.0,4.0,70.0,140.0,2.0,15.8,12.9,82.9,1010.0,2.0,0.5,2.0,cma,64.0
202105212200,54857.0,1.0,9.0,4.0,70.0,140.0,2.0,15.8,12.9,82.9,1010.0,2.0,0.5,2.0,cma,64.0
202105212300,54857.0,1.0,9.0,4.0,70.0,140.0,2.0,15.8,12.9,82.9,1010.0,2.0,0.5,2.0,cma,64.0
202105220000,54857.0,1.0,9.0,4.0,80.0,160.0,4.0,18.5,14.6,78.0,1010.4,2.0,0.4,2.0,cma,9.0
202105220100,54857.0,1.0,9.0,4.0,80.0,160.0,4.0,18.5,14.6,78.0,1010.4,2.0,0.4,2.0,cma,9.0
202105220200,54857.0,1.0,9.0,4.0,80.0,160.0,4.0,18.5,14.6,78.0,1010.4,2.0,0.4,2.0,cma,9.0
202105220300,54857.0,1.0,9.0,4.0,70.0,170.0,3.0,20.0,15.8,76.8,1010.4,4.0,0.0,2.0,cma,33.0
202105220400,54857.0,1.0,9.0,4.0,70.0,170.0,3.0,20.0,15.8,76.8,1010.4,4.0,0.0,2.0,cma,33.0
202105220500,54857.0,1.0,9.0,4.0,70.0,170.0,3.0,20.0,15.8,76.8,1010.4,4.0,0.0,2.0,cma,33.0
202105220600,54857.0,1.0,9.0,4.0,62.0,170.0,5.0,20.1,15.3,73.9,1009.0,7.0,1.4,2.0,cma,16.0
202105220700,54857.0,1.0,9.0,4.0,62.0,170.0,5.0,20.1,15.3,73.9,1009.0,7.0,1.4,2.0,cma,16.0
202105220800,54857.0,1.0,9.0,4.0,62.0,170.0,5.0,20.1,15.3,73.9,1009.0,7.0,1.4,2.0,cma,16.0
202105220900,54857.0,1.0,9.0,4.0,80.0,150.0,4.0,19.5,14.1,71.0,1008.5,7.0,0.5,2.0,cma,19.0
202105221000,54857.0,1.0,9.0,4.0,80.0,150.0,4.0,19.5,14.1,71.0,1008.5,7.0,0.5,2.0,cma,19.0
202105221100,54857.0,1.0,9.0,4.0,80.0,150.0,4.0,19.5,14.1,71.0,1008.5,7.0,0.5,2.0,cma,19.0
202105221200,54857.0,1.0,9.0,4.0,79.0,150.0,2.0,17.5,14.2,81.0,1009.1,2.0,0.6,2.0,cma,54.0
202105221300,54857.0,1.0,9.0,4.0,79.0,150.0,2.0,17.5,14.2,81.0,1009.1,2.0,0.6,2.0,cma,54.0
202105221400,54857.0,1.0,9.0,4.0,79.0,150.0,2.0,17.5,14.2,81.0,1009.1,2.0,0.6,2.0,cma,54.0
202105221500,54857.0,1.0,9.0,4.0,80.0,170.0,3.0,17.1,13.6,79.9,1009.4,2.0,0.3,2.0,cma,40.0
202105221600,54857.0,1.0,9.0,4.0,80.0,170.0,3.0,17.1,13.6,79.9,1009.4,2.0,0.3,2.0,cma,40.0
202105221700,54857.0,1.0,9.0,4.0,80.0,170.0,3.0,17.1,13.6,79.9,1009.4,2.0,0.3,2.0,cma,40.0
202105221800,54857.0,1.0,9.0,4.0,74.0,150.0,3.0,16.8,14.3,85.2,1010.1,2.0,0.7,2.0,cma,16.0
202105221900,54857.0,1.0,9.0,4.0,74.0,150.0,3.0,16.8,14.3,85.2,1010.1,2.0,0.7,2.0,cma,16.0
202105222000,54857.0,1.0,9.0,4.0,74.0,150.0,3.0,16.8,14.3,85.2,1010.1,2.0,0.7,2.0,cma,16.0
202105222100,54857.0,1.0,9.0,4.0,61.0,150.0,3.0,16.5,15.2,92.0,1009.4,7.0,0.7,2.0,cma,29.0
202105222200,54857.0,1.0,9.0,4.0,61.0,150.0,3.0,16.5,15.2,92.0,1009.4,7.0,0.7,2.0,cma,29.0
202105222300,54857.0,1.0,9.0,4.0,61.0,150.0,3.0,16.5,15.2,92.0,1009.4,7.0,0.7,2.0,cma,29.0
202105230000,54857.0,1.0,9.0,4.0,50.0,160.0,4.0,17.1,16.1,93.8,1010.2,2.0,0.8,2.0,cma,14.0
202105230100,54857.0,1.0,9.0,4.0,50.0,160.0,4.0,17.1,16.1,93.8,1010.2,2.0,0.8,2.0,cma,14.0
202105230200,54857.0,1.0,9.0,4.0,50.0,160.0,4.0,17.1,16.1,93.8,1010.2,2.0,0.8,2.0,cma,14.0
202105230300,54857.0,1.0,9.0,4.0,61.0,180.0,2.0,19.5,16.3,81.8,1010.8,2.0,0.6,2.0,cma,23.0
202105230400,54857.0,1.0,9.0,4.0,61.0,180.0,2.0,19.5,16.3,81.8,1010.8,2.0,0.6,2.0,cma,23.0
202105230500,54857.0,1.0,9.0,4.0,61.0,180.0,2.0,19.5,16.3,81.8,1010.8,2.0,0.6,2.0,cma,23.0
202105230600,54857.0,1.0,9.0,4.0,61.0,330.0,5.0,18.4,14.9,80.1,1010.9,2.0,0.1,2.0,cma,16.0
202105230700,54857.0,1.0,9.0,4.0,61.0,330.0,5.0,18.4,14.9,80.1,1010.9,2.0,0.1,2.0,cma,16.0
202105230800,54857.0,1.0,9.0,4.0,61.0,330.0,5.0,18.4,14.9,80.1,1010.9,2.0,0.1,2.0,cma,16.0
202105230900,54857.0,1.0,9.0,4.0,67.0,350.0,5.0,17.2,13.5,78.8,1011.1,2.0,0.1,2.0,cma,36.0
202105231000,54857.0,1.0,9.0,4.0,67.0,350.0,5.0,17.2,13.5,78.8,1011.1,2.0,0.1,2.0,cma,36.0
202105231100,54857.0,1.0,9.0,4.0,67.0,350.0,5.0,17.2,13.5,78.8,1011.1,2.0,0.1,2.0,cma,36.0
202105231200,54857.0,1.0,9.0,4.0,61.0,340.0,4.0,16.6,14.3,86.3,1012.0,2.0,0.9,2.0,cma,19.0
202105231300,54857.0,1.0,9.0,4.0,61.0,340.0,4.0,16.6,14.3,86.3,1012.0,2.0,0.9,2.0,cma,19.0
202105231400,54857.0,1.0,9.0,4.0,61.0,340.0,4.0,16.6,14.3,86.3,1012.0,2.0,0.9,2.0,cma,19.0
202105231500,54857.0,1.0,9.0,4.0,57.0,330.0,2.0,15.8,14.2,90.2,1012.3,2.0,0.4,2.0,cma,60.0
202105231600,54857.0,1.0,9.0,4.0,57.0,330.0,2.0,15.8,14.2,90.2,1012.3,2.0,0.4,2.0,cma,60.0
202105231700,54857.0,1.0,9.0,4.0,57.0,330.0,2.0,15.8,14.2,90.2,1012.3,2.0,0.4,2.0,cma,60.0
202105231800,54857.0,1.0,9.0,4.0,60.0,330.0,2.0,15.6,13.3,86.2,1011.6,7.0,0.8,2.0,cma,41.0
202105231900,54857.0,1.0,9.0,4.0,60.0,330.0,2.0,15.6,13.3,86.2,1011.6,7.0,0.8,2.0,cma,41.0
202105232000,54857.0,1.0,9.0,4.0,60.0,330.0,2.0,15.6,13.3,86.2,1011.6,7.0,0.8,2.0,cma,41.0
202105232100,54857.0,1.0,9.0,4.0,50.0,330.0,2.0,15.2,13.7,90.8,1011.8,2.0,0.2,2.0,cma,46.0
202105232200,54857.0,1.0,9.0,4.0,50.0,330.0,2.0,15.2,13.7,90.8,1011.8,2.0,0.2,2.0,cma,46.0
202105232300,54857.0,1.0,9.0,4.0,50.0,330.0,2.0,15.2,13.7,90.8,1011.8,2.0,0.2,2.0,cma,46.0
202105240000,54857.0,1.0,9.0,4.0,58.0,340.0,4.0,18.0,12.9,72.1,1012.5,2.0,0.7,2.0,cma,47.0
202105240100,54857.0,1.0,9.0,4.0,58.0,340.0,4.0,18.0,12.9,72.1,1012.5,2.0,0.7,2.0,cma,47.0
202105240200,54857.0,1.0,9.0,4.0,58.0,340.0,4.0,18.0,12.9,72.1,1012.5,2.0,0.7,2.0,cma,47.0
202105240300,54857.0,1.0,9.0,4.0,58.0,160.0,3.0,20.6,12.1,58.2,1011.2,7.0,1.2,2.0,cma,58.0
202105240400,54857.0,1.0,9.0,4.0,58.0,160.0,3.0,20.6,12.1,58.2,1011.2,7.0,1.2,2.0,cma,58.0
202105240500,54857.0,1.0,9.0,4.0,58.0,160.0,3.0,20.6,12.1,58.2,1011.2,7.0,1.2,2.0,cma,58.0
202105240600,54857.0,1.0,9.0,4.0,57.0,160.0,5.0,19.1,13.9,71.8,1009.2,7.0,2.0,2.0,cma,50.0
202105240700,54857.0,1.0,9.0,4.0,57.0,160.0,5.0,19.1,13.9,71.8,1009.2,7.0,2.0,2.0,cma,50.0
202105240800,54857.0,1.0,9.0,4.0,57.0,160.0,5.0,19.1,13.9,71.8,1009.2,7.0,2.0,2.0,cma,50.0
202105240900,54857.0,1.0,9.0,4.0,44.0,140.0,4.0,18.4,14.5,78.0,1007.8,7.0,1.4,2.0,cma,79.0
202105241000,54857.0,1.0,9.0,4.0,44.0,140.0,4.0,18.4,14.5,78.0,1007.8,7.0,1.4,2.0,cma,79.0
202105241100,54857.0,1.0,9.0,4.0,44.0,140.0,4.0,18.4,14.5,78.0,1007.8,7.0,1.4,2.0,cma,79.0
202105241200,54857.0,1.0,9.0,4.0,60.0,140.0,4.0,16.8,13.3,79.8,1006.5,7.0,1.3,2.0,cma,137.0
202105241300,54857.0,1.0,9.0,4.0,60.0,140.0,4.0,16.8,13.3,79.8,1006.5,7.0,1.3,2.0,cma,137.0
202105241400,54857.0,1.0,9.0,4.0,60.0,140.0,4.0,16.8,13.3,79.8,1006.5,7.0,1.3,2.0,cma,137.0
202105241500,54857.0,1.0,9.0,4.0,60.0,90.0,2.0,16.7,14.5,86.8,1005.0,7.0,1.4,2.0,cma,89.0
202105241600,54857.0,1.0,9.0,4.0,60.0,90.0,2.0,16.7,14.5,86.8,1005.0,7.0,1.4,2.0,cma,89.0
202105241700,54857.0,1.0,9.0,4.0,60.0,90.0,2.0,16.7,14.5,86.8,1005.0,7.0,1.4,2.0,cma,89.0
202105241800,54857.0,1.0,9.0,4.0,67.0,360.0,7.0,14.5,10.7,77.9,1009.2,2.0,4.1,2.0,cma,90.0
202105241900,54857.0,1.0,9.0,4.0,67.0,360.0,7.0,14.5,10.7,77.9,1009.2,2.0,4.1,2.0,cma,90.0
202105242000,54857.0,1.0,9.0,4.0,67.0,360.0,7.0,14.5,10.7,77.9,1009.2,2.0,4.1,2.0,cma,90.0
202105242100,54857.0,1.0,9.0,4.0,68.0,290.0,1.0,13.7,11.2,84.9,1009.0,7.0,0.3,2.0,cma,76.0
202105242200,54857.0,1.0,9.0,4.0,68.0,290.0,1.0,13.7,11.2,84.9,1009.0,7.0,0.3,2.0,cma,76.0
202105242300,54857.0,1.0,9.0,4.0,68.0,290.0,1.0,13.7,11.2,84.9,1009.0,7.0,0.3,2.0,cma,76.0
202105250000,54857.0,1.0,9.0,4.0,73.0,300.0,5.0,18.4,8.7,53.1,1010.4,2.0,1.5,2.0,cma,48.0
202105250100,54857.0,1.0,9.0,4.0,73.0,300.0,5.0,18.4,8.7,53.1,1010.4,2.0,1.5,2.0,cma,48.0
202105250200,54857.0,1.0,9.0,4.0,73.0,300.0,5.0,18.4,8.7,53.1,1010.4,2.0,1.5,2.0,cma,48.0
202105250300,54857.0,1.0,9.0,4.0,80.0,310.0,4.0,22.3,5.7,34.0,1010.3,7.0,0.1,2.0,cma,69.0
202105250400,54857.0,1.0,9.0,4.0,80.0,310.0,4.0,22.3,5.7,34.0,1010.3,7.0,0.1,2.0,cma,69.0
202105250500,54857.0,1.0,9.0,4.0,80.0,310.0,4.0,22.3,5.7,34.0,1010.3,7.0,0.1,2.0,cma,69.0
202105250600,54857.0,1.0,9.0,4.0,75.0,190.0,4.0,21.1,8.7,44.9,1008.2,7.0,2.1,2.0,cma,37.0
202105250700,54857.0,1.0,9.0,4.0,75.0,190.0,4.0,21.1,8.7,44.9,1008.2,7.0,2.1,2.0,cma,37.0
202105250800,54857.0,1.0,9.0,4.0,75.0,190.0,4.0,21.1,8.7,44.9,1008.2,7.0,2.1,2.0,cma,37.0
202105250900,54857.0,1.0,9.0,4.0,69.0,180.0,4.0,19.2,10.5,57.1,1006.7,7.0,1.5,2.0,cma,34.0
202105251000,54857.0,1.0,9.0,4.0,69.0,180.0,4.0,19.2,10.5,57.1,1006.7,7.0,1.5,2.0,cma,34.0
202105251100,54857.0,1.0,9.0,4.0,69.0,180.0,4.0,19.2,10.5,57.1,1006.7,7.0,1.5,2.0,cma,34.0
202105251200,54857.0,1.0,9.0,4.0,75.0,170.0,4.0,18.2,10.6,61.1,1006.6,7.0,0.1,2.0,cma,36.0
202105251300,54857.0,1.0,9.0,4.0,75.0,170.0,4.0,18.2,10.6,61.1,1006.6,7.0,0.1,2.0,cma,36.0
202105251400,54857.0,1.0,9.0,4.0,75.0,170.0,4.0,18.2,10.6,61.1,1006.6,7.0,0.1,2.0,cma,36.0
202105251500,54857.0,1.0,9.0,4.0,71.0,180.0,4.0,17.3,12.2,72.0,1006.8,2.0,0.3,2.0,cma,60.0
202105251600,54857.0,1.0,9.0,4.0,71.0,180.0,4.0,17.3,12.2,72.0,1006.8,2.0,0.3,2.0,cma,60.0
202105251700,54857.0,1.0,9.0,4.0,71.0,180.0,4.0,17.3,12.2,72.0,1006.8,2.0,0.3,2.0,cma,60.0
202105251800,54857.0,1.0,9.0,4.0,71.0,160.0,4.0,16.8,11.9,72.8,1005.5,7.0,1.3,2.0,cma,49.0
202105251900,54857.0,1.0,9.0,4.0,71.0,160.0,4.0,16.8,11.9,72.8,1005.5,7.0,1.3,2.0,cma,49.0
202105252000,54857.0,1.0,9.0,4.0,71.0,160.0,4.0,16.8,11.9,72.8,1005.5,7.0,1.3,2.0,cma,49.0
202105252100,54857.0,1.0,9.0,4.0,65.0,170.0,3.0,16.5,12.7,78.2,1004.5,7.0,1.1,2.0,cma,42.0
202105252200,54857.0,1.0,9.0,4.0,65.0,170.0,3.0,16.5,12.7,78.2,1004.5,7.0,1.1,2.0,cma,42.0
202105252300,54857.0,1.0,9.0,4.0,65.0,170.0,3.0,16.5,12.7,78.2,1004.5,7.0,1.1,2.0,cma,42.0
202105260000,54857.0,1.0,9.0,4.0,67.0,220.0,6.0,21.0,13.7,63.0,1003.5,7.0,0.9,2.0,cma,56.0
202105260100,54857.0,1.0,9.0,4.0,67.0,220.0,6.0,21.0,13.7,63.0,1003.5,7.0,0.9,2.0,cma,56.0
202105260200,54857.0,1.0,9.0,4.0,67.0,220.0,6.0,21.0,13.7,63.0,1003.5,7.0,0.9,2.0,cma,56.0
202105260300,54857.0,1.0,9.0,4.0,64.0,190.0,4.0,19.7,14.9,73.8,1003.3,7.0,0.2,2.0,cma,36.0
202105260400,54857.0,1.0,9.0,4.0,64.0,190.0,4.0,19.7,14.9,73.8,1003.3,7.0,0.2,2.0,cma,36.0
202105260500,54857.0,1.0,9.0,4.0,64.0,190.0,4.0,19.7,14.9,73.8,1003.3,7.0,0.2,2.0,cma,36.0
202105260600,54857.0,1.0,9.0,4.0,65.0,190.0,5.0,18.7,15.2,80.1,1001.5,7.0,1.8,2.0,cma,36.0
202105260700,54857.0,1.0,9.0,4.0,65.0,190.0,5.0,18.7,15.2,80.1,1001.5,7.0,1.8,2.0,cma,36.0
202105260800,54857.0,1.0,9.0,4.0,65.0,190.0,5.0,18.7,15.2,80.1,1001.5,7.0,1.8,2.0,cma,36.0
202105260900,54857.0,1.0,9.0,4.0,63.0,200.0,5.0,18.2,14.9,81.1,999.6,7.0,1.9,2.0,cma,59.0
202105261000,54857.0,1.0,9.0,4.0,63.0,200.0,5.0,18.2,14.9,81.1,999.6,7.0,1.9,2.0,cma,59.0
202105261100,54857.0,1.0,9.0,4.0,63.0,200.0,5.0,18.2,14.9,81.1,999.6,7.0,1.9,2.0,cma,59.0
202105261200,54857.0,1.0,9.0,4.0,50.0,280.0,2.0,17.9,16.6,92.1,1003.2,2.0,3.6,2.0,cma,49.0
202105261300,54857.0,1.0,9.0,4.0,50.0,280.0,2.0,17.9,16.6,92.1,1003.2,2.0,3.6,2.0,cma,49.0
202105261400,54857.0,1.0,9.0,4.0,50.0,280.0,2.0,17.9,16.6,92.1,1003.2,2.0,3.6,2.0,cma,49.0
202105261500,54857.0,1.0,9.0,4.0,60.0,290.0,3.0,17.4,15.6,89.2,1002.2,7.0,1.0,2.0,cma,49.0
202105261600,54857.0,1.0,9.0,4.0,60.0,290.0,3.0,17.4,15.6,89.2,1002.2,7.0,1.0,2.0,cma,49.0
202105261700,54857.0,1.0,9.0,4.0,60.0,290.0,3.0,17.4,15.6,89.2,1002.2,7.0,1.0,2.0,cma,49.0
202105261800,54857.0,1.0,9.0,4.0,57.0,290.0,4.0,16.3,14.7,90.2,1002.9,2.0,0.6,2.0,cma,27.0
202105261900,54857.0,1.0,9.0,4.0,57.0,290.0,4.0,16.3,14.7,90.2,1002.9,2.0,0.6,2.0,cma,27.0
202105262000,54857.0,1.0,9.0,4.0,57.0,290.0,4.0,16.3,14.7,90.2,1002.9,2.0,0.6,2.0,cma,27.0
202105262100,54857.0,1.0,9.0,4.0,39.0,300.0,3.0,15.5,14.2,92.0,1003.7,2.0,0.8,2.0,cma,60.0
202105262200,54857.0,1.0,9.0,4.0,39.0,300.0,3.0,15.5,14.2,92.0,1003.7,2.0,0.8,2.0,cma,60.0
202105262300,54857.0,1.0,9.0,4.0,39.0,300.0,3.0,15.5,14.2,92.0,1003.7,2.0,0.8,2.0,cma,60.0
202105270000,54857.0,1.0,9.0,4.0,58.0,330.0,3.0,18.6,14.5,77.0,1004.7,2.0,1.0,2.0,cma,30.0
202105270100,54857.0,1.0,9.0,4.0,58.0,330.0,3.0,18.6,14.5,77.0,1004.7,2.0,1.0,2.0,cma,30.0
202105270200,54857.0,1.0,9.0,4.0,58.0,330.0,3.0,18.6,14.5,77.0,1004.7,2.0,1.0,2.0,cma,30.0
202105270300,54857.0,1.0,9.0,4.0,64.0,230.0,2.0,23.7,13.8,53.8,1004.2,7.0,0.4,2.0,cma,54.0
202105270400,54857.0,1.0,9.0,4.0,64.0,230.0,2.0,23.7,13.8,53.8,1004.2,7.0,0.4,2.0,cma,54.0
202105270500,54857.0,1.0,9.0,4.0,64.0,230.0,2.0,23.7,13.8,53.8,1004.2,7.0,0.4,2.0,cma,54.0
202105270600,54857.0,1.0,9.0,4.0,64.0,180.0,4.0,21.6,13.3,59.2,1002.1,7.0,2.1,2.0,cma,47.0
202105270700,54857.0,1.0,9.0,4.0,64.0,180.0,4.0,21.6,13.3,59.2,1002.1,7.0,2.1,2.0,cma,47.0
202105270800,54857.0,1.0,9.0,4.0,64.0,180.0,4.0,21.6,13.3,59.2,1002.1,7.0,2.1,2.0,cma,47.0
202105270900,54857.0,1.0,9.0,4.0,59.0,170.0,4.0,20.7,14.1,65.9,999.3,7.0,2.8,2.0,cma,73.0
202105271000,54857.0,1.0,9.0,4.0,59.0,170.0,4.0,20.7,14.1,65.9,999.3,7.0,2.8,2.0,cma,73.0
202105271100,54857.0,1.0,9.0,4.0,59.0,170.0,4.0,20.7,14.1,65.9,999.3,7.0,2.8,2.0,cma,73.0
202105271200,54857.0,1.0,9.0,4.0,59.0,160.0,4.0,19.0,14.9,77.1,997.9,7.0,1.4,2.0,cma,30.0
202105271300,54857.0,1.0,9.0,4.0,59.0,160.0,4.0,19.0,14.9,77.1,997.9,7.0,1.4,2.0,cma,30.0
202105271400,54857.0,1.0,9.0,4.0,59.0,160.0,4.0,19.0,14.9,77.1,997.9,7.0,1.4,2.0,cma,30.0
202105271500,54857.0,1.0,9.0,4.0,71.0,220.0,2.0,21.3,14.7,66.0,998.3,2.0,0.5,2.0,cma,54.0
202105271600,54857.0,1.0,9.0,4.0,71.0,220.0,2.0,21.3,14.7,66.0,998.3,2.0,0.5,2.0,cma,54.0
202105271700,54857.0,1.0,9.0,4.0,71.0,220.0,2.0,21.3,14.7,66.0,998.3,2.0,0.5,2.0,cma,54.0
202105271800,54857.0,1.0,9.0,4.0,80.0,50.0,2.0,21.1,10.3,50.1,999.8,2.0,1.5,2.0,cma,49.0
202105271900,54857.0,1.0,9.0,4.0,80.0,50.0,2.0,21.1,10.3,50.1,999.8,2.0,1.5,2.0,cma,49.0
202105272000,54857.0,1.0,9.0,4.0,80.0,50.0,2.0,21.1,10.3,50.1,999.8,2.0,1.5,2.0,cma,49.0
202105272100,54857.0,1.0,9.0,4.0,59.0,170.0,3.0,16.5,14.3,86.8,1000.9,2.0,1.0,2.0,cma,61.0
202105272200,54857.0,1.0,9.0,4.0,59.0,170.0,3.0,16.5,14.3,86.8,1000.9,2.0,1.0,2.0,cma,61.0
202105272300,54857.0,1.0,9.0,4.0,59.0,170.0,3.0,16.5,14.3,86.8,1000.9,2.0,1.0,2.0,cma,61.0
202105280000,54857.0,1.0,9.0,4.0,80.0,320.0,7.0,21.3,8.2,42.9,1002.7,2.0,1.8,2.0,cma,22.0
202105280100,54857.0,1.0,9.0,4.0,80.0,320.0,7.0,21.3,8.2,42.9,1002.7,2.0,1.8,2.0,cma,22.0
202105280200,54857.0,1.0,9.0,4.0,80.0,320.0,7.0,21.3,8.2,42.9,1002.7,2.0,1.8,2.0,cma,22.0
202105280300,54857.0,1.0,9.0,4.0,76.0,330.0,10.0,21.7,9.9,47.0,1004.0,2.0,1.4,2.0,cma,26.0
202105280400,54857.0,1.0,9.0,4.0,76.0,330.0,10.0,21.7,9.9,47.0,1004.0,2.0,1.4,2.0,cma,26.0
202105280500,54857.0,1.0,9.0,4.0,76.0,330.0,10.0,21.7,9.9,47.0,1004.0,2.0,1.4,2.0,cma,26.0
202105280600,54857.0,1.0,9.0,4.0,80.0,330.0,8.0,22.2,9.7,45.0,1004.7,2.0,0.7,2.0,cma,41.0
202105280700,54857.0,1.0,9.0,4.0,80.0,330.0,8.0,22.2,9.7,45.0,1004.7,2.0,0.7,2.0,cma,41.0
202105280800,54857.0,1.0,9.0,4.0,80.0,330.0,8.0,22.2,9.7,45.0,1004.7,2.0,0.7,2.0,cma,41.0
202105280900,54857.0,1.0,9.0,4.0,80.0,330.0,5.0,23.7,8.2,37.1,1005.5,2.0,0.7,2.0,cma,28.0
202105281000,54857.0,1.0,9.0,4.0,80.0,330.0,5.0,23.7,8.2,37.1,1005.5,2.0,0.7,2.0,cma,28.0
202105281100,54857.0,1.0,9.0,4.0,80.0,330.0,5.0,23.7,8.2,37.1,1005.5,2.0,0.7,2.0,cma,28.0
202105281200,54857.0,1.0,9.0,4.0,80.0,360.0,1.0,21.6,7.4,39.9,1006.4,2.0,0.9,2.0,cma,24.0
202105281300,54857.0,1.0,9.0,4.0,80.0,360.0,1.0,21.6,7.4,39.9,1006.4,2.0,0.9,2.0,cma,24.0
202105281400,54857.0,1.0,9.0,4.0,80.0,360.0,1.0,21.6,7.4,39.9,1006.4,2.0,0.9,2.0,cma,24.0
202105281500,54857.0,1.0,9.0,4.0,80.0,180.0,4.0,17.8,11.1,64.8,1006.8,2.0,0.4,2.0,cma,11.0
202105281600,54857.0,1.0,9.0,4.0,80.0,180.0,4.0,17.8,11.1,64.8,1006.8,2.0,0.4,2.0,cma,11.0
202105281700,54857.0,1.0,9.0,4.0,80.0,180.0,4.0,17.8,11.1,64.8,1006.8,2.0,0.4,2.0,cma,11.0
202105281800,54857.0,1.0,9.0,4.0,80.0,210.0,4.0,17.8,10.4,61.9,1005.3,7.0,1.5,2.0,cma,12.0
202105281900,54857.0,1.0,9.0,4.0,80.0,210.0,4.0,17.8,10.4,61.9,1005.3,7.0,1.5,2.0,cma,12.0
202105282000,54857.0,1.0,9.0,4.0,80.0,210.0,4.0,17.8,10.4,61.9,1005.3,7.0,1.5,2.0,cma,12.0
202105282100,54857.0,1.0,9.0,4.0,80.0,210.0,5.0,18.2,11.8,66.2,1005.1,7.0,0.2,2.0,cma,17.0
202105282200,54857.0,1.0,9.0,4.0,80.0,210.0,5.0,18.2,11.8,66.2,1005.1,7.0,0.2,2.0,cma,17.0
202105282300,54857.0,1.0,9.0,4.0,80.0,210.0,5.0,18.2,11.8,66.2,1005.1,7.0,0.2,2.0,cma,17.0
202105290000,54857.0,1.0,9.0,4.0,80.0,190.0,4.0,19.2,12.9,66.9,1004.1,7.0,1.0,2.0,cma,26.0
202105290100,54857.0,1.0,9.0,4.0,80.0,190.0,4.0,19.2,12.9,66.9,1004.1,7.0,1.0,2.0,cma,26.0
202105290200,54857.0,1.0,9.0,4.0,80.0,190.0,4.0,19.2,12.9,66.9,1004.1,7.0,1.0,2.0,cma,26.0
202105290300,54857.0,1.0,9.0,4.0,70.0,160.0,5.0,19.0,13.6,70.9,1002.4,7.0,1.7,2.0,cma,11.0
202105290400,54857.0,1.0,9.0,4.0,70.0,160.0,5.0,19.0,13.6,70.9,1002.4,7.0,1.7,2.0,cma,11.0
202105290500,54857.0,1.0,9.0,4.0,70.0,160.0,5.0,19.0,13.6,70.9,1002.4,7.0,1.7,2.0,cma,11.0
202105290600,54857.0,1.0,9.0,4.0,65.0,150.0,4.0,21.0,14.6,66.8,1001.6,7.0,0.8,2.0,cma,104.0
202105290700,54857.0,1.0,9.0,4.0,65.0,150.0,4.0,21.0,14.6,66.8,1001.6,7.0,0.8,2.0,cma,104.0
202105290800,54857.0,1.0,9.0,4.0,65.0,150.0,4.0,21.0,14.6,66.8,1001.6,7.0,0.8,2.0,cma,104.0
202105290900,54857.0,1.0,9.0,4.0,68.0,140.0,1.0,23.7,15.5,60.1,1002.0,2.0,0.5,2.0,cma,35.0
202105291000,54857.0,1.0,9.0,4.0,68.0,140.0,1.0,23.7,15.5,60.1,1002.0,2.0,0.5,2.0,cma,35.0
202105291100,54857.0,1.0,9.0,4.0,68.0,140.0,1.0,23.7,15.5,60.1,1002.0,2.0,0.5,2.0,cma,35.0
202105291200,54857.0,1.0,9.0,4.0,66.0,210.0,1.0,19.1,14.8,76.1,1004.3,2.0,2.2,2.0,cma,38.0
202105291300,54857.0,1.0,9.0,4.0,66.0,210.0,1.0,19.1,14.8,76.1,1004.3,2.0,2.2,2.0,cma,38.0
202105291400,54857.0,1.0,9.0,4.0,66.0,210.0,1.0,19.1,14.8,76.1,1004.3,2.0,2.2,2.0,cma,38.0
202105291500,54857.0,1.0,9.0,4.0,68.0,40.0,1.0,18.4,14.3,77.0,1005.7,2.0,1.4,2.0,cma,66.0
202105291600,54857.0,1.0,9.0,4.0,68.0,40.0,1.0,18.4,14.3,77.0,1005.7,2.0,1.4,2.0,cma,66.0
202105291700,54857.0,1.0,9.0,4.0,68.0,40.0,1.0,18.4,14.3,77.0,1005.7,2.0,1.4,2.0,cma,66.0
202105291800,54857.0,1.0,9.0,4.0,61.0,320.0,1.0,17.3,14.2,82.0,1005.4,7.0,0.3,2.0,cma,16.0
202105291900,54857.0,1.0,9.0,4.0,61.0,320.0,1.0,17.3,14.2,82.0,1005.4,7.0,0.3,2.0,cma,16.0
202105292000,54857.0,1.0,9.0,4.0,61.0,320.0,1.0,17.3,14.2,82.0,1005.4,7.0,0.3,2.0,cma,16.0
202105292100,54857.0,1.0,9.0,4.0,50.0,300.0,2.0,16.7,14.5,86.8,1006.5,2.0,1.1,2.0,cma,60.0
202105292200,54857.0,1.0,9.0,4.0,50.0,300.0,2.0,16.7,14.5,86.8,1006.5,2.0,1.1,2.0,cma,60.0
202105292300,54857.0,1.0,9.0,4.0,50.0,300.0,2.0,16.7,14.5,86.8,1006.5,2.0,1.1,2.0,cma,60.0
202105300000,54857.0,1.0,9.0,4.0,50.0,300.0,2.0,16.7,14.5,86.8,1006.5,2.0,1.1,2.0,cma,60.0
202105300100,54857.0,1.0,9.0,4.0,50.0,300.0,2.0,16.7,14.5,86.8,1006.5,2.0,1.1,2.0,cma,60.0
202105300200,54857.0,1.0,9.0,4.0,50.0,300.0,2.0,16.7,14.5,86.8,1006.5,2.0,1.1,2.0,cma,60.0
202105300300,54857.0,1.0,9.0,4.0,62.0,330.0,3.0,22.4,15.3,64.2,1006.2,7.0,0.1,2.0,cma,64.0
202105300400,54857.0,1.0,9.0,4.0,62.0,330.0,3.0,22.4,15.3,64.2,1006.2,7.0,0.1,2.0,cma,64.0
202105300500,54857.0,1.0,9.0,4.0,62.0,330.0,3.0,22.4,15.3,64.2,1006.2,7.0,0.1,2.0,cma,64.0
202105300600,54857.0,1.0,9.0,4.0,63.0,170.0,2.0,21.8,15.4,67.0,1004.9,7.0,1.3,2.0,cma,46.0
202105300700,54857.0,1.0,9.0,4.0,63.0,170.0,2.0,21.8,15.4,67.0,1004.9,7.0,1.3,2.0,cma,46.0
202105300800,54857.0,1.0,9.0,4.0,63.0,170.0,2.0,21.8,15.4,67.0,1004.9,7.0,1.3,2.0,cma,46.0
202105300900,54857.0,1.0,9.0,4.0,64.0,160.0,4.0,18.1,15.0,82.1,1005.4,2.0,0.4,2.0,cma,45.0
202105301000,54857.0,1.0,9.0,4.0,64.0,160.0,4.0,18.1,15.0,82.1,1005.4,2.0,0.4,2.0,cma,45.0
202105301100,54857.0,1.0,9.0,4.0,64.0,160.0,4.0,18.1,15.0,82.1,1005.4,2.0,0.4,2.0,cma,45.0
202105301200,54857.0,1.0,9.0,4.0,58.0,170.0,4.0,16.3,15.0,92.0,1006.8,2.0,1.4,2.0,cma,25.0
202105301300,54857.0,1.0,9.0,4.0,58.0,170.0,4.0,16.3,15.0,92.0,1006.8,2.0,1.4,2.0,cma,25.0
202105301400,54857.0,1.0,9.0,4.0,58.0,170.0,4.0,16.3,15.0,92.0,1006.8,2.0,1.4,2.0,cma,25.0
202105301500,54857.0,1.0,9.0,4.0,31.0,140.0,2.0,15.4,14.6,95.0,1007.7,2.0,0.9,2.0,cma,42.0
202105301600,54857.0,1.0,9.0,4.0,31.0,140.0,2.0,15.4,14.6,95.0,1007.7,2.0,0.9,2.0,cma,42.0
202105301700,54857.0,1.0,9.0,4.0,31.0,140.0,2.0,15.4,14.6,95.0,1007.7,2.0,0.9,2.0,cma,42.0
202105301800,54857.0,1.0,9.0,4.0,58.0,110.0,3.0,16.0,15.4,96.2,1007.1,7.0,0.6,2.0,cma,24.0
202105301900,54857.0,1.0,9.0,4.0,58.0,110.0,3.0,16.0,15.4,96.2,1007.1,7.0,0.6,2.0,cma,24.0
202105302000,54857.0,1.0,9.0,4.0,58.0,110.0,3.0,16.0,15.4,96.2,1007.1,7.0,0.6,2.0,cma,24.0
202105302100,54857.0,1.0,9.0,4.0,66.0,80.0,1.0,18.2,15.5,84.2,1007.3,2.0,0.2,2.0,cma,29.0
202105302200,54857.0,1.0,9.0,4.0,66.0,80.0,1.0,18.2,15.5,84.2,1007.3,2.0,0.2,2.0,cma,29.0
202105302300,54857.0,1.0,9.0,4.0,66.0,80.0,1.0,18.2,15.5,84.2,1007.3,2.0,0.2,2.0,cma,29.0
202105310000,54857.0,1.0,9.0,4.0,68.0,120.0,4.0,18.6,15.1,80.1,1007.6,2.0,0.3,2.0,cma,13.0
202105310100,54857.0,1.0,9.0,4.0,68.0,120.0,4.0,18.6,15.1,80.1,1007.6,2.0,0.3,2.0,cma,13.0
202105310200,54857.0,1.0,9.0,4.0,68.0,120.0,4.0,18.6,15.1,80.1,1007.6,2.0,0.3,2.0,cma,13.0
202105310300,54857.0,1.0,9.0,4.0,68.0,130.0,3.0,20.6,16.0,74.9,1008.2,2.0,0.6,2.0,cma,14.0
202105310400,54857.0,1.0,9.0,4.0,68.0,130.0,3.0,20.6,16.0,74.9,1008.2,2.0,0.6,2.0,cma,14.0
202105310500,54857.0,1.0,9.0,4.0,68.0,130.0,3.0,20.6,16.0,74.9,1008.2,2.0,0.6,2.0,cma,14.0
202105310600,54857.0,1.0,9.0,4.0,67.0,130.0,4.0,20.5,16.7,78.8,1007.3,7.0,0.9,2.0,cma,23.0
202105310700,54857.0,1.0,9.0,4.0,67.0,130.0,4.0,20.5,16.7,78.8,1007.3,7.0,0.9,2.0,cma,23.0
202105310800,54857.0,1.0,9.0,4.0,67.0,130.0,4.0,20.5,16.7,78.8,1007.3,7.0,0.9,2.0,cma,23.0
202105310900,54857.0,1.0,9.0,4.0,64.0,130.0,4.0,18.9,16.9,88.2,1006.3,7.0,1.0,2.0,cma,28.0
202105311000,54857.0,1.0,9.0,4.0,64.0,130.0,4.0,18.9,16.9,88.2,1006.3,7.0,1.0,2.0,cma,28.0
202105311100,54857.0,1.0,9.0,4.0,64.0,130.0,4.0,18.9,16.9,88.2,1006.3,7.0,1.0,2.0,cma,28.0
202105311200,54857.0,1.0,9.0,4.0,12.0,150.0,4.0,18.4,17.8,96.3,1006.5,2.0,0.2,2.0,cma,17.0
202105311300,54857.0,1.0,9.0,4.0,12.0,150.0,4.0,18.4,17.8,96.3,1006.5,2.0,0.2,2.0,cma,17.0
202105311400,54857.0,1.0,9.0,4.0,12.0,150.0,4.0,18.4,17.8,96.3,1006.5,2.0,0.2,2.0,cma,17.0
202105311500,54857.0,1.0,9.0,4.0,68.0,170.0,3.0,19.2,16.2,82.8,1007.5,2.0,1.1,2.0,cma,26.0
202105311600,54857.0,1.0,9.0,4.0,68.0,170.0,3.0,19.2,16.2,82.8,1007.5,2.0,1.1,2.0,cma,26.0
202105311700,54857.0,1.0,9.0,4.0,68.0,170.0,3.0,19.2,16.2,82.8,1007.5,2.0,1.1,2.0,cma,26.0
202105311800,54857.0,1.0,9.0,4.0,74.0,160.0,2.0,19.3,15.2,77.1,1008.3,2.0,0.8,2.0,cma,22.0
202105311900,54857.0,1.0,9.0,4.0,74.0,160.0,2.0,19.3,15.2,77.1,1008.3,2.0,0.8,2.0,cma,22.0
202105312000,54857.0,1.0,9.0,4.0,74.0,160.0,2.0,19.3,15.2,77.1,1008.3,2.0,0.8,2.0,cma,22.0
202105312100,54857.0,1.0,9.0,4.0,80.0,150.0,4.0,19.0,14.3,74.2,1008.9,2.0,0.5,2.0,cma,44.0
202105312200,54857.0,1.0,9.0,4.0,80.0,150.0,4.0,19.0,14.3,74.2,1008.9,2.0,0.5,2.0,cma,44.0
202105312300,54857.0,1.0,9.0,4.0,80.0,150.0,4.0,19.0,14.3,74.2,1008.9,2.0,0.5,2.0,cma,44.0
202106010000,54857.0,1.0,9.0,4.0,69.0,120.0,3.0,21.9,15.5,67.0,1009.6,2.0,0.8,2.0,cma,16.0
202106010100,54857.0,1.0,9.0,4.0,69.0,120.0,3.0,21.9,15.5,67.0,1009.6,2.0,0.8,2.0,cma,16.0
202106010200,54857.0,1.0,9.0,4.0,69.0,120.0,3.0,21.9,15.5,67.0,1009.6,2.0,0.8,2.0,cma,16.0
202106010300,54857.0,1.0,9.0,4.0,69.0,120.0,3.0,21.9,15.5,67.0,1009.6,2.0,0.8,2.0,cma,16.0
202106010400,54857.0,1.0,9.0,4.0,69.0,120.0,3.0,21.9,15.5,67.0,1009.6,2.0,0.8,2.0,cma,16.0
202106010500,54857.0,1.0,9.0,4.0,69.0,120.0,3.0,21.9,15.5,67.0,1009.6,2.0,0.8,2.0,cma,16.0
202106010600,54857.0,1.0,9.0,4.0,58.0,120.0,5.0,18.8,17.5,92.2,1010.6,7.0,0.8,2.0,cma,18.0
202106010700,54857.0,1.0,9.0,4.0,58.0,120.0,5.0,18.8,17.5,92.2,1010.6,7.0,0.8,2.0,cma,18.0
202106010800,54857.0,1.0,9.0,4.0,58.0,120.0,5.0,18.8,17.5,92.2,1010.6,7.0,0.8,2.0,cma,18.0
202106010900,54857.0,1.0,9.0,4.0,57.0,130.0,4.0,18.2,17.0,92.7,1009.6,7.0,1.0,2.0,cma,26.0
202106011000,54857.0,1.0,9.0,4.0,57.0,130.0,4.0,18.2,17.0,92.7,1009.6,7.0,1.0,2.0,cma,26.0
202106011100,54857.0,1.0,9.0,4.0,57.0,130.0,4.0,18.2,17.0,92.7,1009.6,7.0,1.0,2.0,cma,26.0
202106011200,54857.0,1.0,9.0,4.0,3.0,140.0,5.0,16.8,16.3,96.9,1010.2,2.0,0.6,2.0,cma,26.0
202106011300,54857.0,1.0,9.0,4.0,3.0,140.0,5.0,16.8,16.3,96.9,1010.2,2.0,0.6,2.0,cma,26.0
202106011400,54857.0,1.0,9.0,4.0,3.0,140.0,5.0,16.8,16.3,96.9,1010.2,2.0,0.6,2.0,cma,26.0
202106011500,54857.0,1.0,9.0,4.0,2.0,140.0,3.0,17.2,16.9,98.1,1010.5,2.0,0.3,2.0,cma,27.0
202106011600,54857.0,1.0,9.0,4.0,2.0,140.0,3.0,17.2,16.9,98.1,1010.5,2.0,0.3,2.0,cma,27.0
202106011700,54857.0,1.0,9.0,4.0,2.0,140.0,3.0,17.2,16.9,98.1,1010.5,2.0,0.3,2.0,cma,27.0
202106011800,54857.0,1.0,9.0,4.0,34.0,150.0,3.0,17.8,17.5,98.1,1009.2,7.0,1.3,2.0,cma,25.0
202106011900,54857.0,1.0,9.0,4.0,34.0,150.0,3.0,17.8,17.5,98.1,1009.2,7.0,1.3,2.0,cma,25.0
202106012000,54857.0,1.0,9.0,4.0,34.0,150.0,3.0,17.8,17.5,98.1,1009.2,7.0,1.3,2.0,cma,25.0
202106012100,54857.0,1.0,9.0,4.0,40.0,180.0,2.0,17.6,17.1,96.9,1009.9,2.0,0.7,2.0,cma,31.0
202106012200,54857.0,1.0,9.0,4.0,40.0,180.0,2.0,17.6,17.1,96.9,1009.9,2.0,0.7,2.0,cma,31.0
202106012300,54857.0,1.0,9.0,4.0,40.0,180.0,2.0,17.6,17.1,96.9,1009.9,2.0,0.7,2.0,cma,31.0
202106020000,54857.0,1.0,9.0,4.0,56.0,160.0,5.0,18.3,17.5,95.1,1009.4,7.0,0.5,2.0,cma,14.0
202106020100,54857.0,1.0,9.0,4.0,56.0,160.0,5.0,18.3,17.5,95.1,1009.4,7.0,0.5,2.0,cma,14.0
202106020200,54857.0,1.0,9.0,4.0,56.0,160.0,5.0,18.3,17.5,95.1,1009.4,7.0,0.5,2.0,cma,14.0
202106020300,54857.0,1.0,9.0,4.0,64.0,160.0,6.0,20.0,17.6,86.1,1008.7,7.0,0.7,2.0,cma,31.0
202106020400,54857.0,1.0,9.0,4.0,64.0,160.0,6.0,20.0,17.6,86.1,1008.7,7.0,0.7,2.0,cma,31.0
202106020500,54857.0,1.0,9.0,4.0,64.0,160.0,6.0,20.0,17.6,86.1,1008.7,7.0,0.7,2.0,cma,31.0
202106020600,54857.0,1.0,9.0,4.0,67.0,160.0,6.0,19.9,16.9,82.8,1007.8,7.0,0.9,2.0,cma,24.0
202106020700,54857.0,1.0,9.0,4.0,67.0,160.0,6.0,19.9,16.9,82.8,1007.8,7.0,0.9,2.0,cma,24.0
202106020800,54857.0,1.0,9.0,4.0,67.0,160.0,6.0,19.9,16.9,82.8,1007.8,7.0,0.9,2.0,cma,24.0
202106020900,54857.0,1.0,9.0,4.0,68.0,160.0,4.0,18.4,16.2,87.0,1007.1,7.0,0.7,2.0,cma,33.0
202106021000,54857.0,1.0,9.0,4.0,68.0,160.0,4.0,18.4,16.2,87.0,1007.1,7.0,0.7,2.0,cma,33.0
202106021100,54857.0,1.0,9.0,4.0,68.0,160.0,4.0,18.4,16.2,87.0,1007.1,7.0,0.7,2.0,cma,33.0
202106021200,54857.0,1.0,9.0,4.0,65.0,130.0,4.0,17.7,16.0,89.8,1007.0,7.0,0.1,2.0,cma,18.0
202106021300,54857.0,1.0,9.0,4.0,65.0,130.0,4.0,17.7,16.0,89.8,1007.0,7.0,0.1,2.0,cma,18.0
202106021400,54857.0,1.0,9.0,4.0,65.0,130.0,4.0,17.7,16.0,89.8,1007.0,7.0,0.1,2.0,cma,18.0
202106021500,54857.0,1.0,9.0,4.0,14.0,150.0,3.0,17.3,16.5,95.1,1008.0,2.0,1.0,2.0,cma,33.0
202106021600,54857.0,1.0,9.0,4.0,14.0,150.0,3.0,17.3,16.5,95.1,1008.0,2.0,1.0,2.0,cma,33.0
202106021700,54857.0,1.0,9.0,4.0,14.0,150.0,3.0,17.3,16.5,95.1,1008.0,2.0,1.0,2.0,cma,33.0
202106021800,54857.0,1.0,9.0,4.0,2.0,140.0,3.0,17.3,16.8,96.9,1006.1,7.0,1.9,2.0,cma,22.0
202106021900,54857.0,1.0,9.0,4.0,2.0,140.0,3.0,17.3,16.8,96.9,1006.1,7.0,1.9,2.0,cma,22.0
202106022000,54857.0,1.0,9.0,4.0,2.0,140.0,3.0,17.3,16.8,96.9,1006.1,7.0,1.9,2.0,cma,22.0
202106022100,54857.0,1.0,9.0,4.0,2.0,140.0,1.0,17.5,17.2,98.1,1005.4,7.0,0.7,2.0,cma,30.0
202106022200,54857.0,1.0,9.0,4.0,2.0,140.0,1.0,17.5,17.2,98.1,1005.4,7.0,0.7,2.0,cma,30.0
202106022300,54857.0,1.0,9.0,4.0,2.0,140.0,1.0,17.5,17.2,98.1,1005.4,7.0,0.7,2.0,cma,30.0
202106030000,54857.0,1.0,9.0,4.0,36.0,350.0,1.0,18.1,17.8,98.1,1004.4,7.0,1.0,2.0,cma,19.0
202106030100,54857.0,1.0,9.0,4.0,36.0,350.0,1.0,18.1,17.8,98.1,1004.4,7.0,1.0,2.0,cma,19.0
202106030200,54857.0,1.0,9.0,4.0,36.0,350.0,1.0,18.1,17.8,98.1,1004.4,7.0,1.0,2.0,cma,19.0
202106030300,54857.0,1.0,9.0,4.0,20.0,150.0,2.0,17.9,17.6,98.1,1004.9,2.0,0.5,2.0,cma,14.0
202106030400,54857.0,1.0,9.0,4.0,20.0,150.0,2.0,17.9,17.6,98.1,1004.9,2.0,0.5,2.0,cma,14.0
202106030500,54857.0,1.0,9.0,4.0,20.0,150.0,2.0,17.9,17.6,98.1,1004.9,2.0,0.5,2.0,cma,14.0
202106030600,54857.0,1.0,9.0,4.0,43.0,330.0,4.0,19.5,18.7,95.1,1004.4,7.0,0.4,2.0,cma,15.0
202106030700,54857.0,1.0,9.0,4.0,43.0,330.0,4.0,19.5,18.7,95.1,1004.4,7.0,0.4,2.0,cma,15.0
202106030800,54857.0,1.0,9.0,4.0,43.0,330.0,4.0,19.5,18.7,95.1,1004.4,7.0,0.4,2.0,cma,15.0
202106030900,54857.0,1.0,9.0,4.0,60.0,360.0,4.0,20.9,17.1,78.9,1004.5,2.0,0.1,2.0,cma,21.0
202106031000,54857.0,1.0,9.0,4.0,60.0,360.0,4.0,20.9,17.1,78.9,1004.5,2.0,0.1,2.0,cma,21.0
202106031100,54857.0,1.0,9.0,4.0,60.0,360.0,4.0,20.9,17.1,78.9,1004.5,2.0,0.1,2.0,cma,21.0
202106031200,54857.0,1.0,9.0,4.0,76.0,310.0,2.0,18.9,13.5,70.9,1006.4,2.0,1.8,2.0,cma,13.0
202106031300,54857.0,1.0,9.0,4.0,76.0,310.0,2.0,18.9,13.5,70.9,1006.4,2.0,1.8,2.0,cma,13.0
202106031400,54857.0,1.0,9.0,4.0,76.0,310.0,2.0,18.9,13.5,70.9,1006.4,2.0,1.8,2.0,cma,13.0
202106031500,54857.0,1.0,9.0,4.0,80.0,270.0,2.0,17.2,10.3,63.8,1006.8,2.0,0.4,2.0,cma,67.0
202106031600,54857.0,1.0,9.0,4.0,80.0,270.0,2.0,17.2,10.3,63.8,1006.8,2.0,0.4,2.0,cma,67.0
202106031700,54857.0,1.0,9.0,4.0,80.0,270.0,2.0,17.2,10.3,63.8,1006.8,2.0,0.4,2.0,cma,67.0
202106031800,54857.0,1.0,9.0,4.0,80.0,240.0,2.0,17.2,6.7,50.0,1005.3,7.0,1.5,2.0,cma,21.0
202106031900,54857.0,1.0,9.0,4.0,80.0,240.0,2.0,17.2,6.7,50.0,1005.3,7.0,1.5,2.0,cma,21.0
202106032000,54857.0,1.0,9.0,4.0,80.0,240.0,2.0,17.2,6.7,50.0,1005.3,7.0,1.5,2.0,cma,21.0
202106032100,54857.0,1.0,9.0,4.0,80.0,200.0,2.0,17.7,7.7,51.9,1004.2,7.0,1.0,2.0,cma,33.0
202106032200,54857.0,1.0,9.0,4.0,80.0,200.0,2.0,17.7,7.7,51.9,1004.2,7.0,1.0,2.0,cma,33.0
202106032300,54857.0,1.0,9.0,4.0,80.0,200.0,2.0,17.7,7.7,51.9,1004.2,7.0,1.0,2.0,cma,33.0
202106040000,54857.0,1.0,9.0,4.0,75.0,160.0,2.0,20.8,10.3,51.0,1003.9,7.0,0.3,2.0,cma,36.0
202106040100,54857.0,1.0,9.0,4.0,75.0,160.0,2.0,20.8,10.3,51.0,1003.9,7.0,0.3,2.0,cma,36.0
202106040200,54857.0,1.0,9.0,4.0,75.0,160.0,2.0,20.8,10.3,51.0,1003.9,7.0,0.3,2.0,cma,36.0
202106040300,54857.0,1.0,9.0,4.0,60.0,200.0,3.0,23.0,12.3,50.9,1002.6,7.0,1.3,2.0,cma,29.0
202106040400,54857.0,1.0,9.0,4.0,60.0,200.0,3.0,23.0,12.3,50.9,1002.6,7.0,1.3,2.0,cma,29.0
202106040500,54857.0,1.0,9.0,4.0,60.0,200.0,3.0,23.0,12.3,50.9,1002.6,7.0,1.3,2.0,cma,29.0
202106040600,54857.0,1.0,9.0,4.0,63.0,210.0,4.0,25.8,12.3,43.0,999.7,7.0,2.8,2.0,cma,34.0
202106040700,54857.0,1.0,9.0,4.0,63.0,210.0,4.0,25.8,12.3,43.0,999.7,7.0,2.8,2.0,cma,34.0
202106040800,54857.0,1.0,9.0,4.0,63.0,210.0,4.0,25.8,12.3,43.0,999.7,7.0,2.8,2.0,cma,34.0
202106040900,54857.0,1.0,9.0,4.0,66.0,160.0,4.0,23.1,13.3,54.0,998.9,7.0,0.8,2.0,cma,30.0
202106041000,54857.0,1.0,9.0,4.0,66.0,160.0,4.0,23.1,13.3,54.0,998.9,7.0,0.8,2.0,cma,30.0
202106041100,54857.0,1.0,9.0,4.0,66.0,160.0,4.0,23.1,13.3,54.0,998.9,7.0,0.8,2.0,cma,30.0
202106041200,54857.0,1.0,9.0,4.0,57.0,160.0,5.0,19.2,15.3,78.1,999.5,2.0,0.5,2.0,cma,44.0
202106041300,54857.0,1.0,9.0,4.0,57.0,160.0,5.0,19.2,15.3,78.1,999.5,2.0,0.5,2.0,cma,44.0
202106041400,54857.0,1.0,9.0,4.0,57.0,160.0,5.0,19.2,15.3,78.1,999.5,2.0,0.5,2.0,cma,44.0
202106041500,54857.0,1.0,9.0,4.0,63.0,230.0,2.0,20.5,13.5,64.2,1000.5,2.0,1.1,2.0,cma,71.0
202106041600,54857.0,1.0,9.0,4.0,63.0,230.0,2.0,20.5,13.5,64.2,1000.5,2.0,1.1,2.0,cma,71.0
202106041700,54857.0,1.0,9.0,4.0,63.0,230.0,2.0,20.5,13.5,64.2,1000.5,2.0,1.1,2.0,cma,71.0
202106041800,54857.0,1.0,9.0,4.0,70.0,320.0,4.0,19.9,13.4,66.1,1000.7,2.0,0.2,2.0,cma,21.0
202106041900,54857.0,1.0,9.0,4.0,70.0,320.0,4.0,19.9,13.4,66.1,1000.7,2.0,0.2,2.0,cma,21.0
202106042000,54857.0,1.0,9.0,4.0,70.0,320.0,4.0,19.9,13.4,66.1,1000.7,2.0,0.2,2.0,cma,21.0
202106042100,54857.0,1.0,9.0,4.0,62.0,350.0,1.0,18.7,13.6,72.2,1000.2,7.0,0.5,2.0,cma,65.0
202106042200,54857.0,1.0,9.0,4.0,62.0,350.0,1.0,18.7,13.6,72.2,1000.2,7.0,0.5,2.0,cma,65.0
202106042300,54857.0,1.0,9.0,4.0,62.0,350.0,1.0,18.7,13.6,72.2,1000.2,7.0,0.5,2.0,cma,65.0
202106050000,54857.0,1.0,9.0,4.0,63.0,180.0,2.0,23.8,13.7,53.2,1000.0,7.0,0.2,2.0,cma,33.0
202106050100,54857.0,1.0,9.0,4.0,63.0,180.0,2.0,23.8,13.7,53.2,1000.0,7.0,0.2,2.0,cma,33.0
202106050200,54857.0,1.0,9.0,4.0,63.0,180.0,2.0,23.8,13.7,53.2,1000.0,7.0,0.2,2.0,cma,33.0
202106050300,54857.0,1.0,9.0,4.0,69.0,150.0,3.0,26.8,10.5,36.0,999.8,7.0,0.1,2.0,cma,50.0
202106050400,54857.0,1.0,9.0,4.0,69.0,150.0,3.0,26.8,10.5,36.0,999.8,7.0,0.1,2.0,cma,50.0
202106050500,54857.0,1.0,9.0,4.0,69.0,150.0,3.0,26.8,10.5,36.0,999.8,7.0,0.1,2.0,cma,50.0
202106050600,54857.0,1.0,9.0,4.0,60.0,190.0,2.0,25.5,13.0,45.9,999.4,7.0,0.5,2.0,cma,43.0
202106050700,54857.0,1.0,9.0,4.0,60.0,190.0,2.0,25.5,13.0,45.9,999.4,7.0,0.5,2.0,cma,43.0
202106050800,54857.0,1.0,9.0,4.0,60.0,190.0,2.0,25.5,13.0,45.9,999.4,7.0,0.5,2.0,cma,43.0
202106050900,54857.0,1.0,9.0,4.0,63.0,150.0,3.0,25.2,11.0,40.9,998.8,7.0,0.6,2.0,cma,50.0
202106051000,54857.0,1.0,9.0,4.0,63.0,150.0,3.0,25.2,11.0,40.9,998.8,7.0,0.6,2.0,cma,50.0
202106051100,54857.0,1.0,9.0,4.0,63.0,150.0,3.0,25.2,11.0,40.9,998.8,7.0,0.6,2.0,cma,50.0
202106051200,54857.0,1.0,9.0,4.0,74.0,150.0,1.0,24.5,8.5,36.1,1000.5,2.0,1.8,2.0,cma,24.0
202106051300,54857.0,1.0,9.0,4.0,74.0,150.0,1.0,24.5,8.5,36.1,1000.5,2.0,1.8,2.0,cma,24.0
202106051400,54857.0,1.0,9.0,4.0,74.0,150.0,1.0,24.5,8.5,36.1,1000.5,2.0,1.8,2.0,cma,24.0
202106051500,54857.0,1.0,9.0,4.0,75.0,150.0,1.0,23.8,7.0,34.0,1001.5,2.0,1.0,2.0,cma,74.0
202106051600,54857.0,1.0,9.0,4.0,75.0,150.0,1.0,23.8,7.0,34.0,1001.5,2.0,1.0,2.0,cma,74.0
202106051700,54857.0,1.0,9.0,4.0,75.0,150.0,1.0,23.8,7.0,34.0,1001.5,2.0,1.0,2.0,cma,74.0
202106051800,54857.0,1.0,9.0,4.0,50.0,160.0,3.0,19.2,15.9,81.2,1001.5,7.0,0.1,2.0,cma,29.0
202106051900,54857.0,1.0,9.0,4.0,50.0,160.0,3.0,19.2,15.9,81.2,1001.5,7.0,0.1,2.0,cma,29.0
202106052000,54857.0,1.0,9.0,4.0,50.0,160.0,3.0,19.2,15.9,81.2,1001.5,7.0,0.1,2.0,cma,29.0
202106052100,54857.0,1.0,9.0,4.0,64.0,140.0,2.0,21.3,13.2,59.9,1002.1,2.0,0.6,2.0,cma,45.0
202106052200,54857.0,1.0,9.0,4.0,64.0,140.0,2.0,21.3,13.2,59.9,1002.1,2.0,0.6,2.0,cma,45.0
202106052300,54857.0,1.0,9.0,4.0,64.0,140.0,2.0,21.3,13.2,59.9,1002.1,2.0,0.6,2.0,cma,45.0
202106060000,54857.0,1.0,9.0,4.0,66.0,170.0,2.0,25.1,13.3,47.9,1003.3,2.0,1.3,2.0,cma,36.0
202106060100,54857.0,1.0,9.0,4.0,66.0,170.0,2.0,25.1,13.3,47.9,1003.3,2.0,1.3,2.0,cma,36.0
202106060200,54857.0,1.0,9.0,4.0,66.0,170.0,2.0,25.1,13.3,47.9,1003.3,2.0,1.3,2.0,cma,36.0
202106060300,54857.0,1.0,9.0,4.0,80.0,190.0,3.0,28.8,10.5,32.0,1004.4,2.0,1.1,2.0,cma,104.0
202106060400,54857.0,1.0,9.0,4.0,80.0,190.0,3.0,28.8,10.5,32.0,1004.4,2.0,1.1,2.0,cma,104.0
202106060500,54857.0,1.0,9.0,4.0,80.0,190.0,3.0,28.8,10.5,32.0,1004.4,2.0,1.1,2.0,cma,104.0
202106060600,54857.0,1.0,9.0,4.0,71.0,150.0,3.0,27.3,15.0,47.0,1003.8,7.0,0.7,2.0,cma,44.0
202106060700,54857.0,1.0,9.0,4.0,71.0,150.0,3.0,27.3,15.0,47.0,1003.8,7.0,0.7,2.0,cma,44.0
202106060800,54857.0,1.0,9.0,4.0,71.0,150.0,3.0,27.3,15.0,47.0,1003.8,7.0,0.7,2.0,cma,44.0
202106060900,54857.0,1.0,9.0,4.0,72.0,130.0,3.0,26.2,13.7,46.1,1003.9,2.0,0.1,2.0,cma,146.0
202106061000,54857.0,1.0,9.0,4.0,72.0,130.0,3.0,26.2,13.7,46.1,1003.9,2.0,0.1,2.0,cma,146.0
202106061100,54857.0,1.0,9.0,4.0,72.0,130.0,3.0,26.2,13.7,46.1,1003.9,2.0,0.1,2.0,cma,146.0
202106061200,54857.0,1.0,9.0,4.0,73.0,140.0,4.0,24.1,15.6,59.0,1005.5,2.0,1.6,2.0,cma,29.0
202106061300,54857.0,1.0,9.0,4.0,73.0,140.0,4.0,24.1,15.6,59.0,1005.5,2.0,1.6,2.0,cma,29.0
202106061400,54857.0,1.0,9.0,4.0,73.0,140.0,4.0,24.1,15.6,59.0,1005.5,2.0,1.6,2.0,cma,29.0
202106061500,54857.0,1.0,9.0,4.0,67.0,150.0,4.0,22.8,16.1,65.9,1007.1,2.0,1.7,2.0,cma,75.0
202106061600,54857.0,1.0,9.0,4.0,67.0,150.0,4.0,22.8,16.1,65.9,1007.1,2.0,1.7,2.0,cma,75.0
202106061700,54857.0,1.0,9.0,4.0,67.0,150.0,4.0,22.8,16.1,65.9,1007.1,2.0,1.7,2.0,cma,75.0
202106061800,54857.0,1.0,9.0,4.0,72.0,140.0,2.0,23.1,14.4,58.0,1007.0,7.0,0.2,2.0,cma,52.0
202106061900,54857.0,1.0,9.0,4.0,72.0,140.0,2.0,23.1,14.4,58.0,1007.0,7.0,0.2,2.0,cma,52.0
202106062000,54857.0,1.0,9.0,4.0,72.0,140.0,2.0,23.1,14.4,58.0,1007.0,7.0,0.2,2.0,cma,52.0
202106062100,54857.0,1.0,9.0,4.0,60.0,150.0,4.0,21.0,17.4,79.9,1007.4,2.0,0.4,2.0,cma,58.0
202106062200,54857.0,1.0,9.0,4.0,60.0,150.0,4.0,21.0,17.4,79.9,1007.4,2.0,0.4,2.0,cma,58.0
202106062300,54857.0,1.0,9.0,4.0,60.0,150.0,4.0,21.0,17.4,79.9,1007.4,2.0,0.4,2.0,cma,58.0
202106070000,54857.0,1.0,9.0,4.0,64.0,150.0,4.0,23.9,17.2,66.1,1008.6,2.0,1.2,2.0,cma,44.0
202106070100,54857.0,1.0,9.0,4.0,64.0,150.0,4.0,23.9,17.2,66.1,1008.6,2.0,1.2,2.0,cma,44.0
202106070200,54857.0,1.0,9.0,4.0,64.0,150.0,4.0,23.9,17.2,66.1,1008.6,2.0,1.2,2.0,cma,44.0
202106070300,54857.0,1.0,9.0,4.0,60.0,150.0,4.0,23.8,16.8,64.9,1009.0,2.0,0.4,2.0,cma,46.0
202106070400,54857.0,1.0,9.0,4.0,60.0,150.0,4.0,23.8,16.8,64.9,1009.0,2.0,0.4,2.0,cma,46.0
202106070500,54857.0,1.0,9.0,4.0,60.0,150.0,4.0,23.8,16.8,64.9,1009.0,2.0,0.4,2.0,cma,46.0
202106070600,54857.0,1.0,9.0,4.0,59.0,170.0,5.0,24.7,17.4,63.9,1007.4,7.0,1.6,2.0,cma,46.0
202106070700,54857.0,1.0,9.0,4.0,59.0,170.0,5.0,24.7,17.4,63.9,1007.4,7.0,1.6,2.0,cma,46.0
202106070800,54857.0,1.0,9.0,4.0,59.0,170.0,5.0,24.7,17.4,63.9,1007.4,7.0,1.6,2.0,cma,46.0
202106070900,54857.0,1.0,9.0,4.0,61.0,150.0,4.0,23.2,17.0,68.1,1007.4,7.0,0.1,2.0,cma,52.0
202106071000,54857.0,1.0,9.0,4.0,61.0,150.0,4.0,23.2,17.0,68.1,1007.4,7.0,0.1,2.0,cma,52.0
202106071100,54857.0,1.0,9.0,4.0,61.0,150.0,4.0,23.2,17.0,68.1,1007.4,7.0,0.1,2.0,cma,52.0
202106071200,54857.0,1.0,9.0,4.0,72.0,160.0,3.0,22.7,16.5,68.0,1009.2,2.0,1.9,2.0,cma,45.0
202106071300,54857.0,1.0,9.0,4.0,72.0,160.0,3.0,22.7,16.5,68.0,1009.2,2.0,1.9,2.0,cma,45.0
202106071400,54857.0,1.0,9.0,4.0,72.0,160.0,3.0,22.7,16.5,68.0,1009.2,2.0,1.9,2.0,cma,45.0
202106071500,54857.0,1.0,9.0,4.0,74.0,160.0,4.0,21.4,17.0,76.0,1009.9,2.0,0.6,2.0,cma,71.0
202106071600,54857.0,1.0,9.0,4.0,74.0,160.0,4.0,21.4,17.0,76.0,1009.9,2.0,0.6,2.0,cma,71.0
202106071700,54857.0,1.0,9.0,4.0,74.0,160.0,4.0,21.4,17.0,76.0,1009.9,2.0,0.6,2.0,cma,71.0
202106071800,54857.0,1.0,9.0,4.0,71.0,160.0,3.0,20.7,17.9,84.0,1010.2,2.0,0.3,2.0,cma,42.0
202106071900,54857.0,1.0,9.0,4.0,71.0,160.0,3.0,20.7,17.9,84.0,1010.2,2.0,0.3,2.0,cma,42.0
202106072000,54857.0,1.0,9.0,4.0,71.0,160.0,3.0,20.7,17.9,84.0,1010.2,2.0,0.3,2.0,cma,42.0
202106072100,54857.0,1.0,9.0,4.0,72.0,160.0,4.0,20.6,17.8,84.0,1010.8,2.0,0.6,2.0,cma,51.0
202106072200,54857.0,1.0,9.0,4.0,72.0,160.0,4.0,20.6,17.8,84.0,1010.8,2.0,0.6,2.0,cma,51.0
202106072300,54857.0,1.0,9.0,4.0,72.0,160.0,4.0,20.6,17.8,84.0,1010.8,2.0,0.6,2.0,cma,51.0
202106080000,54857.0,1.0,9.0,4.0,72.0,160.0,4.0,20.6,17.8,84.0,1010.8,2.0,0.6,2.0,cma,51.0
202106080100,54857.0,1.0,9.0,4.0,72.0,160.0,4.0,20.6,17.8,84.0,1010.8,2.0,0.6,2.0,cma,51.0
202106080200,54857.0,1.0,9.0,4.0,72.0,160.0,4.0,20.6,17.8,84.0,1010.8,2.0,0.6,2.0,cma,51.0
202106080300,54857.0,1.0,9.0,4.0,78.0,160.0,4.0,23.4,18.7,74.9,1012.9,2.0,0.6,2.0,cma,30.0
202106080400,54857.0,1.0,9.0,4.0,78.0,160.0,4.0,23.4,18.7,74.9,1012.9,2.0,0.6,2.0,cma,30.0
202106080500,54857.0,1.0,9.0,4.0,78.0,160.0,4.0,23.4,18.7,74.9,1012.9,2.0,0.6,2.0,cma,30.0
202106080600,54857.0,1.0,9.0,4.0,78.0,160.0,4.0,23.4,18.7,74.9,1012.9,2.0,0.6,2.0,cma,30.0
202106080700,54857.0,1.0,9.0,4.0,78.0,160.0,4.0,23.4,18.7,74.9,1012.9,2.0,0.6,2.0,cma,30.0
202106080800,54857.0,1.0,9.0,4.0,78.0,160.0,4.0,23.4,18.7,74.9,1012.9,2.0,0.6,2.0,cma,30.0
202106080900,54857.0,1.0,9.0,4.0,7.0,150.0,4.0,19.4,18.7,95.7,1011.8,7.0,0.9,2.0,cma,24.0
202106081000,54857.0,1.0,9.0,4.0,7.0,150.0,4.0,19.4,18.7,95.7,1011.8,7.0,0.9,2.0,cma,24.0
202106081100,54857.0,1.0,9.0,4.0,7.0,150.0,4.0,19.4,18.7,95.7,1011.8,7.0,0.9,2.0,cma,24.0
202106081200,54857.0,1.0,9.0,4.0,5.0,150.0,3.0,18.3,17.8,96.9,1012.6,2.0,0.8,2.0,cma,13.0
202106081300,54857.0,1.0,9.0,4.0,5.0,150.0,3.0,18.3,17.8,96.9,1012.6,2.0,0.8,2.0,cma,13.0
202106081400,54857.0,1.0,9.0,4.0,5.0,150.0,3.0,18.3,17.8,96.9,1012.6,2.0,0.8,2.0,cma,13.0
202106081500,54857.0,1.0,9.0,4.0,8.0,120.0,1.0,18.4,18.1,98.1,1013.5,2.0,1.0,2.0,cma,17.0
202106081600,54857.0,1.0,9.0,4.0,8.0,120.0,1.0,18.4,18.1,98.1,1013.5,2.0,1.0,2.0,cma,17.0
202106081700,54857.0,1.0,9.0,4.0,8.0,120.0,1.0,18.4,18.1,98.1,1013.5,2.0,1.0,2.0,cma,17.0
202106081800,54857.0,1.0,9.0,4.0,64.0,130.0,2.0,20.4,20.1,98.2,1011.9,7.0,1.7,2.0,cma,6.0
202106081900,54857.0,1.0,9.0,4.0,64.0,130.0,2.0,20.4,20.1,98.2,1011.9,7.0,1.7,2.0,cma,6.0
202106082000,54857.0,1.0,9.0,4.0,64.0,130.0,2.0,20.4,20.1,98.2,1011.9,7.0,1.7,2.0,cma,6.0
202106082100,54857.0,1.0,9.0,4.0,57.0,110.0,3.0,19.9,19.4,96.9,1011.3,7.0,0.6,2.0,cma,9.0
202106082200,54857.0,1.0,9.0,4.0,57.0,110.0,3.0,19.9,19.4,96.9,1011.3,7.0,0.6,2.0,cma,9.0
202106082300,54857.0,1.0,9.0,4.0,57.0,110.0,3.0,19.9,19.4,96.9,1011.3,7.0,0.6,2.0,cma,9.0
202106090000,54857.0,1.0,9.0,4.0,21.0,110.0,4.0,19.9,19.6,98.2,1012.4,2.0,1.1,2.0,cma,7.0
202106090100,54857.0,1.0,9.0,4.0,21.0,110.0,4.0,19.9,19.6,98.2,1012.4,2.0,1.1,2.0,cma,7.0
202106090200,54857.0,1.0,9.0,4.0,21.0,110.0,4.0,19.9,19.6,98.2,1012.4,2.0,1.1,2.0,cma,7.0
202106090300,54857.0,1.0,9.0,4.0,21.0,110.0,4.0,19.9,19.6,98.2,1012.4,2.0,1.1,2.0,cma,7.0
202106090400,54857.0,1.0,9.0,4.0,21.0,110.0,4.0,19.9,19.6,98.2,1012.4,2.0,1.1,2.0,cma,7.0
202106090500,54857.0,1.0,9.0,4.0,21.0,110.0,4.0,19.9,19.6,98.2,1012.4,2.0,1.1,2.0,cma,7.0
202106090600,54857.0,1.0,9.0,4.0,31.0,120.0,4.0,20.0,19.3,95.7,1010.8,7.0,1.1,2.0,cma,6.0
202106090700,54857.0,1.0,9.0,4.0,31.0,120.0,4.0,20.0,19.3,95.7,1010.8,7.0,1.1,2.0,cma,6.0
202106090800,54857.0,1.0,9.0,4.0,31.0,120.0,4.0,20.0,19.3,95.7,1010.8,7.0,1.1,2.0,cma,6.0
202106090900,54857.0,1.0,9.0,4.0,6.0,120.0,3.0,20.1,19.6,96.9,1009.5,7.0,1.3,2.0,cma,16.0
202106091000,54857.0,1.0,9.0,4.0,6.0,120.0,3.0,20.1,19.6,96.9,1009.5,7.0,1.3,2.0,cma,16.0
202106091100,54857.0,1.0,9.0,4.0,6.0,120.0,3.0,20.1,19.6,96.9,1009.5,7.0,1.3,2.0,cma,16.0
202106091200,54857.0,1.0,9.0,4.0,2.0,140.0,2.0,19.7,19.4,98.2,1009.6,2.0,0.1,2.0,cma,9.0
202106091300,54857.0,1.0,9.0,4.0,2.0,140.0,2.0,19.7,19.4,98.2,1009.6,2.0,0.1,2.0,cma,9.0
202106091400,54857.0,1.0,9.0,4.0,2.0,140.0,2.0,19.7,19.4,98.2,1009.6,2.0,0.1,2.0,cma,9.0
202106091500,54857.0,1.0,9.0,4.0,1.0,140.0,3.0,19.5,19.2,98.1,1009.5,7.0,0.1,2.0,cma,9.0
202106091600,54857.0,1.0,9.0,4.0,1.0,140.0,3.0,19.5,19.2,98.1,1009.5,7.0,0.1,2.0,cma,9.0
202106091700,54857.0,1.0,9.0,4.0,1.0,140.0,3.0,19.5,19.2,98.1,1009.5,7.0,0.1,2.0,cma,9.0
202106091800,54857.0,1.0,9.0,4.0,1.0,170.0,2.0,19.7,19.5,98.8,1008.3,7.0,1.2,2.0,cma,6.0
202106091900,54857.0,1.0,9.0,4.0,1.0,170.0,2.0,19.7,19.5,98.8,1008.3,7.0,1.2,2.0,cma,6.0
202106092000,54857.0,1.0,9.0,4.0,1.0,170.0,2.0,19.7,19.5,98.8,1008.3,7.0,1.2,2.0,cma,6.0
202106092100,54857.0,1.0,9.0,4.0,1.0,160.0,3.0,20.0,19.8,98.8,1007.1,7.0,1.2,2.0,cma,5.0
202106092200,54857.0,1.0,9.0,4.0,1.0,160.0,3.0,20.0,19.8,98.8,1007.1,7.0,1.2,2.0,cma,5.0
202106092300,54857.0,1.0,9.0,4.0,1.0,160.0,3.0,20.0,19.8,98.8,1007.1,7.0,1.2,2.0,cma,5.0
202106100000,54857.0,1.0,9.0,4.0,2.0,140.0,2.0,20.6,20.4,98.8,1008.2,2.0,1.1,2.0,cma,9.0
202106100100,54857.0,1.0,9.0,4.0,2.0,140.0,2.0,20.6,20.4,98.8,1008.2,2.0,1.1,2.0,cma,9.0
202106100200,54857.0,1.0,9.0,4.0,2.0,140.0,2.0,20.6,20.4,98.8,1008.2,2.0,1.1,2.0,cma,9.0
202106100300,54857.0,1.0,9.0,4.0,2.0,140.0,2.0,20.6,20.4,98.8,1008.2,2.0,1.1,2.0,cma,9.0
202106100400,54857.0,1.0,9.0,4.0,2.0,140.0,2.0,20.6,20.4,98.8,1008.2,2.0,1.1,2.0,cma,9.0
202106100500,54857.0,1.0,9.0,4.0,2.0,140.0,2.0,20.6,20.4,98.8,1008.2,2.0,1.1,2.0,cma,9.0
202106100600,54857.0,1.0,9.0,4.0,80.0,180.0,3.0,24.7,18.4,68.0,1006.7,7.0,1.2,2.0,cma,9.0
202106100700,54857.0,1.0,9.0,4.0,80.0,180.0,3.0,24.7,18.4,68.0,1006.7,7.0,1.2,2.0,cma,9.0
202106100800,54857.0,1.0,9.0,4.0,80.0,180.0,3.0,24.7,18.4,68.0,1006.7,7.0,1.2,2.0,cma,9.0
202106100900,54857.0,1.0,9.0,4.0,61.0,330.0,4.0,22.4,19.8,85.2,1006.8,4.0,0.0,2.0,cma,11.0
202106101000,54857.0,1.0,9.0,4.0,61.0,330.0,4.0,22.4,19.8,85.2,1006.8,4.0,0.0,2.0,cma,11.0
202106101100,54857.0,1.0,9.0,4.0,61.0,330.0,4.0,22.4,19.8,85.2,1006.8,4.0,0.0,2.0,cma,11.0
202106101200,54857.0,1.0,9.0,4.0,56.0,20.0,1.0,21.9,20.4,91.2,1006.6,7.0,0.2,2.0,cma,7.0
202106101300,54857.0,1.0,9.0,4.0,56.0,20.0,1.0,21.9,20.4,91.2,1006.6,7.0,0.2,2.0,cma,7.0
202106101400,54857.0,1.0,9.0,4.0,56.0,20.0,1.0,21.9,20.4,91.2,1006.6,7.0,0.2,2.0,cma,7.0
202106101500,54857.0,1.0,9.0,4.0,25.0,160.0,2.0,19.4,18.9,96.9,1008.4,2.0,1.8,2.0,cma,12.0
202106101600,54857.0,1.0,9.0,4.0,25.0,160.0,2.0,19.4,18.9,96.9,1008.4,2.0,1.8,2.0,cma,12.0
202106101700,54857.0,1.0,9.0,4.0,25.0,160.0,2.0,19.4,18.9,96.9,1008.4,2.0,1.8,2.0,cma,12.0
202106101800,54857.0,1.0,9.0,4.0,7.0,180.0,3.0,19.0,18.5,96.9,1007.8,7.0,0.6,2.0,cma,9.0
202106101900,54857.0,1.0,9.0,4.0,7.0,180.0,3.0,19.0,18.5,96.9,1007.8,7.0,0.6,2.0,cma,9.0
202106102000,54857.0,1.0,9.0,4.0,7.0,180.0,3.0,19.0,18.5,96.9,1007.8,7.0,0.6,2.0,cma,9.0
202106102100,54857.0,1.0,9.0,4.0,25.0,30.0,2.0,19.7,19.2,96.9,1008.2,2.0,0.4,2.0,cma,41.0
202106102200,54857.0,1.0,9.0,4.0,25.0,30.0,2.0,19.7,19.2,96.9,1008.2,2.0,0.4,2.0,cma,41.0
202106102300,54857.0,1.0,9.0,4.0,25.0,30.0,2.0,19.7,19.2,96.9,1008.2,2.0,0.4,2.0,cma,41.0
202106110000,54857.0,1.0,9.0,4.0,34.0,330.0,4.0,22.8,20.1,84.8,1009.7,2.0,1.5,2.0,cma,35.0
202106110100,54857.0,1.0,9.0,4.0,34.0,330.0,4.0,22.8,20.1,84.8,1009.7,2.0,1.5,2.0,cma,35.0
202106110200,54857.0,1.0,9.0,4.0,34.0,330.0,4.0,22.8,20.1,84.8,1009.7,2.0,1.5,2.0,cma,35.0
202106110300,54857.0,1.0,9.0,4.0,56.0,190.0,1.0,26.1,19.7,67.9,1010.3,2.0,0.6,2.0,cma,42.0
202106110400,54857.0,1.0,9.0,4.0,56.0,190.0,1.0,26.1,19.7,67.9,1010.3,2.0,0.6,2.0,cma,42.0
202106110500,54857.0,1.0,9.0,4.0,56.0,190.0,1.0,26.1,19.7,67.9,1010.3,2.0,0.6,2.0,cma,42.0
202106110600,54857.0,1.0,9.0,4.0,56.0,180.0,3.0,24.7,19.8,74.2,1010.3,4.0,0.0,2.0,cma,22.0
202106110700,54857.0,1.0,9.0,4.0,56.0,180.0,3.0,24.7,19.8,74.2,1010.3,4.0,0.0,2.0,cma,22.0
202106110800,54857.0,1.0,9.0,4.0,56.0,180.0,3.0,24.7,19.8,74.2,1010.3,4.0,0.0,2.0,cma,22.0
202106110900,54857.0,1.0,9.0,4.0,56.0,170.0,4.0,23.3,19.2,77.8,1010.0,7.0,0.3,2.0,cma,85.0
202106111000,54857.0,1.0,9.0,4.0,56.0,170.0,4.0,23.3,19.2,77.8,1010.0,7.0,0.3,2.0,cma,85.0
202106111100,54857.0,1.0,9.0,4.0,56.0,170.0,4.0,23.3,19.2,77.8,1010.0,7.0,0.3,2.0,cma,85.0
202106111200,54857.0,1.0,9.0,4.0,,,,,,,,-1.0,,2.0,cma,30.0
202106111300,54857.0,1.0,9.0,4.0,,,,,,,,-1.0,,2.0,cma,30.0
202106111400,54857.0,1.0,9.0,4.0,,,,,,,,-1.0,,2.0,cma,30.0
202106111500,54857.0,1.0,9.0,4.0,,,,,,,,-1.0,,2.0,cma,57.0
202106111600,54857.0,1.0,9.0,4.0,,,,,,,,-1.0,,2.0,cma,57.0
202106111700,54857.0,1.0,9.0,4.0,,,,,,,,-1.0,,2.0,cma,57.0
202106111800,54857.0,1.0,9.0,4.0,2.0,160.0,2.0,17.6,17.3,98.1,1012.7,4.0,0.0,2.0,cma,24.0
202106111900,54857.0,1.0,9.0,4.0,2.0,160.0,2.0,17.6,17.3,98.1,1012.7,4.0,0.0,2.0,cma,24.0
202106112000,54857.0,1.0,9.0,4.0,2.0,160.0,2.0,17.6,17.3,98.1,1012.7,4.0,0.0,2.0,cma,24.0
202106112100,54857.0,1.0,9.0,4.0,1.0,160.0,4.0,16.8,16.6,98.7,1012.9,2.0,0.1,2.0,cma,48.0
202106112200,54857.0,1.0,9.0,4.0,1.0,160.0,4.0,16.8,16.6,98.7,1012.9,2.0,0.1,2.0,cma,48.0
202106112300,54857.0,1.0,9.0,4.0,1.0,160.0,4.0,16.8,16.6,98.7,1012.9,2.0,0.1,2.0,cma,48.0
202106120000,54857.0,1.0,9.0,4.0,1.0,160.0,4.0,16.8,16.6,98.7,1012.9,2.0,0.1,2.0,cma,48.0
202106120100,54857.0,1.0,9.0,4.0,1.0,160.0,4.0,16.8,16.6,98.7,1012.9,2.0,0.1,2.0,cma,48.0
202106120200,54857.0,1.0,9.0,4.0,1.0,160.0,4.0,16.8,16.6,98.7,1012.9,2.0,0.1,2.0,cma,48.0
202106120300,54857.0,1.0,9.0,4.0,65.0,150.0,4.0,18.6,17.4,92.7,1013.3,7.0,0.7,2.0,cma,15.0
202106120400,54857.0,1.0,9.0,4.0,65.0,150.0,4.0,18.6,17.4,92.7,1013.3,7.0,0.7,2.0,cma,15.0
202106120500,54857.0,1.0,9.0,4.0,65.0,150.0,4.0,18.6,17.4,92.7,1013.3,7.0,0.7,2.0,cma,15.0
202106120600,54857.0,1.0,9.0,4.0,57.0,150.0,4.0,19.2,17.9,92.2,1012.1,7.0,1.2,2.0,cma,10.0
202106120700,54857.0,1.0,9.0,4.0,57.0,150.0,4.0,19.2,17.9,92.2,1012.1,7.0,1.2,2.0,cma,10.0
202106120800,54857.0,1.0,9.0,4.0,57.0,150.0,4.0,19.2,17.9,92.2,1012.1,7.0,1.2,2.0,cma,10.0
202106120900,54857.0,1.0,9.0,4.0,28.0,150.0,4.0,18.5,17.9,96.3,1010.9,7.0,1.2,2.0,cma,18.0
202106121000,54857.0,1.0,9.0,4.0,28.0,150.0,4.0,18.5,17.9,96.3,1010.9,7.0,1.2,2.0,cma,18.0
202106121100,54857.0,1.0,9.0,4.0,28.0,150.0,4.0,18.5,17.9,96.3,1010.9,7.0,1.2,2.0,cma,18.0
202106121200,54857.0,1.0,9.0,4.0,29.0,150.0,4.0,18.0,17.4,96.3,1011.1,2.0,0.2,2.0,cma,15.0
202106121300,54857.0,1.0,9.0,4.0,29.0,150.0,4.0,18.0,17.4,96.3,1011.1,2.0,0.2,2.0,cma,15.0
202106121400,54857.0,1.0,9.0,4.0,29.0,150.0,4.0,18.0,17.4,96.3,1011.1,2.0,0.2,2.0,cma,15.0
202106121500,54857.0,1.0,9.0,4.0,49.0,160.0,3.0,18.2,17.7,96.9,1011.8,2.0,0.7,2.0,cma,12.0
202106121600,54857.0,1.0,9.0,4.0,49.0,160.0,3.0,18.2,17.7,96.9,1011.8,2.0,0.7,2.0,cma,12.0
202106121700,54857.0,1.0,9.0,4.0,49.0,160.0,3.0,18.2,17.7,96.9,1011.8,2.0,0.7,2.0,cma,12.0
202106121800,54857.0,1.0,9.0,4.0,57.0,160.0,3.0,17.9,17.1,95.1,1011.0,7.0,0.8,2.0,cma,22.0
202106121900,54857.0,1.0,9.0,4.0,57.0,160.0,3.0,17.9,17.1,95.1,1011.0,7.0,0.8,2.0,cma,22.0
202106122000,54857.0,1.0,9.0,4.0,57.0,160.0,3.0,17.9,17.1,95.1,1011.0,7.0,0.8,2.0,cma,22.0
202106122100,54857.0,1.0,9.0,4.0,33.0,160.0,3.0,17.6,17.1,96.9,1010.1,7.0,0.9,2.0,cma,29.0
202106122200,54857.0,1.0,9.0,4.0,33.0,160.0,3.0,17.6,17.1,96.9,1010.1,7.0,0.9,2.0,cma,29.0
202106122300,54857.0,1.0,9.0,4.0,33.0,160.0,3.0,17.6,17.1,96.9,1010.1,7.0,0.9,2.0,cma,29.0
202106130000,54857.0,1.0,9.0,4.0,59.0,150.0,3.0,18.7,17.4,92.2,1010.6,2.0,0.5,2.0,cma,23.0
202106130100,54857.0,1.0,9.0,4.0,59.0,150.0,3.0,18.7,17.4,92.2,1010.6,2.0,0.5,2.0,cma,23.0
202106130200,54857.0,1.0,9.0,4.0,59.0,150.0,3.0,18.7,17.4,92.2,1010.6,2.0,0.5,2.0,cma,23.0
202106130300,54857.0,1.0,9.0,4.0,60.0,150.0,3.0,20.0,17.6,86.1,1009.1,7.0,1.5,2.0,cma,21.0
202106130400,54857.0,1.0,9.0,4.0,60.0,150.0,3.0,20.0,17.6,86.1,1009.1,7.0,1.5,2.0,cma,21.0
202106130500,54857.0,1.0,9.0,4.0,60.0,150.0,3.0,20.0,17.6,86.1,1009.1,7.0,1.5,2.0,cma,21.0
202106130600,54857.0,1.0,9.0,4.0,58.0,160.0,5.0,19.7,17.8,88.8,1008.1,7.0,1.0,2.0,cma,18.0
202106130700,54857.0,1.0,9.0,4.0,58.0,160.0,5.0,19.7,17.8,88.8,1008.1,7.0,1.0,2.0,cma,18.0
202106130800,54857.0,1.0,9.0,4.0,58.0,160.0,5.0,19.7,17.8,88.8,1008.1,7.0,1.0,2.0,cma,18.0
202106130900,54857.0,1.0,9.0,4.0,15.0,150.0,4.0,19.5,18.8,95.7,1006.2,7.0,1.9,2.0,cma,33.0
202106131000,54857.0,1.0,9.0,4.0,15.0,150.0,4.0,19.5,18.8,95.7,1006.2,7.0,1.9,2.0,cma,33.0
202106131100,54857.0,1.0,9.0,4.0,15.0,150.0,4.0,19.5,18.8,95.7,1006.2,7.0,1.9,2.0,cma,33.0
202106131200,54857.0,1.0,9.0,4.0,50.0,150.0,3.0,19.3,18.3,93.9,1006.6,2.0,0.5,2.0,cma,8.0
202106131300,54857.0,1.0,9.0,4.0,50.0,150.0,3.0,19.3,18.3,93.9,1006.6,2.0,0.5,2.0,cma,8.0
202106131400,54857.0,1.0,9.0,4.0,50.0,150.0,3.0,19.3,18.3,93.9,1006.6,2.0,0.5,2.0,cma,8.0
202106131500,54857.0,1.0,9.0,4.0,50.0,150.0,3.0,19.1,18.3,95.1,1006.1,7.0,0.5,2.0,cma,29.0
202106131600,54857.0,1.0,9.0,4.0,50.0,150.0,3.0,19.1,18.3,95.1,1006.1,7.0,0.5,2.0,cma,29.0
202106131700,54857.0,1.0,9.0,4.0,50.0,150.0,3.0,19.1,18.3,95.1,1006.1,7.0,0.5,2.0,cma,29.0
202106131800,54857.0,1.0,9.0,4.0,20.0,150.0,3.0,18.2,17.9,98.1,1005.3,7.0,0.8,2.0,cma,24.0
202106131900,54857.0,1.0,9.0,4.0,20.0,150.0,3.0,18.2,17.9,98.1,1005.3,7.0,0.8,2.0,cma,24.0
202106132000,54857.0,1.0,9.0,4.0,20.0,150.0,3.0,18.2,17.9,98.1,1005.3,7.0,0.8,2.0,cma,24.0
202106132100,54857.0,1.0,9.0,4.0,37.0,130.0,3.0,18.3,17.8,96.9,1004.9,7.0,0.4,2.0,cma,41.0
202106132200,54857.0,1.0,9.0,4.0,37.0,130.0,3.0,18.3,17.8,96.9,1004.9,7.0,0.4,2.0,cma,41.0
202106132300,54857.0,1.0,9.0,4.0,37.0,130.0,3.0,18.3,17.8,96.9,1004.9,7.0,0.4,2.0,cma,41.0
202106140000,54857.0,1.0,9.0,4.0,56.0,130.0,4.0,19.3,18.0,92.2,1004.7,7.0,0.2,2.0,cma,18.0
202106140100,54857.0,1.0,9.0,4.0,56.0,130.0,4.0,19.3,18.0,92.2,1004.7,7.0,0.2,2.0,cma,18.0
202106140200,54857.0,1.0,9.0,4.0,56.0,130.0,4.0,19.3,18.0,92.2,1004.7,7.0,0.2,2.0,cma,18.0
202106140300,54857.0,1.0,9.0,4.0,59.0,130.0,4.0,20.0,18.1,88.8,1004.1,7.0,0.6,2.0,cma,39.0
202106140400,54857.0,1.0,9.0,4.0,59.0,130.0,4.0,20.0,18.1,88.8,1004.1,7.0,0.6,2.0,cma,39.0
202106140500,54857.0,1.0,9.0,4.0,59.0,130.0,4.0,20.0,18.1,88.8,1004.1,7.0,0.6,2.0,cma,39.0
202106140600,54857.0,1.0,9.0,4.0,26.0,130.0,3.0,19.9,19.1,95.1,1003.0,7.0,1.1,2.0,cma,20.0
202106140700,54857.0,1.0,9.0,4.0,26.0,130.0,3.0,19.9,19.1,95.1,1003.0,7.0,1.1,2.0,cma,20.0
202106140800,54857.0,1.0,9.0,4.0,26.0,130.0,3.0,19.9,19.1,95.1,1003.0,7.0,1.1,2.0,cma,20.0
202106140900,54857.0,1.0,9.0,4.0,13.0,130.0,4.0,19.9,19.4,96.9,1000.9,7.0,2.1,2.0,cma,48.0
202106141000,54857.0,1.0,9.0,4.0,13.0,130.0,4.0,19.9,19.4,96.9,1000.9,7.0,2.1,2.0,cma,48.0
202106141100,54857.0,1.0,9.0,4.0,13.0,130.0,4.0,19.9,19.4,96.9,1000.9,7.0,2.1,2.0,cma,48.0
202106141200,54857.0,1.0,9.0,4.0,20.0,120.0,5.0,20.1,19.6,96.9,1000.4,7.0,0.5,2.0,cma,18.0
202106141300,54857.0,1.0,9.0,4.0,20.0,120.0,5.0,20.1,19.6,96.9,1000.4,7.0,0.5,2.0,cma,18.0
202106141400,54857.0,1.0,9.0,4.0,20.0,120.0,5.0,20.1,19.6,96.9,1000.4,7.0,0.5,2.0,cma,18.0
202106141500,54857.0,1.0,9.0,4.0,37.0,120.0,5.0,20.1,19.6,96.9,999.8,7.0,0.6,2.0,cma,43.0
202106141600,54857.0,1.0,9.0,4.0,37.0,120.0,5.0,20.1,19.6,96.9,999.8,7.0,0.6,2.0,cma,43.0
202106141700,54857.0,1.0,9.0,4.0,37.0,120.0,5.0,20.1,19.6,96.9,999.8,7.0,0.6,2.0,cma,43.0
202106141800,54857.0,1.0,9.0,4.0,80.0,110.0,5.0,20.2,19.5,95.8,997.4,7.0,2.3,2.0,cma,31.0
202106141900,54857.0,1.0,9.0,4.0,80.0,110.0,5.0,20.2,19.5,95.8,997.4,7.0,2.3,2.0,cma,31.0
202106142000,54857.0,1.0,9.0,4.0,80.0,110.0,5.0,20.2,19.5,95.8,997.4,7.0,2.3,2.0,cma,31.0
202106142100,54857.0,1.0,9.0,4.0,78.0,100.0,5.0,20.1,18.6,91.1,996.6,7.0,0.8,2.0,cma,47.0
202106142200,54857.0,1.0,9.0,4.0,78.0,100.0,5.0,20.1,18.6,91.1,996.6,7.0,0.8,2.0,cma,47.0
202106142300,54857.0,1.0,9.0,4.0,78.0,100.0,5.0,20.1,18.6,91.1,996.6,7.0,0.8,2.0,cma,47.0
202106150000,54857.0,1.0,9.0,4.0,80.0,90.0,7.0,22.1,18.5,80.1,997.9,2.0,1.3,2.0,cma,22.0
202106150100,54857.0,1.0,9.0,4.0,80.0,90.0,7.0,22.1,18.5,80.1,997.9,2.0,1.3,2.0,cma,22.0
202106150200,54857.0,1.0,9.0,4.0,80.0,90.0,7.0,22.1,18.5,80.1,997.9,2.0,1.3,2.0,cma,22.0
202106150300,54857.0,1.0,9.0,4.0,80.0,100.0,5.0,23.5,17.9,70.8,998.1,2.0,0.2,2.0,cma,15.0
202106150400,54857.0,1.0,9.0,4.0,80.0,100.0,5.0,23.5,17.9,70.8,998.1,2.0,0.2,2.0,cma,15.0
202106150500,54857.0,1.0,9.0,4.0,80.0,100.0,5.0,23.5,17.9,70.8,998.1,2.0,0.2,2.0,cma,15.0
202106150600,54857.0,1.0,9.0,4.0,60.0,70.0,5.0,21.1,18.7,86.2,999.9,2.0,1.8,2.0,cma,1.0
202106150700,54857.0,1.0,9.0,4.0,60.0,70.0,5.0,21.1,18.7,86.2,999.9,2.0,1.8,2.0,cma,1.0
202106150800,54857.0,1.0,9.0,4.0,60.0,70.0,5.0,21.1,18.7,86.2,999.9,2.0,1.8,2.0,cma,1.0
202106150900,54857.0,1.0,9.0,4.0,80.0,70.0,3.0,20.9,18.3,85.1,1001.0,2.0,1.1,2.0,cma,1.0
202106151000,54857.0,1.0,9.0,4.0,80.0,70.0,3.0,20.9,18.3,85.1,1001.0,2.0,1.1,2.0,cma,1.0
202106151100,54857.0,1.0,9.0,4.0,80.0,70.0,3.0,20.9,18.3,85.1,1001.0,2.0,1.1,2.0,cma,1.0
202106151200,54857.0,1.0,9.0,4.0,80.0,40.0,1.0,20.4,17.4,82.9,1003.3,2.0,2.3,2.0,cma,2.0
202106151300,54857.0,1.0,9.0,4.0,80.0,40.0,1.0,20.4,17.4,82.9,1003.3,2.0,2.3,2.0,cma,2.0
202106151400,54857.0,1.0,9.0,4.0,80.0,40.0,1.0,20.4,17.4,82.9,1003.3,2.0,2.3,2.0,cma,2.0
202106151500,54857.0,1.0,9.0,4.0,73.0,160.0,1.0,19.9,17.5,86.1,1004.1,2.0,0.8,2.0,cma,13.0
202106151600,54857.0,1.0,9.0,4.0,73.0,160.0,1.0,19.9,17.5,86.1,1004.1,2.0,0.8,2.0,cma,13.0
202106151700,54857.0,1.0,9.0,4.0,73.0,160.0,1.0,19.9,17.5,86.1,1004.1,2.0,0.8,2.0,cma,13.0
202106151800,54857.0,1.0,9.0,4.0,65.0,330.0,2.0,18.9,16.9,88.2,1003.4,7.0,0.8,2.0,cma,22.0
202106151900,54857.0,1.0,9.0,4.0,65.0,330.0,2.0,18.9,16.9,88.2,1003.4,7.0,0.8,2.0,cma,22.0
202106152000,54857.0,1.0,9.0,4.0,65.0,330.0,2.0,18.9,16.9,88.2,1003.4,7.0,0.8,2.0,cma,22.0
202106152100,54857.0,1.0,9.0,4.0,58.0,310.0,1.0,19.3,18.0,92.2,1004.6,2.0,1.2,2.0,cma,17.0
202106152200,54857.0,1.0,9.0,4.0,58.0,310.0,1.0,19.3,18.0,92.2,1004.6,2.0,1.2,2.0,cma,17.0
202106152300,54857.0,1.0,9.0,4.0,58.0,310.0,1.0,19.3,18.0,92.2,1004.6,2.0,1.2,2.0,cma,17.0
202106160000,54857.0,1.0,9.0,4.0,75.0,60.0,1.0,22.1,18.7,81.1,1005.8,2.0,1.2,2.0,cma,13.0
202106160100,54857.0,1.0,9.0,4.0,75.0,60.0,1.0,22.1,18.7,81.1,1005.8,2.0,1.2,2.0,cma,13.0
202106160200,54857.0,1.0,9.0,4.0,75.0,60.0,1.0,22.1,18.7,81.1,1005.8,2.0,1.2,2.0,cma,13.0
202106160300,54857.0,1.0,9.0,4.0,77.0,140.0,3.0,24.6,18.8,70.1,1005.4,7.0,0.3,2.0,cma,28.0
202106160400,54857.0,1.0,9.0,4.0,77.0,140.0,3.0,24.6,18.8,70.1,1005.4,7.0,0.3,2.0,cma,28.0
202106160500,54857.0,1.0,9.0,4.0,77.0,140.0,3.0,24.6,18.8,70.1,1005.4,7.0,0.3,2.0,cma,28.0
202106160600,54857.0,1.0,9.0,4.0,77.0,160.0,3.0,24.5,17.5,65.0,1005.3,7.0,0.2,2.0,cma,30.0
202106160700,54857.0,1.0,9.0,4.0,77.0,160.0,3.0,24.5,17.5,65.0,1005.3,7.0,0.2,2.0,cma,30.0
202106160800,54857.0,1.0,9.0,4.0,77.0,160.0,3.0,24.5,17.5,65.0,1005.3,7.0,0.2,2.0,cma,30.0
202106160900,54857.0,1.0,9.0,4.0,75.0,150.0,3.0,22.3,17.7,75.2,1005.0,7.0,0.3,2.0,cma,30.0
202106161000,54857.0,1.0,9.0,4.0,75.0,150.0,3.0,22.3,17.7,75.2,1005.0,7.0,0.3,2.0,cma,30.0
202106161100,54857.0,1.0,9.0,4.0,75.0,150.0,3.0,22.3,17.7,75.2,1005.0,7.0,0.3,2.0,cma,30.0
202106161200,54857.0,1.0,9.0,4.0,71.0,140.0,3.0,19.9,17.5,86.1,1005.4,2.0,0.4,2.0,cma,10.0
202106161300,54857.0,1.0,9.0,4.0,71.0,140.0,3.0,19.9,17.5,86.1,1005.4,2.0,0.4,2.0,cma,10.0
202106161400,54857.0,1.0,9.0,4.0,71.0,140.0,3.0,19.9,17.5,86.1,1005.4,2.0,0.4,2.0,cma,10.0
202106161500,54857.0,1.0,9.0,4.0,59.0,150.0,2.0,19.3,18.3,93.9,1006.3,2.0,0.9,2.0,cma,17.0
202106161600,54857.0,1.0,9.0,4.0,59.0,150.0,2.0,19.3,18.3,93.9,1006.3,2.0,0.9,2.0,cma,17.0
202106161700,54857.0,1.0,9.0,4.0,59.0,150.0,2.0,19.3,18.3,93.9,1006.3,2.0,0.9,2.0,cma,17.0
202106161800,54857.0,1.0,9.0,4.0,39.0,150.0,2.0,19.3,18.6,95.7,1004.7,7.0,1.5,2.0,cma,23.0
202106161900,54857.0,1.0,9.0,4.0,39.0,150.0,2.0,19.3,18.6,95.7,1004.7,7.0,1.5,2.0,cma,23.0
202106162000,54857.0,1.0,9.0,4.0,39.0,150.0,2.0,19.3,18.6,95.7,1004.7,7.0,1.5,2.0,cma,23.0
202106162100,54857.0,1.0,9.0,4.0,23.0,170.0,2.0,19.2,18.7,96.9,1004.9,2.0,0.1,2.0,cma,30.0
202106162200,54857.0,1.0,9.0,4.0,23.0,170.0,2.0,19.2,18.7,96.9,1004.9,2.0,0.1,2.0,cma,30.0
202106162300,54857.0,1.0,9.0,4.0,23.0,170.0,2.0,19.2,18.7,96.9,1004.9,2.0,0.1,2.0,cma,30.0
202106170000,54857.0,1.0,9.0,4.0,56.0,180.0,2.0,20.1,19.6,96.9,1005.0,2.0,0.1,2.0,cma,31.0
202106170100,54857.0,1.0,9.0,4.0,56.0,180.0,2.0,20.1,19.6,96.9,1005.0,2.0,0.1,2.0,cma,31.0
202106170200,54857.0,1.0,9.0,4.0,56.0,180.0,2.0,20.1,19.6,96.9,1005.0,2.0,0.1,2.0,cma,31.0
202106170300,54857.0,1.0,9.0,4.0,3.0,170.0,2.0,19.8,19.5,98.2,1004.5,7.0,0.5,2.0,cma,37.0
202106170400,54857.0,1.0,9.0,4.0,3.0,170.0,2.0,19.8,19.5,98.2,1004.5,7.0,0.5,2.0,cma,37.0
202106170500,54857.0,1.0,9.0,4.0,3.0,170.0,2.0,19.8,19.5,98.2,1004.5,7.0,0.5,2.0,cma,37.0
202106170600,54857.0,1.0,9.0,4.0,1.0,170.0,3.0,19.7,19.4,98.2,1003.9,7.0,0.6,2.0,cma,26.0
202106170700,54857.0,1.0,9.0,4.0,1.0,170.0,3.0,19.7,19.4,98.2,1003.9,7.0,0.6,2.0,cma,26.0
202106170800,54857.0,1.0,9.0,4.0,1.0,170.0,3.0,19.7,19.4,98.2,1003.9,7.0,0.6,2.0,cma,26.0
202106170900,54857.0,1.0,9.0,4.0,56.0,330.0,2.0,19.8,19.5,98.2,1003.7,7.0,0.2,2.0,cma,44.0
202106171000,54857.0,1.0,9.0,4.0,56.0,330.0,2.0,19.8,19.5,98.2,1003.7,7.0,0.2,2.0,cma,44.0
202106171100,54857.0,1.0,9.0,4.0,56.0,330.0,2.0,19.8,19.5,98.2,1003.7,7.0,0.2,2.0,cma,44.0
202106171200,54857.0,1.0,9.0,4.0,50.0,250.0,1.0,20.0,19.5,96.9,1004.5,2.0,0.8,2.0,cma,9.0
202106171300,54857.0,1.0,9.0,4.0,50.0,250.0,1.0,20.0,19.5,96.9,1004.5,2.0,0.8,2.0,cma,9.0
202106171400,54857.0,1.0,9.0,4.0,50.0,250.0,1.0,20.0,19.5,96.9,1004.5,2.0,0.8,2.0,cma,9.0
202106171500,54857.0,1.0,9.0,4.0,21.0,50.0,1.0,19.6,19.1,96.9,1003.9,7.0,0.6,2.0,cma,37.0
202106171600,54857.0,1.0,9.0,4.0,21.0,50.0,1.0,19.6,19.1,96.9,1003.9,7.0,0.6,2.0,cma,37.0
202106171700,54857.0,1.0,9.0,4.0,21.0,50.0,1.0,19.6,19.1,96.9,1003.9,7.0,0.6,2.0,cma,37.0
202106171800,54857.0,1.0,9.0,4.0,23.0,10.0,0.0,19.8,19.3,96.9,1003.7,7.0,0.2,2.0,cma,10.0
202106171900,54857.0,1.0,9.0,4.0,23.0,10.0,0.0,19.8,19.3,96.9,1003.7,7.0,0.2,2.0,cma,10.0
202106172000,54857.0,1.0,9.0,4.0,23.0,10.0,0.0,19.8,19.3,96.9,1003.7,7.0,0.2,2.0,cma,10.0
202106172100,54857.0,1.0,9.0,4.0,50.0,320.0,2.0,19.5,18.7,95.1,1003.4,7.0,0.3,2.0,cma,32.0
202106172200,54857.0,1.0,9.0,4.0,50.0,320.0,2.0,19.5,18.7,95.1,1003.4,7.0,0.3,2.0,cma,32.0
202106172300,54857.0,1.0,9.0,4.0,50.0,320.0,2.0,19.5,18.7,95.1,1003.4,7.0,0.3,2.0,cma,32.0
202106180000,54857.0,1.0,9.0,4.0,59.0,310.0,2.0,23.0,19.0,78.2,1003.8,2.0,0.5,2.0,cma,28.0
202106180100,54857.0,1.0,9.0,4.0,59.0,310.0,2.0,23.0,19.0,78.2,1003.8,2.0,0.5,2.0,cma,28.0
202106180200,54857.0,1.0,9.0,4.0,59.0,310.0,2.0,23.0,19.0,78.2,1003.8,2.0,0.5,2.0,cma,28.0
202106180300,54857.0,1.0,9.0,4.0,58.0,280.0,3.0,27.7,21.0,66.9,1002.9,7.0,0.9,2.0,cma,67.0
202106180400,54857.0,1.0,9.0,4.0,58.0,280.0,3.0,27.7,21.0,66.9,1002.9,7.0,0.9,2.0,cma,67.0
202106180500,54857.0,1.0,9.0,4.0,58.0,280.0,3.0,27.7,21.0,66.9,1002.9,7.0,0.9,2.0,cma,67.0
202106180600,54857.0,1.0,9.0,4.0,61.0,190.0,2.0,26.4,19.0,63.8,1001.6,7.0,1.3,2.0,cma,36.0
202106180700,54857.0,1.0,9.0,4.0,61.0,190.0,2.0,26.4,19.0,63.8,1001.6,7.0,1.3,2.0,cma,36.0
202106180800,54857.0,1.0,9.0,4.0,61.0,190.0,2.0,26.4,19.0,63.8,1001.6,7.0,1.3,2.0,cma,36.0
202106180900,54857.0,1.0,9.0,4.0,60.0,180.0,2.0,27.4,19.0,60.2,1000.8,7.0,0.8,2.0,cma,44.0
202106181000,54857.0,1.0,9.0,4.0,60.0,180.0,2.0,27.4,19.0,60.2,1000.8,7.0,0.8,2.0,cma,44.0
202106181100,54857.0,1.0,9.0,4.0,60.0,180.0,2.0,27.4,19.0,60.2,1000.8,7.0,0.8,2.0,cma,44.0
202106181200,54857.0,1.0,9.0,4.0,59.0,210.0,1.0,23.8,18.0,70.0,1001.9,2.0,1.1,2.0,cma,53.0
202106181300,54857.0,1.0,9.0,4.0,59.0,210.0,1.0,23.8,18.0,70.0,1001.9,2.0,1.1,2.0,cma,53.0
202106181400,54857.0,1.0,9.0,4.0,59.0,210.0,1.0,23.8,18.0,70.0,1001.9,2.0,1.1,2.0,cma,53.0
202106181500,54857.0,1.0,9.0,4.0,58.0,180.0,2.0,23.6,17.6,69.1,1001.7,7.0,0.1,2.0,cma,71.0
202106181600,54857.0,1.0,9.0,4.0,58.0,180.0,2.0,23.6,17.6,69.1,1001.7,7.0,0.1,2.0,cma,71.0
202106181700,54857.0,1.0,9.0,4.0,58.0,180.0,2.0,23.6,17.6,69.1,1001.7,7.0,0.1,2.0,cma,71.0
202106181800,54857.0,1.0,9.0,4.0,50.0,250.0,1.0,21.8,18.4,81.0,1001.1,7.0,0.6,2.0,cma,58.0
202106181900,54857.0,1.0,9.0,4.0,50.0,250.0,1.0,21.8,18.4,81.0,1001.1,7.0,0.6,2.0,cma,58.0
202106182000,54857.0,1.0,9.0,4.0,50.0,250.0,1.0,21.8,18.4,81.0,1001.1,7.0,0.6,2.0,cma,58.0
202106182100,54857.0,1.0,9.0,4.0,56.0,350.0,2.0,22.0,18.4,80.0,1001.3,2.0,0.2,2.0,cma,101.0
202106182200,54857.0,1.0,9.0,4.0,56.0,350.0,2.0,22.0,18.4,80.0,1001.3,2.0,0.2,2.0,cma,101.0
202106182300,54857.0,1.0,9.0,4.0,56.0,350.0,2.0,22.0,18.4,80.0,1001.3,2.0,0.2,2.0,cma,101.0
202106190000,54857.0,1.0,9.0,4.0,62.0,330.0,2.0,24.9,17.9,65.1,1002.1,2.0,0.8,2.0,cma,59.0
202106190100,54857.0,1.0,9.0,4.0,62.0,330.0,2.0,24.9,17.9,65.1,1002.1,2.0,0.8,2.0,cma,59.0
202106190200,54857.0,1.0,9.0,4.0,62.0,330.0,2.0,24.9,17.9,65.1,1002.1,2.0,0.8,2.0,cma,59.0
202106190300,54857.0,1.0,9.0,4.0,69.0,280.0,4.0,31.0,17.3,43.9,1001.0,7.0,1.0,2.0,cma,112.0
202106190400,54857.0,1.0,9.0,4.0,69.0,280.0,4.0,31.0,17.3,43.9,1001.0,7.0,1.0,2.0,cma,112.0
202106190500,54857.0,1.0,9.0,4.0,69.0,280.0,4.0,31.0,17.3,43.9,1001.0,7.0,1.0,2.0,cma,112.0
202106190600,54857.0,1.0,9.0,4.0,71.0,180.0,3.0,28.7,17.9,52.1,999.9,7.0,1.2,2.0,cma,87.0
202106190700,54857.0,1.0,9.0,4.0,71.0,180.0,3.0,28.7,17.9,52.1,999.9,7.0,1.2,2.0,cma,87.0
202106190800,54857.0,1.0,9.0,4.0,71.0,180.0,3.0,28.7,17.9,52.1,999.9,7.0,1.2,2.0,cma,87.0
202106190900,54857.0,1.0,9.0,4.0,73.0,230.0,4.0,28.8,15.0,43.0,998.9,7.0,1.0,2.0,cma,71.0
202106191000,54857.0,1.0,9.0,4.0,73.0,230.0,4.0,28.8,15.0,43.0,998.9,7.0,1.0,2.0,cma,71.0
202106191100,54857.0,1.0,9.0,4.0,73.0,230.0,4.0,28.8,15.0,43.0,998.9,7.0,1.0,2.0,cma,71.0
202106191200,54857.0,1.0,9.0,4.0,80.0,190.0,3.0,26.1,14.6,49.1,999.5,2.0,0.6,2.0,cma,47.0
202106191300,54857.0,1.0,9.0,4.0,80.0,190.0,3.0,26.1,14.6,49.1,999.5,2.0,0.6,2.0,cma,47.0
202106191400,54857.0,1.0,9.0,4.0,80.0,190.0,3.0,26.1,14.6,49.1,999.5,2.0,0.6,2.0,cma,47.0
202106191500,54857.0,1.0,9.0,4.0,73.0,160.0,3.0,23.4,16.2,64.0,999.8,2.0,0.4,2.0,cma,84.0
202106191600,54857.0,1.0,9.0,4.0,73.0,160.0,3.0,23.4,16.2,64.0,999.8,2.0,0.4,2.0,cma,84.0
202106191700,54857.0,1.0,9.0,4.0,73.0,160.0,3.0,23.4,16.2,64.0,999.8,2.0,0.4,2.0,cma,84.0
202106191800,54857.0,1.0,9.0,4.0,80.0,230.0,2.0,24.8,14.6,53.1,999.0,7.0,0.8,2.0,cma,48.0
202106191900,54857.0,1.0,9.0,4.0,80.0,230.0,2.0,24.8,14.6,53.1,999.0,7.0,0.8,2.0,cma,48.0
202106192000,54857.0,1.0,9.0,4.0,80.0,230.0,2.0,24.8,14.6,53.1,999.0,7.0,0.8,2.0,cma,48.0
202106192100,54857.0,1.0,9.0,4.0,80.0,300.0,2.0,24.8,14.0,51.1,1000.0,2.0,0.9,2.0,cma,64.0
202106192200,54857.0,1.0,9.0,4.0,80.0,300.0,2.0,24.8,14.0,51.1,1000.0,2.0,0.9,2.0,cma,64.0
202106192300,54857.0,1.0,9.0,4.0,80.0,300.0,2.0,24.8,14.0,51.1,1000.0,2.0,0.9,2.0,cma,64.0
202106200000,54857.0,1.0,9.0,4.0,73.0,310.0,3.0,28.1,15.4,46.0,1000.7,2.0,0.7,2.0,cma,58.0
202106200100,54857.0,1.0,9.0,4.0,73.0,310.0,3.0,28.1,15.4,46.0,1000.7,2.0,0.7,2.0,cma,58.0
202106200200,54857.0,1.0,9.0,4.0,73.0,310.0,3.0,28.1,15.4,46.0,1000.7,2.0,0.7,2.0,cma,58.0
202106200300,54857.0,1.0,9.0,4.0,70.0,290.0,4.0,32.2,16.1,38.0,1000.8,2.0,0.2,2.0,cma,49.0
202106200400,54857.0,1.0,9.0,4.0,70.0,290.0,4.0,32.2,16.1,38.0,1000.8,2.0,0.2,2.0,cma,49.0
202106200500,54857.0,1.0,9.0,4.0,70.0,290.0,4.0,32.2,16.1,38.0,1000.8,2.0,0.2,2.0,cma,49.0
202106200600,54857.0,1.0,9.0,4.0,74.0,220.0,3.0,32.8,16.6,38.0,1000.3,7.0,0.5,2.0,cma,24.0
202106200700,54857.0,1.0,9.0,4.0,74.0,220.0,3.0,32.8,16.6,38.0,1000.3,7.0,0.5,2.0,cma,24.0
202106200800,54857.0,1.0,9.0,4.0,74.0,220.0,3.0,32.8,16.6,38.0,1000.3,7.0,0.5,2.0,cma,24.0
202106200900,54857.0,1.0,9.0,4.0,78.0,180.0,3.0,29.0,15.9,45.1,999.7,7.0,0.6,2.0,cma,41.0
202106201000,54857.0,1.0,9.0,4.0,78.0,180.0,3.0,29.0,15.9,45.1,999.7,7.0,0.6,2.0,cma,41.0
202106201100,54857.0,1.0,9.0,4.0,78.0,180.0,3.0,29.0,15.9,45.1,999.7,7.0,0.6,2.0,cma,41.0
202106201200,54857.0,1.0,9.0,4.0,73.0,110.0,2.0,27.4,15.1,47.0,1001.6,2.0,1.9,2.0,cma,31.0
202106201300,54857.0,1.0,9.0,4.0,73.0,110.0,2.0,27.4,15.1,47.0,1001.6,2.0,1.9,2.0,cma,31.0
202106201400,54857.0,1.0,9.0,4.0,73.0,110.0,2.0,27.4,15.1,47.0,1001.6,2.0,1.9,2.0,cma,31.0
202106201500,54857.0,1.0,9.0,4.0,61.0,100.0,3.0,24.4,16.1,59.9,1002.7,2.0,1.1,2.0,cma,43.0
202106201600,54857.0,1.0,9.0,4.0,61.0,100.0,3.0,24.4,16.1,59.9,1002.7,2.0,1.1,2.0,cma,43.0
202106201700,54857.0,1.0,9.0,4.0,61.0,100.0,3.0,24.4,16.1,59.9,1002.7,2.0,1.1,2.0,cma,43.0
202106201800,54857.0,1.0,9.0,4.0,60.0,140.0,1.0,23.0,16.8,68.1,1002.4,7.0,0.3,2.0,cma,37.0
202106201900,54857.0,1.0,9.0,4.0,60.0,140.0,1.0,23.0,16.8,68.1,1002.4,7.0,0.3,2.0,cma,37.0
202106202000,54857.0,1.0,9.0,4.0,60.0,140.0,1.0,23.0,16.8,68.1,1002.4,7.0,0.3,2.0,cma,37.0
202106202100,54857.0,1.0,9.0,4.0,58.0,110.0,1.0,21.9,17.5,76.1,1003.2,2.0,0.7,2.0,cma,50.0
202106202200,54857.0,1.0,9.0,4.0,58.0,110.0,1.0,21.9,17.5,76.1,1003.2,2.0,0.7,2.0,cma,50.0
202106202300,54857.0,1.0,9.0,4.0,58.0,110.0,1.0,21.9,17.5,76.1,1003.2,2.0,0.7,2.0,cma,50.0
202106210000,54857.0,1.0,9.0,4.0,59.0,170.0,2.0,25.5,18.2,64.0,1004.1,2.0,0.9,2.0,cma,67.0
202106210100,54857.0,1.0,9.0,4.0,59.0,170.0,2.0,25.5,18.2,64.0,1004.1,2.0,0.9,2.0,cma,67.0
202106210200,54857.0,1.0,9.0,4.0,59.0,170.0,2.0,25.5,18.2,64.0,1004.1,2.0,0.9,2.0,cma,67.0
202106210300,54857.0,1.0,9.0,4.0,65.0,140.0,3.0,28.5,17.7,52.0,1003.9,7.0,0.2,2.0,cma,62.0
202106210400,54857.0,1.0,9.0,4.0,65.0,140.0,3.0,28.5,17.7,52.0,1003.9,7.0,0.2,2.0,cma,62.0
202106210500,54857.0,1.0,9.0,4.0,65.0,140.0,3.0,28.5,17.7,52.0,1003.9,7.0,0.2,2.0,cma,62.0
202106210600,54857.0,1.0,9.0,4.0,59.0,150.0,4.0,25.9,19.8,69.1,1003.9,7.0,0.1,2.0,cma,64.0
202106210700,54857.0,1.0,9.0,4.0,59.0,150.0,4.0,25.9,19.8,69.1,1003.9,7.0,0.1,2.0,cma,64.0
202106210800,54857.0,1.0,9.0,4.0,59.0,150.0,4.0,25.9,19.8,69.1,1003.9,7.0,0.1,2.0,cma,64.0
202106210900,54857.0,1.0,9.0,4.0,56.0,180.0,3.0,24.8,20.5,77.0,1003.2,7.0,0.7,2.0,cma,87.0
202106211000,54857.0,1.0,9.0,4.0,56.0,180.0,3.0,24.8,20.5,77.0,1003.2,7.0,0.7,2.0,cma,87.0
202106211100,54857.0,1.0,9.0,4.0,56.0,180.0,3.0,24.8,20.5,77.0,1003.2,7.0,0.7,2.0,cma,87.0
202106211200,54857.0,1.0,9.0,4.0,48.0,160.0,3.0,23.1,20.2,83.7,1003.7,2.0,0.5,2.0,cma,53.0
202106211300,54857.0,1.0,9.0,4.0,48.0,160.0,3.0,23.1,20.2,83.7,1003.7,2.0,0.5,2.0,cma,53.0
202106211400,54857.0,1.0,9.0,4.0,48.0,160.0,3.0,23.1,20.2,83.7,1003.7,2.0,0.5,2.0,cma,53.0
202106211500,54857.0,1.0,9.0,4.0,50.0,180.0,4.0,22.9,19.9,83.2,1004.5,2.0,0.9,2.0,cma,52.0
202106211600,54857.0,1.0,9.0,4.0,50.0,180.0,4.0,22.9,19.9,83.2,1004.5,2.0,0.9,2.0,cma,52.0
202106211700,54857.0,1.0,9.0,4.0,50.0,180.0,4.0,22.9,19.9,83.2,1004.5,2.0,0.9,2.0,cma,52.0
202106211800,54857.0,1.0,9.0,4.0,38.0,170.0,4.0,22.4,19.6,84.2,1004.2,7.0,0.4,2.0,cma,59.0
202106211900,54857.0,1.0,9.0,4.0,38.0,170.0,4.0,22.4,19.6,84.2,1004.2,7.0,0.4,2.0,cma,59.0
202106212000,54857.0,1.0,9.0,4.0,38.0,170.0,4.0,22.4,19.6,84.2,1004.2,7.0,0.4,2.0,cma,59.0
202106212100,54857.0,1.0,9.0,4.0,57.0,280.0,3.0,24.5,18.0,67.1,1005.5,2.0,1.3,2.0,cma,91.0
202106212200,54857.0,1.0,9.0,4.0,57.0,280.0,3.0,24.5,18.0,67.1,1005.5,2.0,1.3,2.0,cma,91.0
202106212300,54857.0,1.0,9.0,4.0,57.0,280.0,3.0,24.5,18.0,67.1,1005.5,2.0,1.3,2.0,cma,91.0
202106220000,54857.0,1.0,9.0,4.0,57.0,300.0,4.0,25.9,20.9,74.0,1007.0,2.0,1.5,2.0,cma,117.0
202106220100,54857.0,1.0,9.0,4.0,57.0,300.0,4.0,25.9,20.9,74.0,1007.0,2.0,1.5,2.0,cma,117.0
202106220200,54857.0,1.0,9.0,4.0,57.0,300.0,4.0,25.9,20.9,74.0,1007.0,2.0,1.5,2.0,cma,117.0
202106220300,54857.0,1.0,9.0,4.0,59.0,320.0,4.0,30.0,19.7,54.1,1007.3,2.0,0.4,2.0,cma,85.0
202106220400,54857.0,1.0,9.0,4.0,59.0,320.0,4.0,30.0,19.7,54.1,1007.3,2.0,0.4,2.0,cma,85.0
202106220500,54857.0,1.0,9.0,4.0,59.0,320.0,4.0,30.0,19.7,54.1,1007.3,2.0,0.4,2.0,cma,85.0
202106220600,54857.0,1.0,9.0,4.0,58.0,150.0,3.0,28.9,20.1,59.1,1006.8,7.0,0.5,2.0,cma,45.0
202106220700,54857.0,1.0,9.0,4.0,58.0,150.0,3.0,28.9,20.1,59.1,1006.8,7.0,0.5,2.0,cma,45.0
202106220800,54857.0,1.0,9.0,4.0,58.0,150.0,3.0,28.9,20.1,59.1,1006.8,7.0,0.5,2.0,cma,45.0
202106220900,54857.0,1.0,9.0,4.0,50.0,150.0,3.0,25.8,20.4,72.1,1007.2,2.0,0.3,2.0,cma,101.0
202106221000,54857.0,1.0,9.0,4.0,50.0,150.0,3.0,25.8,20.4,72.1,1007.2,2.0,0.3,2.0,cma,101.0
202106221100,54857.0,1.0,9.0,4.0,50.0,150.0,3.0,25.8,20.4,72.1,1007.2,2.0,0.3,2.0,cma,101.0
202106221200,54857.0,1.0,9.0,4.0,35.0,150.0,3.0,23.4,20.2,82.2,1008.8,2.0,1.6,2.0,cma,41.0
202106221300,54857.0,1.0,9.0,4.0,35.0,150.0,3.0,23.4,20.2,82.2,1008.8,2.0,1.6,2.0,cma,41.0
202106221400,54857.0,1.0,9.0,4.0,35.0,150.0,3.0,23.4,20.2,82.2,1008.8,2.0,1.6,2.0,cma,41.0
202106221500,54857.0,1.0,9.0,4.0,42.0,150.0,2.0,23.3,19.9,81.2,1010.2,2.0,1.5,2.0,cma,97.0
202106221600,54857.0,1.0,9.0,4.0,42.0,150.0,2.0,23.3,19.9,81.2,1010.2,2.0,1.5,2.0,cma,97.0
202106221700,54857.0,1.0,9.0,4.0,42.0,150.0,2.0,23.3,19.9,81.2,1010.2,2.0,1.5,2.0,cma,97.0
202106221800,54857.0,1.0,9.0,4.0,27.0,120.0,0.0,22.2,19.9,86.8,1009.7,7.0,0.6,2.0,cma,67.0
202106221900,54857.0,1.0,9.0,4.0,27.0,120.0,0.0,22.2,19.9,86.8,1009.7,7.0,0.6,2.0,cma,67.0
202106222000,54857.0,1.0,9.0,4.0,27.0,120.0,0.0,22.2,19.9,86.8,1009.7,7.0,0.6,2.0,cma,67.0
202106222100,54857.0,1.0,9.0,4.0,45.0,40.0,2.0,22.6,18.8,79.1,1010.2,2.0,0.5,2.0,cma,126.0
202106222200,54857.0,1.0,9.0,4.0,45.0,40.0,2.0,22.6,18.8,79.1,1010.2,2.0,0.5,2.0,cma,126.0
202106222300,54857.0,1.0,9.0,4.0,45.0,40.0,2.0,22.6,18.8,79.1,1010.2,2.0,0.5,2.0,cma,126.0
202106230000,54857.0,1.0,9.0,4.0,63.0,210.0,2.0,24.4,16.9,63.0,1011.6,2.0,1.4,2.0,cma,112.0
202106230100,54857.0,1.0,9.0,4.0,63.0,210.0,2.0,24.4,16.9,63.0,1011.6,2.0,1.4,2.0,cma,112.0
202106230200,54857.0,1.0,9.0,4.0,63.0,210.0,2.0,24.4,16.9,63.0,1011.6,2.0,1.4,2.0,cma,112.0
202106230300,54857.0,1.0,9.0,4.0,78.0,160.0,3.0,25.2,17.1,60.8,1011.7,2.0,0.1,2.0,cma,143.0
202106230400,54857.0,1.0,9.0,4.0,78.0,160.0,3.0,25.2,17.1,60.8,1011.7,2.0,0.1,2.0,cma,143.0
202106230500,54857.0,1.0,9.0,4.0,78.0,160.0,3.0,25.2,17.1,60.8,1011.7,2.0,0.1,2.0,cma,143.0
202106230600,54857.0,1.0,9.0,4.0,79.0,150.0,4.0,24.4,16.1,59.9,1011.3,7.0,0.5,2.0,cma,52.0
202106230700,54857.0,1.0,9.0,4.0,79.0,150.0,4.0,24.4,16.1,59.9,1011.3,7.0,0.5,2.0,cma,52.0
202106230800,54857.0,1.0,9.0,4.0,79.0,150.0,4.0,24.4,16.1,59.9,1011.3,7.0,0.5,2.0,cma,52.0
202106230900,54857.0,1.0,9.0,4.0,71.0,170.0,4.0,23.0,19.2,79.2,1010.7,7.0,0.6,2.0,cma,59.0
202106231000,54857.0,1.0,9.0,4.0,71.0,170.0,4.0,23.0,19.2,79.2,1010.7,7.0,0.6,2.0,cma,59.0
202106231100,54857.0,1.0,9.0,4.0,71.0,170.0,4.0,23.0,19.2,79.2,1010.7,7.0,0.6,2.0,cma,59.0
202106231200,54857.0,1.0,9.0,4.0,80.0,150.0,2.0,22.3,16.1,67.9,1011.7,2.0,1.0,2.0,cma,14.0
202106231300,54857.0,1.0,9.0,4.0,80.0,150.0,2.0,22.3,16.1,67.9,1011.7,2.0,1.0,2.0,cma,14.0
202106231400,54857.0,1.0,9.0,4.0,80.0,150.0,2.0,22.3,16.1,67.9,1011.7,2.0,1.0,2.0,cma,14.0
202106231500,54857.0,1.0,9.0,4.0,69.0,150.0,3.0,21.4,18.2,82.0,1011.6,7.0,0.1,2.0,cma,30.0
202106231600,54857.0,1.0,9.0,4.0,69.0,150.0,3.0,21.4,18.2,82.0,1011.6,7.0,0.1,2.0,cma,30.0
202106231700,54857.0,1.0,9.0,4.0,69.0,150.0,3.0,21.4,18.2,82.0,1011.6,7.0,0.1,2.0,cma,30.0
202106231800,54857.0,1.0,9.0,4.0,65.0,260.0,2.0,21.4,18.8,85.1,1011.8,2.0,0.2,2.0,cma,27.0
202106231900,54857.0,1.0,9.0,4.0,65.0,260.0,2.0,21.4,18.8,85.1,1011.8,2.0,0.2,2.0,cma,27.0
202106232000,54857.0,1.0,9.0,4.0,65.0,260.0,2.0,21.4,18.8,85.1,1011.8,2.0,0.2,2.0,cma,27.0
202106232100,54857.0,1.0,9.0,4.0,56.0,130.0,2.0,18.6,17.1,91.0,1011.6,7.0,0.2,2.0,cma,25.0
202106232200,54857.0,1.0,9.0,4.0,56.0,130.0,2.0,18.6,17.1,91.0,1011.6,7.0,0.2,2.0,cma,25.0
202106232300,54857.0,1.0,9.0,4.0,56.0,130.0,2.0,18.6,17.1,91.0,1011.6,7.0,0.2,2.0,cma,25.0
202106240000,54857.0,1.0,9.0,4.0,58.0,130.0,2.0,19.4,18.4,93.9,1011.0,7.0,0.6,2.0,cma,28.0
202106240100,54857.0,1.0,9.0,4.0,58.0,130.0,2.0,19.4,18.4,93.9,1011.0,7.0,0.6,2.0,cma,28.0
202106240200,54857.0,1.0,9.0,4.0,58.0,130.0,2.0,19.4,18.4,93.9,1011.0,7.0,0.6,2.0,cma,28.0
202106240300,54857.0,1.0,9.0,4.0,57.0,150.0,3.0,19.9,18.9,94.0,1011.5,2.0,0.5,2.0,cma,36.0
202106240400,54857.0,1.0,9.0,4.0,57.0,150.0,3.0,19.9,18.9,94.0,1011.5,2.0,0.5,2.0,cma,36.0
202106240500,54857.0,1.0,9.0,4.0,57.0,150.0,3.0,19.9,18.9,94.0,1011.5,2.0,0.5,2.0,cma,36.0
202106240600,54857.0,1.0,9.0,4.0,57.0,170.0,3.0,20.7,19.5,92.8,1010.2,7.0,1.3,2.0,cma,23.0
202106240700,54857.0,1.0,9.0,4.0,57.0,170.0,3.0,20.7,19.5,92.8,1010.2,7.0,1.3,2.0,cma,23.0
202106240800,54857.0,1.0,9.0,4.0,57.0,170.0,3.0,20.7,19.5,92.8,1010.2,7.0,1.3,2.0,cma,23.0
202106240900,54857.0,1.0,9.0,4.0,60.0,150.0,2.0,21.0,19.1,88.9,1009.5,7.0,0.7,2.0,cma,42.0
202106241000,54857.0,1.0,9.0,4.0,60.0,150.0,2.0,21.0,19.1,88.9,1009.5,7.0,0.7,2.0,cma,42.0
202106241100,54857.0,1.0,9.0,4.0,60.0,150.0,2.0,21.0,19.1,88.9,1009.5,7.0,0.7,2.0,cma,42.0
202106241200,54857.0,1.0,9.0,4.0,43.0,150.0,3.0,20.9,19.9,94.0,1009.6,2.0,0.1,2.0,cma,28.0
202106241300,54857.0,1.0,9.0,4.0,43.0,150.0,3.0,20.9,19.9,94.0,1009.6,2.0,0.1,2.0,cma,28.0
202106241400,54857.0,1.0,9.0,4.0,43.0,150.0,3.0,20.9,19.9,94.0,1009.6,2.0,0.1,2.0,cma,28.0
202106241500,54857.0,1.0,9.0,4.0,58.0,150.0,3.0,20.8,19.5,92.3,1010.1,2.0,0.5,2.0,cma,28.0
202106241600,54857.0,1.0,9.0,4.0,58.0,150.0,3.0,20.8,19.5,92.3,1010.1,2.0,0.5,2.0,cma,28.0
202106241700,54857.0,1.0,9.0,4.0,58.0,150.0,3.0,20.8,19.5,92.3,1010.1,2.0,0.5,2.0,cma,28.0
202106241800,54857.0,1.0,9.0,4.0,56.0,140.0,3.0,20.9,19.9,94.0,1009.1,7.0,1.0,2.0,cma,26.0
202106241900,54857.0,1.0,9.0,4.0,56.0,140.0,3.0,20.9,19.9,94.0,1009.1,7.0,1.0,2.0,cma,26.0
202106242000,54857.0,1.0,9.0,4.0,56.0,140.0,3.0,20.9,19.9,94.0,1009.1,7.0,1.0,2.0,cma,26.0
202106242100,54857.0,1.0,9.0,4.0,50.0,140.0,3.0,21.1,20.1,94.0,1008.6,7.0,0.5,2.0,cma,45.0
202106242200,54857.0,1.0,9.0,4.0,50.0,140.0,3.0,21.1,20.1,94.0,1008.6,7.0,0.5,2.0,cma,45.0
202106242300,54857.0,1.0,9.0,4.0,50.0,140.0,3.0,21.1,20.1,94.0,1008.6,7.0,0.5,2.0,cma,45.0
202106250000,54857.0,1.0,9.0,4.0,48.0,130.0,3.0,21.8,20.6,92.9,1008.7,2.0,0.1,2.0,cma,13.0
202106250100,54857.0,1.0,9.0,4.0,48.0,130.0,3.0,21.8,20.6,92.9,1008.7,2.0,0.1,2.0,cma,13.0
202106250200,54857.0,1.0,9.0,4.0,48.0,130.0,3.0,21.8,20.6,92.9,1008.7,2.0,0.1,2.0,cma,13.0
202106250300,54857.0,1.0,9.0,4.0,44.0,130.0,4.0,22.6,20.9,90.1,1008.6,7.0,0.1,2.0,cma,46.0
202106250400,54857.0,1.0,9.0,4.0,44.0,130.0,4.0,22.6,20.9,90.1,1008.6,7.0,0.1,2.0,cma,46.0
202106250500,54857.0,1.0,9.0,4.0,44.0,130.0,4.0,22.6,20.9,90.1,1008.6,7.0,0.1,2.0,cma,46.0
202106250600,54857.0,1.0,9.0,4.0,30.0,130.0,3.0,22.5,21.3,92.9,1007.6,7.0,1.0,2.0,cma,26.0
202106250700,54857.0,1.0,9.0,4.0,30.0,130.0,3.0,22.5,21.3,92.9,1007.6,7.0,1.0,2.0,cma,26.0
202106250800,54857.0,1.0,9.0,4.0,30.0,130.0,3.0,22.5,21.3,92.9,1007.6,7.0,1.0,2.0,cma,26.0
202106250900,54857.0,1.0,9.0,4.0,10.0,150.0,4.0,21.8,21.1,95.8,1007.2,7.0,0.4,2.0,cma,51.0
202106251000,54857.0,1.0,9.0,4.0,10.0,150.0,4.0,21.8,21.1,95.8,1007.2,7.0,0.4,2.0,cma,51.0
202106251100,54857.0,1.0,9.0,4.0,10.0,150.0,4.0,21.8,21.1,95.8,1007.2,7.0,0.4,2.0,cma,51.0
202106251200,54857.0,1.0,9.0,4.0,56.0,140.0,4.0,21.8,19.7,87.9,1007.1,7.0,0.1,2.0,cma,14.0
202106251300,54857.0,1.0,9.0,4.0,56.0,140.0,4.0,21.8,19.7,87.9,1007.1,7.0,0.1,2.0,cma,14.0
202106251400,54857.0,1.0,9.0,4.0,56.0,140.0,4.0,21.8,19.7,87.9,1007.1,7.0,0.1,2.0,cma,14.0
202106251500,54857.0,1.0,9.0,4.0,61.0,160.0,3.0,21.9,19.5,86.3,1007.5,2.0,0.4,2.0,cma,56.0
202106251600,54857.0,1.0,9.0,4.0,61.0,160.0,3.0,21.9,19.5,86.3,1007.5,2.0,0.4,2.0,cma,56.0
202106251700,54857.0,1.0,9.0,4.0,61.0,160.0,3.0,21.9,19.5,86.3,1007.5,2.0,0.4,2.0,cma,56.0
202106251800,54857.0,1.0,9.0,4.0,67.0,160.0,2.0,21.4,17.6,79.0,1007.2,7.0,0.3,2.0,cma,44.0
202106251900,54857.0,1.0,9.0,4.0,67.0,160.0,2.0,21.4,17.6,79.0,1007.2,7.0,0.3,2.0,cma,44.0
202106252000,54857.0,1.0,9.0,4.0,67.0,160.0,2.0,21.4,17.6,79.0,1007.2,7.0,0.3,2.0,cma,44.0
202106252100,54857.0,1.0,9.0,4.0,71.0,150.0,2.0,21.8,18.0,79.0,1006.4,7.0,0.8,2.0,cma,46.0
202106252200,54857.0,1.0,9.0,4.0,71.0,150.0,2.0,21.8,18.0,79.0,1006.4,7.0,0.8,2.0,cma,46.0
202106252300,54857.0,1.0,9.0,4.0,71.0,150.0,2.0,21.8,18.0,79.0,1006.4,7.0,0.8,2.0,cma,46.0
202106260000,54857.0,1.0,9.0,4.0,68.0,140.0,3.0,23.3,19.9,81.2,1006.9,2.0,0.6,2.0,cma,2.0
202106260100,54857.0,1.0,9.0,4.0,68.0,140.0,3.0,23.3,19.9,81.2,1006.9,2.0,0.6,2.0,cma,2.0
202106260200,54857.0,1.0,9.0,4.0,68.0,140.0,3.0,23.3,19.9,81.2,1006.9,2.0,0.6,2.0,cma,2.0
202106260300,54857.0,1.0,9.0,4.0,59.0,140.0,3.0,23.2,21.1,88.0,1006.5,7.0,0.4,2.0,cma,25.0
202106260400,54857.0,1.0,9.0,4.0,59.0,140.0,3.0,23.2,21.1,88.0,1006.5,7.0,0.4,2.0,cma,25.0
202106260500,54857.0,1.0,9.0,4.0,59.0,140.0,3.0,23.2,21.1,88.0,1006.5,7.0,0.4,2.0,cma,25.0
202106260600,54857.0,1.0,9.0,4.0,23.0,150.0,4.0,22.1,21.3,95.2,1005.7,7.0,0.9,2.0,cma,21.0
202106260700,54857.0,1.0,9.0,4.0,23.0,150.0,4.0,22.1,21.3,95.2,1005.7,7.0,0.9,2.0,cma,21.0
202106260800,54857.0,1.0,9.0,4.0,23.0,150.0,4.0,22.1,21.3,95.2,1005.7,7.0,0.9,2.0,cma,21.0
202106260900,54857.0,1.0,9.0,4.0,34.0,150.0,4.0,22.3,21.5,95.2,1005.4,7.0,0.2,2.0,cma,31.0
202106261000,54857.0,1.0,9.0,4.0,34.0,150.0,4.0,22.3,21.5,95.2,1005.4,7.0,0.2,2.0,cma,31.0
202106261100,54857.0,1.0,9.0,4.0,34.0,150.0,4.0,22.3,21.5,95.2,1005.4,7.0,0.2,2.0,cma,31.0
202106261200,54857.0,1.0,9.0,4.0,22.0,130.0,3.0,21.9,21.2,95.8,1005.9,2.0,0.5,2.0,cma,28.0
202106261300,54857.0,1.0,9.0,4.0,22.0,130.0,3.0,21.9,21.2,95.8,1005.9,2.0,0.5,2.0,cma,28.0
202106261400,54857.0,1.0,9.0,4.0,22.0,130.0,3.0,21.9,21.2,95.8,1005.9,2.0,0.5,2.0,cma,28.0
202106261500,54857.0,1.0,9.0,4.0,7.0,150.0,4.0,21.5,21.0,97.0,1006.4,2.0,0.5,2.0,cma,60.0
202106261600,54857.0,1.0,9.0,4.0,7.0,150.0,4.0,21.5,21.0,97.0,1006.4,2.0,0.5,2.0,cma,60.0
202106261700,54857.0,1.0,9.0,4.0,7.0,150.0,4.0,21.5,21.0,97.0,1006.4,2.0,0.5,2.0,cma,60.0
202106261800,54857.0,1.0,9.0,4.0,31.0,140.0,2.0,21.1,20.6,97.0,1006.1,7.0,0.4,2.0,cma,32.0
202106261900,54857.0,1.0,9.0,4.0,31.0,140.0,2.0,21.1,20.6,97.0,1006.1,7.0,0.4,2.0,cma,32.0
202106262000,54857.0,1.0,9.0,4.0,31.0,140.0,2.0,21.1,20.6,97.0,1006.1,7.0,0.4,2.0,cma,32.0
202106262100,54857.0,1.0,9.0,4.0,18.0,150.0,2.0,21.0,20.5,97.0,1006.0,7.0,0.1,2.0,cma,35.0
202106262200,54857.0,1.0,9.0,4.0,18.0,150.0,2.0,21.0,20.5,97.0,1006.0,7.0,0.1,2.0,cma,35.0
202106262300,54857.0,1.0,9.0,4.0,18.0,150.0,2.0,21.0,20.5,97.0,1006.0,7.0,0.1,2.0,cma,35.0
202106270000,54857.0,1.0,9.0,4.0,58.0,120.0,2.0,21.8,21.3,97.0,1006.1,2.0,0.1,2.0,cma,36.0
202106270100,54857.0,1.0,9.0,4.0,58.0,120.0,2.0,21.8,21.3,97.0,1006.1,2.0,0.1,2.0,cma,36.0
202106270200,54857.0,1.0,9.0,4.0,58.0,120.0,2.0,21.8,21.3,97.0,1006.1,2.0,0.1,2.0,cma,36.0
202106270300,54857.0,1.0,9.0,4.0,64.0,140.0,3.0,22.4,21.0,91.8,1006.3,2.0,0.2,2.0,cma,33.0
202106270400,54857.0,1.0,9.0,4.0,64.0,140.0,3.0,22.4,21.0,91.8,1006.3,2.0,0.2,2.0,cma,33.0
202106270500,54857.0,1.0,9.0,4.0,64.0,140.0,3.0,22.4,21.0,91.8,1006.3,2.0,0.2,2.0,cma,33.0
202106270600,54857.0,1.0,9.0,4.0,65.0,150.0,3.0,22.8,21.1,90.1,1005.7,7.0,0.5,2.0,cma,10.0
202106270700,54857.0,1.0,9.0,4.0,65.0,150.0,3.0,22.8,21.1,90.1,1005.7,7.0,0.5,2.0,cma,10.0
202106270800,54857.0,1.0,9.0,4.0,65.0,150.0,3.0,22.8,21.1,90.1,1005.7,7.0,0.5,2.0,cma,10.0
202106270900,54857.0,1.0,9.0,4.0,63.0,150.0,3.0,22.2,20.8,91.8,1004.3,7.0,1.4,2.0,cma,36.0
202106271000,54857.0,1.0,9.0,4.0,63.0,150.0,3.0,22.2,20.8,91.8,1004.3,7.0,1.4,2.0,cma,36.0
202106271100,54857.0,1.0,9.0,4.0,63.0,150.0,3.0,22.2,20.8,91.8,1004.3,7.0,1.4,2.0,cma,36.0
202106271200,54857.0,1.0,9.0,4.0,61.0,140.0,2.0,21.5,20.5,94.0,1004.9,2.0,0.6,2.0,cma,1.0
202106271300,54857.0,1.0,9.0,4.0,61.0,140.0,2.0,21.5,20.5,94.0,1004.9,2.0,0.6,2.0,cma,1.0
202106271400,54857.0,1.0,9.0,4.0,61.0,140.0,2.0,21.5,20.5,94.0,1004.9,2.0,0.6,2.0,cma,1.0
202106271500,54857.0,1.0,9.0,4.0,64.0,140.0,2.0,21.6,20.4,92.9,1005.2,2.0,0.3,2.0,cma,26.0
202106271600,54857.0,1.0,9.0,4.0,64.0,140.0,2.0,21.6,20.4,92.9,1005.2,2.0,0.3,2.0,cma,26.0
202106271700,54857.0,1.0,9.0,4.0,64.0,140.0,2.0,21.6,20.4,92.9,1005.2,2.0,0.3,2.0,cma,26.0
202106271800,54857.0,1.0,9.0,4.0,60.0,140.0,2.0,21.5,20.3,92.9,1004.5,7.0,0.7,2.0,cma,17.0
202106271900,54857.0,1.0,9.0,4.0,60.0,140.0,2.0,21.5,20.3,92.9,1004.5,7.0,0.7,2.0,cma,17.0
202106272000,54857.0,1.0,9.0,4.0,60.0,140.0,2.0,21.5,20.3,92.9,1004.5,7.0,0.7,2.0,cma,17.0
202106272100,54857.0,1.0,9.0,4.0,50.0,140.0,1.0,21.5,20.7,95.2,1004.9,2.0,0.4,2.0,cma,23.0
202106272200,54857.0,1.0,9.0,4.0,50.0,140.0,1.0,21.5,20.7,95.2,1004.9,2.0,0.4,2.0,cma,23.0
202106272300,54857.0,1.0,9.0,4.0,50.0,140.0,1.0,21.5,20.7,95.2,1004.9,2.0,0.4,2.0,cma,23.0
202106280000,54857.0,1.0,9.0,4.0,21.0,160.0,1.0,22.0,21.3,95.8,1005.6,2.0,0.6,2.0,cma,13.0
202106280100,54857.0,1.0,9.0,4.0,21.0,160.0,1.0,22.0,21.3,95.8,1005.6,2.0,0.6,2.0,cma,13.0
202106280200,54857.0,1.0,9.0,4.0,21.0,160.0,1.0,22.0,21.3,95.8,1005.6,2.0,0.6,2.0,cma,13.0
202106280300,54857.0,1.0,9.0,4.0,71.0,170.0,2.0,24.3,21.2,82.9,1005.1,7.0,0.4,2.0,cma,20.0
202106280400,54857.0,1.0,9.0,4.0,71.0,170.0,2.0,24.3,21.2,82.9,1005.1,7.0,0.4,2.0,cma,20.0
202106280500,54857.0,1.0,9.0,4.0,71.0,170.0,2.0,24.3,21.2,82.9,1005.1,7.0,0.4,2.0,cma,20.0
202106280600,54857.0,1.0,9.0,4.0,80.0,180.0,4.0,24.8,21.5,81.9,1004.6,7.0,0.5,2.0,cma,23.0
202106280700,54857.0,1.0,9.0,4.0,80.0,180.0,4.0,24.8,21.5,81.9,1004.6,7.0,0.5,2.0,cma,23.0
202106280800,54857.0,1.0,9.0,4.0,80.0,180.0,4.0,24.8,21.5,81.9,1004.6,7.0,0.5,2.0,cma,23.0
202106280900,54857.0,1.0,9.0,4.0,63.0,170.0,4.0,23.8,21.5,87.0,1003.6,7.0,1.0,2.0,cma,57.0
202106281000,54857.0,1.0,9.0,4.0,63.0,170.0,4.0,23.8,21.5,87.0,1003.6,7.0,1.0,2.0,cma,57.0
202106281100,54857.0,1.0,9.0,4.0,63.0,170.0,4.0,23.8,21.5,87.0,1003.6,7.0,1.0,2.0,cma,57.0
202106281200,54857.0,1.0,9.0,4.0,45.0,160.0,3.0,22.4,21.4,94.1,1004.6,2.0,1.0,2.0,cma,-1.0
202106281300,54857.0,1.0,9.0,4.0,45.0,160.0,3.0,22.4,21.4,94.1,1004.6,2.0,1.0,2.0,cma,-1.0
202106281400,54857.0,1.0,9.0,4.0,45.0,160.0,3.0,22.4,21.4,94.1,1004.6,2.0,1.0,2.0,cma,-1.0
202106281500,54857.0,1.0,9.0,4.0,5.0,160.0,3.0,22.0,21.5,97.0,1005.1,2.0,0.5,2.0,cma,10.0
202106281600,54857.0,1.0,9.0,4.0,5.0,160.0,3.0,22.0,21.5,97.0,1005.1,2.0,0.5,2.0,cma,10.0
202106281700,54857.0,1.0,9.0,4.0,5.0,160.0,3.0,22.0,21.5,97.0,1005.1,2.0,0.5,2.0,cma,10.0
202106281800,54857.0,1.0,9.0,4.0,1.0,170.0,3.0,20.9,20.6,98.2,1004.5,7.0,0.6,2.0,cma,10.0
202106281900,54857.0,1.0,9.0,4.0,1.0,170.0,3.0,20.9,20.6,98.2,1004.5,7.0,0.6,2.0,cma,10.0
202106282000,54857.0,1.0,9.0,4.0,1.0,170.0,3.0,20.9,20.6,98.2,1004.5,7.0,0.6,2.0,cma,10.0
202106282100,54857.0,1.0,9.0,4.0,1.0,150.0,2.0,21.1,20.9,98.8,1004.3,7.0,0.2,2.0,cma,32.0
202106282200,54857.0,1.0,9.0,4.0,1.0,150.0,2.0,21.1,20.9,98.8,1004.3,7.0,0.2,2.0,cma,32.0
202106282300,54857.0,1.0,9.0,4.0,1.0,150.0,2.0,21.1,20.9,98.8,1004.3,7.0,0.2,2.0,cma,32.0
202106290000,54857.0,1.0,9.0,4.0,0.0,160.0,3.0,21.4,21.2,98.8,1004.7,2.0,0.4,2.0,cma,39.0
202106290100,54857.0,1.0,9.0,4.0,0.0,160.0,3.0,21.4,21.2,98.8,1004.7,2.0,0.4,2.0,cma,39.0
202106290200,54857.0,1.0,9.0,4.0,0.0,160.0,3.0,21.4,21.2,98.8,1004.7,2.0,0.4,2.0,cma,39.0
202106290300,54857.0,1.0,9.0,4.0,15.0,170.0,3.0,21.5,21.3,98.8,1005.5,2.0,0.7,2.0,cma,41.0
202106290400,54857.0,1.0,9.0,4.0,15.0,170.0,3.0,21.5,21.3,98.8,1005.5,2.0,0.7,2.0,cma,41.0
202106290500,54857.0,1.0,9.0,4.0,15.0,170.0,3.0,21.5,21.3,98.8,1005.5,2.0,0.7,2.0,cma,41.0
202106290600,54857.0,1.0,9.0,4.0,49.0,160.0,3.0,22.4,21.7,95.8,1004.3,7.0,1.1,2.0,cma,20.0
202106290700,54857.0,1.0,9.0,4.0,49.0,160.0,3.0,22.4,21.7,95.8,1004.3,7.0,1.1,2.0,cma,20.0
202106290800,54857.0,1.0,9.0,4.0,49.0,160.0,3.0,22.4,21.7,95.8,1004.3,7.0,1.1,2.0,cma,20.0
202106290900,54857.0,1.0,9.0,4.0,35.0,150.0,3.0,22.4,21.4,94.1,1003.3,7.0,1.0,2.0,cma,44.0
202106291000,54857.0,1.0,9.0,4.0,35.0,150.0,3.0,22.4,21.4,94.1,1003.3,7.0,1.0,2.0,cma,44.0
202106291100,54857.0,1.0,9.0,4.0,35.0,150.0,3.0,22.4,21.4,94.1,1003.3,7.0,1.0,2.0,cma,44.0
202106291200,54857.0,1.0,9.0,4.0,31.0,140.0,2.0,22.3,21.6,95.8,1004.7,2.0,1.4,2.0,cma,45.0
202106291300,54857.0,1.0,9.0,4.0,31.0,140.0,2.0,22.3,21.6,95.8,1004.7,2.0,1.4,2.0,cma,45.0
202106291400,54857.0,1.0,9.0,4.0,31.0,140.0,2.0,22.3,21.6,95.8,1004.7,2.0,1.4,2.0,cma,45.0
202106291500,54857.0,1.0,9.0,4.0,25.0,140.0,3.0,22.0,21.5,97.0,1004.7,4.0,0.0,2.0,cma,32.0
202106291600,54857.0,1.0,9.0,4.0,25.0,140.0,3.0,22.0,21.5,97.0,1004.7,4.0,0.0,2.0,cma,32.0
202106291700,54857.0,1.0,9.0,4.0,25.0,140.0,3.0,22.0,21.5,97.0,1004.7,4.0,0.0,2.0,cma,32.0
202106291800,54857.0,1.0,9.0,4.0,22.0,150.0,3.0,21.8,21.3,97.0,1004.3,7.0,0.4,2.0,cma,22.0
202106291900,54857.0,1.0,9.0,4.0,22.0,150.0,3.0,21.8,21.3,97.0,1004.3,7.0,0.4,2.0,cma,22.0
202106292000,54857.0,1.0,9.0,4.0,22.0,150.0,3.0,21.8,21.3,97.0,1004.3,7.0,0.4,2.0,cma,22.0
202106292100,54857.0,1.0,9.0,4.0,41.0,160.0,3.0,22.0,21.5,97.0,1004.5,2.0,0.2,2.0,cma,47.0
202106292200,54857.0,1.0,9.0,4.0,41.0,160.0,3.0,22.0,21.5,97.0,1004.5,2.0,0.2,2.0,cma,47.0
202106292300,54857.0,1.0,9.0,4.0,41.0,160.0,3.0,22.0,21.5,97.0,1004.5,2.0,0.2,2.0,cma,47.0
202106300000,54857.0,1.0,9.0,4.0,56.0,160.0,3.0,22.8,21.6,93.0,1005.3,2.0,0.8,2.0,cma,34.0
202106300100,54857.0,1.0,9.0,4.0,56.0,160.0,3.0,22.8,21.6,93.0,1005.3,2.0,0.8,2.0,cma,34.0
202106300200,54857.0,1.0,9.0,4.0,56.0,160.0,3.0,22.8,21.6,93.0,1005.3,2.0,0.8,2.0,cma,34.0
202106300300,54857.0,1.0,9.0,4.0,23.0,140.0,3.0,23.2,22.4,95.3,1005.3,4.0,0.0,2.0,cma,41.0
202106300400,54857.0,1.0,9.0,4.0,23.0,140.0,3.0,23.2,22.4,95.3,1005.3,4.0,0.0,2.0,cma,41.0
202106300500,54857.0,1.0,9.0,4.0,23.0,140.0,3.0,23.2,22.4,95.3,1005.3,4.0,0.0,2.0,cma,41.0
202106300600,54857.0,1.0,9.0,4.0,59.0,150.0,3.0,23.8,22.2,90.8,1004.7,7.0,0.6,2.0,cma,23.0
202106300700,54857.0,1.0,9.0,4.0,59.0,150.0,3.0,23.8,22.2,90.8,1004.7,7.0,0.6,2.0,cma,23.0
202106300800,54857.0,1.0,9.0,4.0,59.0,150.0,3.0,23.8,22.2,90.8,1004.7,7.0,0.6,2.0,cma,23.0
202106300900,54857.0,1.0,9.0,4.0,56.0,140.0,3.0,23.2,22.0,93.0,1004.0,7.0,0.7,2.0,cma,47.0
202106301000,54857.0,1.0,9.0,4.0,56.0,140.0,3.0,23.2,22.0,93.0,1004.0,7.0,0.7,2.0,cma,47.0
202106301100,54857.0,1.0,9.0,4.0,56.0,140.0,3.0,23.2,22.0,93.0,1004.0,7.0,0.7,2.0,cma,47.0
202106301200,54857.0,1.0,9.0,4.0,50.0,250.0,3.0,23.0,22.2,95.3,1006.9,2.0,2.9,2.0,cma,8.0
202106301300,54857.0,1.0,9.0,4.0,50.0,250.0,3.0,23.0,22.2,95.3,1006.9,2.0,2.9,2.0,cma,8.0
202106301400,54857.0,1.0,9.0,4.0,50.0,250.0,3.0,23.0,22.2,95.3,1006.9,2.0,2.9,2.0,cma,8.0
202106301500,54857.0,1.0,9.0,4.0,50.0,170.0,3.0,22.3,21.5,95.2,1006.2,7.0,0.7,2.0,cma,30.0
202106301600,54857.0,1.0,9.0,4.0,50.0,170.0,3.0,22.3,21.5,95.2,1006.2,7.0,0.7,2.0,cma,30.0
202106301700,54857.0,1.0,9.0,4.0,50.0,170.0,3.0,22.3,21.5,95.2,1006.2,7.0,0.7,2.0,cma,30.0
202106301800,54857.0,1.0,9.0,4.0,36.0,140.0,2.0,22.3,21.6,95.8,1004.6,7.0,1.6,2.0,cma,16.0
202106301900,54857.0,1.0,9.0,4.0,36.0,140.0,2.0,22.3,21.6,95.8,1004.6,7.0,1.6,2.0,cma,16.0
202106302000,54857.0,1.0,9.0,4.0,36.0,140.0,2.0,22.3,21.6,95.8,1004.6,7.0,1.6,2.0,cma,16.0
202106302100,54857.0,1.0,9.0,4.0,27.0,150.0,2.0,21.9,21.4,97.0,1005.0,2.0,0.4,2.0,cma,38.0
202106302200,54857.0,1.0,9.0,4.0,27.0,150.0,2.0,21.9,21.4,97.0,1005.0,2.0,0.4,2.0,cma,38.0
202106302300,54857.0,1.0,9.0,4.0,27.0,150.0,2.0,21.9,21.4,97.0,1005.0,2.0,0.4,2.0,cma,38.0
202107010000,54857.0,1.0,9.0,4.0,61.0,140.0,3.0,23.4,21.7,90.2,1006.4,2.0,1.4,2.0,cma,19.0
202107010100,54857.0,1.0,9.0,4.0,61.0,140.0,3.0,23.4,21.7,90.2,1006.4,2.0,1.4,2.0,cma,19.0
202107010200,54857.0,1.0,9.0,4.0,61.0,140.0,3.0,23.4,21.7,90.2,1006.4,2.0,1.4,2.0,cma,19.0
202107010300,54857.0,1.0,9.0,4.0,68.0,160.0,5.0,24.3,21.6,84.9,1006.6,2.0,0.2,2.0,cma,34.0
202107010400,54857.0,1.0,9.0,4.0,68.0,160.0,5.0,24.3,21.6,84.9,1006.6,2.0,0.2,2.0,cma,34.0
202107010500,54857.0,1.0,9.0,4.0,68.0,160.0,5.0,24.3,21.6,84.9,1006.6,2.0,0.2,2.0,cma,34.0
202107010600,54857.0,1.0,9.0,4.0,73.0,180.0,5.0,25.1,21.4,80.0,1005.9,7.0,0.7,2.0,cma,23.0
202107010700,54857.0,1.0,9.0,4.0,73.0,180.0,5.0,25.1,21.4,80.0,1005.9,7.0,0.7,2.0,cma,23.0
202107010800,54857.0,1.0,9.0,4.0,73.0,180.0,5.0,25.1,21.4,80.0,1005.9,7.0,0.7,2.0,cma,23.0
202107010900,54857.0,1.0,9.0,4.0,72.0,160.0,3.0,24.5,21.2,81.9,1005.4,7.0,0.5,2.0,cma,41.0
202107011000,54857.0,1.0,9.0,4.0,72.0,160.0,3.0,24.5,21.2,81.9,1005.4,7.0,0.5,2.0,cma,41.0
202107011100,54857.0,1.0,9.0,4.0,72.0,160.0,3.0,24.5,21.2,81.9,1005.4,7.0,0.5,2.0,cma,41.0
202107011200,54857.0,1.0,9.0,4.0,56.0,140.0,3.0,22.9,21.9,94.1,1005.0,7.0,0.4,2.0,cma,13.0
202107011300,54857.0,1.0,9.0,4.0,56.0,140.0,3.0,22.9,21.9,94.1,1005.0,7.0,0.4,2.0,cma,13.0
202107011400,54857.0,1.0,9.0,4.0,56.0,140.0,3.0,22.9,21.9,94.1,1005.0,7.0,0.4,2.0,cma,13.0
202107011500,54857.0,1.0,9.0,4.0,57.0,140.0,2.0,22.9,21.9,94.1,1007.9,2.0,2.9,2.0,cma,17.0
202107011600,54857.0,1.0,9.0,4.0,57.0,140.0,2.0,22.9,21.9,94.1,1007.9,2.0,2.9,2.0,cma,17.0
202107011700,54857.0,1.0,9.0,4.0,57.0,140.0,2.0,22.9,21.9,94.1,1007.9,2.0,2.9,2.0,cma,17.0
202107011800,54857.0,1.0,9.0,4.0,50.0,140.0,3.0,22.7,21.9,95.2,1005.9,7.0,2.0,2.0,cma,5.0
202107011900,54857.0,1.0,9.0,4.0,50.0,140.0,3.0,22.7,21.9,95.2,1005.9,7.0,2.0,2.0,cma,5.0
202107012000,54857.0,1.0,9.0,4.0,50.0,140.0,3.0,22.7,21.9,95.2,1005.9,7.0,2.0,2.0,cma,5.0
202107012100,54857.0,1.0,9.0,4.0,57.0,150.0,1.0,22.7,21.9,95.2,1007.1,2.0,1.2,2.0,cma,33.0
202107012200,54857.0,1.0,9.0,4.0,57.0,150.0,1.0,22.7,21.9,95.2,1007.1,2.0,1.2,2.0,cma,33.0
202107012300,54857.0,1.0,9.0,4.0,57.0,150.0,1.0,22.7,21.9,95.2,1007.1,2.0,1.2,2.0,cma,33.0
202107020000,54857.0,1.0,9.0,4.0,67.0,130.0,3.0,24.5,21.8,84.9,1008.0,2.0,0.9,2.0,cma,21.0
202107020100,54857.0,1.0,9.0,4.0,67.0,130.0,3.0,24.5,21.8,84.9,1008.0,2.0,0.9,2.0,cma,21.0
202107020200,54857.0,1.0,9.0,4.0,67.0,130.0,3.0,24.5,21.8,84.9,1008.0,2.0,0.9,2.0,cma,21.0
202107020300,54857.0,1.0,9.0,4.0,74.0,140.0,4.0,25.6,21.7,79.1,1007.1,7.0,0.9,2.0,cma,34.0
202107020400,54857.0,1.0,9.0,4.0,74.0,140.0,4.0,25.6,21.7,79.1,1007.1,7.0,0.9,2.0,cma,34.0
202107020500,54857.0,1.0,9.0,4.0,74.0,140.0,4.0,25.6,21.7,79.1,1007.1,7.0,0.9,2.0,cma,34.0
202107020600,54857.0,1.0,9.0,4.0,65.0,130.0,4.0,25.1,22.0,83.0,1007.3,2.0,0.2,2.0,cma,26.0
202107020700,54857.0,1.0,9.0,4.0,65.0,130.0,4.0,25.1,22.0,83.0,1007.3,2.0,0.2,2.0,cma,26.0
202107020800,54857.0,1.0,9.0,4.0,65.0,130.0,4.0,25.1,22.0,83.0,1007.3,2.0,0.2,2.0,cma,26.0
202107020900,54857.0,1.0,9.0,4.0,70.0,130.0,4.0,24.5,21.6,83.9,1006.4,7.0,0.9,2.0,cma,29.0
202107021000,54857.0,1.0,9.0,4.0,70.0,130.0,4.0,24.5,21.6,83.9,1006.4,7.0,0.9,2.0,cma,29.0
202107021100,54857.0,1.0,9.0,4.0,70.0,130.0,4.0,24.5,21.6,83.9,1006.4,7.0,0.9,2.0,cma,29.0
202107021200,54857.0,1.0,9.0,4.0,62.0,120.0,3.0,23.6,21.9,90.2,1007.2,2.0,0.8,2.0,cma,3.0
202107021300,54857.0,1.0,9.0,4.0,62.0,120.0,3.0,23.6,21.9,90.2,1007.2,2.0,0.8,2.0,cma,3.0
202107021400,54857.0,1.0,9.0,4.0,62.0,120.0,3.0,23.6,21.9,90.2,1007.2,2.0,0.8,2.0,cma,3.0
202107021500,54857.0,1.0,9.0,4.0,50.0,120.0,4.0,23.6,21.9,90.2,1006.3,7.0,0.9,2.0,cma,16.0
202107021600,54857.0,1.0,9.0,4.0,50.0,120.0,4.0,23.6,21.9,90.2,1006.3,7.0,0.9,2.0,cma,16.0
202107021700,54857.0,1.0,9.0,4.0,50.0,120.0,4.0,23.6,21.9,90.2,1006.3,7.0,0.9,2.0,cma,16.0
202107021800,54857.0,1.0,9.0,4.0,56.0,100.0,3.0,23.5,21.9,90.7,1004.2,7.0,2.1,2.0,cma,13.0
202107021900,54857.0,1.0,9.0,4.0,56.0,100.0,3.0,23.5,21.9,90.7,1004.2,7.0,2.1,2.0,cma,13.0
202107022000,54857.0,1.0,9.0,4.0,56.0,100.0,3.0,23.5,21.9,90.7,1004.2,7.0,2.1,2.0,cma,13.0
202107022100,54857.0,1.0,9.0,4.0,31.0,100.0,5.0,22.7,21.9,95.2,1002.1,7.0,2.1,2.0,cma,29.0
202107022200,54857.0,1.0,9.0,4.0,31.0,100.0,5.0,22.7,21.9,95.2,1002.1,7.0,2.1,2.0,cma,29.0
202107022300,54857.0,1.0,9.0,4.0,31.0,100.0,5.0,22.7,21.9,95.2,1002.1,7.0,2.1,2.0,cma,29.0
202107030000,54857.0,1.0,9.0,4.0,47.0,60.0,4.0,20.9,20.2,95.8,1001.1,7.0,1.0,2.0,cma,24.0
202107030100,54857.0,1.0,9.0,4.0,47.0,60.0,4.0,20.9,20.2,95.8,1001.1,7.0,1.0,2.0,cma,24.0
202107030200,54857.0,1.0,9.0,4.0,47.0,60.0,4.0,20.9,20.2,95.8,1001.1,7.0,1.0,2.0,cma,24.0
202107030300,54857.0,1.0,9.0,4.0,80.0,340.0,4.0,23.0,20.2,84.3,997.6,7.0,3.4,2.0,cma,44.0
202107030400,54857.0,1.0,9.0,4.0,80.0,340.0,4.0,23.0,20.2,84.3,997.6,7.0,3.4,2.0,cma,44.0
202107030500,54857.0,1.0,9.0,4.0,80.0,340.0,4.0,23.0,20.2,84.3,997.6,7.0,3.4,2.0,cma,44.0
202107030600,54857.0,1.0,9.0,4.0,65.0,350.0,7.0,22.9,20.6,86.9,997.1,7.0,0.5,2.0,cma,23.0
202107030700,54857.0,1.0,9.0,4.0,65.0,350.0,7.0,22.9,20.6,86.9,997.1,7.0,0.5,2.0,cma,23.0
202107030800,54857.0,1.0,9.0,4.0,65.0,350.0,7.0,22.9,20.6,86.9,997.1,7.0,0.5,2.0,cma,23.0
202107030900,54857.0,1.0,9.0,4.0,80.0,350.0,8.0,24.0,19.9,77.9,997.8,2.0,0.7,2.0,cma,14.0
202107031000,54857.0,1.0,9.0,4.0,80.0,350.0,8.0,24.0,19.9,77.9,997.8,2.0,0.7,2.0,cma,14.0
202107031100,54857.0,1.0,9.0,4.0,80.0,350.0,8.0,24.0,19.9,77.9,997.8,2.0,0.7,2.0,cma,14.0
202107031200,54857.0,1.0,9.0,4.0,80.0,340.0,8.0,23.4,18.9,75.9,1000.2,2.0,2.3,2.0,cma,2.0
202107031300,54857.0,1.0,9.0,4.0,80.0,340.0,8.0,23.4,18.9,75.9,1000.2,2.0,2.3,2.0,cma,2.0
202107031400,54857.0,1.0,9.0,4.0,80.0,340.0,8.0,23.4,18.9,75.9,1000.2,2.0,2.3,2.0,cma,2.0
202107031500,54857.0,1.0,9.0,4.0,80.0,320.0,4.0,22.1,19.1,83.1,1002.8,2.0,2.6,2.0,cma,8.0
202107031600,54857.0,1.0,9.0,4.0,80.0,320.0,4.0,22.1,19.1,83.1,1002.8,2.0,2.6,2.0,cma,8.0
202107031700,54857.0,1.0,9.0,4.0,80.0,320.0,4.0,22.1,19.1,83.1,1002.8,2.0,2.6,2.0,cma,8.0
202107031800,54857.0,1.0,9.0,4.0,56.0,320.0,4.0,21.2,19.7,91.2,1003.2,2.0,0.4,2.0,cma,5.0
202107031900,54857.0,1.0,9.0,4.0,56.0,320.0,4.0,21.2,19.7,91.2,1003.2,2.0,0.4,2.0,cma,5.0
202107032000,54857.0,1.0,9.0,4.0,56.0,320.0,4.0,21.2,19.7,91.2,1003.2,2.0,0.4,2.0,cma,5.0
202107032100,54857.0,1.0,9.0,4.0,56.0,350.0,4.0,20.8,19.5,92.3,1004.4,2.0,1.2,2.0,cma,9.0
202107032200,54857.0,1.0,9.0,4.0,56.0,350.0,4.0,20.8,19.5,92.3,1004.4,2.0,1.2,2.0,cma,9.0
202107032300,54857.0,1.0,9.0,4.0,56.0,350.0,4.0,20.8,19.5,92.3,1004.4,2.0,1.2,2.0,cma,9.0
202107040000,54857.0,1.0,9.0,4.0,61.0,200.0,1.0,23.4,20.0,81.2,1006.6,2.0,2.2,2.0,cma,14.0
202107040100,54857.0,1.0,9.0,4.0,61.0,200.0,1.0,23.4,20.0,81.2,1006.6,2.0,2.2,2.0,cma,14.0
202107040200,54857.0,1.0,9.0,4.0,61.0,200.0,1.0,23.4,20.0,81.2,1006.6,2.0,2.2,2.0,cma,14.0
202107040300,54857.0,1.0,9.0,4.0,60.0,180.0,3.0,24.6,19.7,74.2,1007.0,2.0,0.4,2.0,cma,32.0
202107040400,54857.0,1.0,9.0,4.0,60.0,180.0,3.0,24.6,19.7,74.2,1007.0,2.0,0.4,2.0,cma,32.0
202107040500,54857.0,1.0,9.0,4.0,60.0,180.0,3.0,24.6,19.7,74.2,1007.0,2.0,0.4,2.0,cma,32.0
202107040600,54857.0,1.0,9.0,4.0,64.0,190.0,5.0,24.4,20.5,78.9,1006.7,7.0,0.3,2.0,cma,30.0
202107040700,54857.0,1.0,9.0,4.0,64.0,190.0,5.0,24.4,20.5,78.9,1006.7,7.0,0.3,2.0,cma,30.0
202107040800,54857.0,1.0,9.0,4.0,64.0,190.0,5.0,24.4,20.5,78.9,1006.7,7.0,0.3,2.0,cma,30.0
202107040900,54857.0,1.0,9.0,4.0,64.0,160.0,3.0,23.7,20.2,80.8,1006.7,4.0,0.0,2.0,cma,37.0
202107041000,54857.0,1.0,9.0,4.0,64.0,160.0,3.0,23.7,20.2,80.8,1006.7,4.0,0.0,2.0,cma,37.0
202107041100,54857.0,1.0,9.0,4.0,64.0,160.0,3.0,23.7,20.2,80.8,1006.7,4.0,0.0,2.0,cma,37.0
202107041200,54857.0,1.0,9.0,4.0,60.0,160.0,3.0,22.6,20.7,89.0,1008.0,2.0,1.3,2.0,cma,13.0
202107041300,54857.0,1.0,9.0,4.0,60.0,160.0,3.0,22.6,20.7,89.0,1008.0,2.0,1.3,2.0,cma,13.0
202107041400,54857.0,1.0,9.0,4.0,60.0,160.0,3.0,22.6,20.7,89.0,1008.0,2.0,1.3,2.0,cma,13.0
202107041500,54857.0,1.0,9.0,4.0,49.0,150.0,2.0,22.5,21.5,94.1,1008.1,2.0,0.1,2.0,cma,31.0
202107041600,54857.0,1.0,9.0,4.0,49.0,150.0,2.0,22.5,21.5,94.1,1008.1,2.0,0.1,2.0,cma,31.0
202107041700,54857.0,1.0,9.0,4.0,49.0,150.0,2.0,22.5,21.5,94.1,1008.1,2.0,0.1,2.0,cma,31.0
202107041800,54857.0,1.0,9.0,4.0,12.0,140.0,2.0,22.8,22.3,97.0,1007.4,7.0,0.7,2.0,cma,20.0
202107041900,54857.0,1.0,9.0,4.0,12.0,140.0,2.0,22.8,22.3,97.0,1007.4,7.0,0.7,2.0,cma,20.0
202107042000,54857.0,1.0,9.0,4.0,12.0,140.0,2.0,22.8,22.3,97.0,1007.4,7.0,0.7,2.0,cma,20.0
202107042100,54857.0,1.0,9.0,4.0,0.0,140.0,3.0,22.5,22.2,98.2,1007.8,2.0,0.4,2.0,cma,37.0
202107042200,54857.0,1.0,9.0,4.0,0.0,140.0,3.0,22.5,22.2,98.2,1007.8,2.0,0.4,2.0,cma,37.0
202107042300,54857.0,1.0,9.0,4.0,0.0,140.0,3.0,22.5,22.2,98.2,1007.8,2.0,0.4,2.0,cma,37.0
202107050000,54857.0,1.0,9.0,4.0,17.0,160.0,3.0,22.8,22.3,97.0,1008.7,2.0,0.8,2.0,cma,29.0
202107050100,54857.0,1.0,9.0,4.0,17.0,160.0,3.0,22.8,22.3,97.0,1008.7,2.0,0.8,2.0,cma,29.0
202107050200,54857.0,1.0,9.0,4.0,17.0,160.0,3.0,22.8,22.3,97.0,1008.7,2.0,0.8,2.0,cma,29.0
202107050300,54857.0,1.0,9.0,4.0,46.0,160.0,4.0,22.6,21.6,94.1,1007.9,7.0,0.7,2.0,cma,50.0
202107050400,54857.0,1.0,9.0,4.0,46.0,160.0,4.0,22.6,21.6,94.1,1007.9,7.0,0.7,2.0,cma,50.0
202107050500,54857.0,1.0,9.0,4.0,46.0,160.0,4.0,22.6,21.6,94.1,1007.9,7.0,0.7,2.0,cma,50.0
202107050600,54857.0,1.0,9.0,4.0,76.0,180.0,5.0,23.9,20.2,79.8,1007.5,7.0,0.4,2.0,cma,36.0
202107050700,54857.0,1.0,9.0,4.0,76.0,180.0,5.0,23.9,20.2,79.8,1007.5,7.0,0.4,2.0,cma,36.0
202107050800,54857.0,1.0,9.0,4.0,76.0,180.0,5.0,23.9,20.2,79.8,1007.5,7.0,0.4,2.0,cma,36.0
202107050900,54857.0,1.0,9.0,4.0,80.0,170.0,3.0,22.5,19.5,83.2,1006.9,7.0,0.6,2.0,cma,79.0
202107051000,54857.0,1.0,9.0,4.0,80.0,170.0,3.0,22.5,19.5,83.2,1006.9,7.0,0.6,2.0,cma,79.0
202107051100,54857.0,1.0,9.0,4.0,80.0,170.0,3.0,22.5,19.5,83.2,1006.9,7.0,0.6,2.0,cma,79.0
202107051200,54857.0,1.0,9.0,4.0,72.0,160.0,3.0,21.3,19.9,91.7,1007.5,2.0,0.5,2.0,cma,28.0
202107051300,54857.0,1.0,9.0,4.0,72.0,160.0,3.0,21.3,19.9,91.7,1007.5,2.0,0.5,2.0,cma,28.0
202107051400,54857.0,1.0,9.0,4.0,72.0,160.0,3.0,21.3,19.9,91.7,1007.5,2.0,0.5,2.0,cma,28.0
202107051500,54857.0,1.0,9.0,4.0,70.0,160.0,2.0,21.2,19.7,91.2,1007.6,2.0,0.1,2.0,cma,3.0
202107051600,54857.0,1.0,9.0,4.0,70.0,160.0,2.0,21.2,19.7,91.2,1007.6,2.0,0.1,2.0,cma,3.0
202107051700,54857.0,1.0,9.0,4.0,70.0,160.0,2.0,21.2,19.7,91.2,1007.6,2.0,0.1,2.0,cma,3.0
202107051800,54857.0,1.0,9.0,4.0,62.0,160.0,2.0,21.0,19.7,92.3,1007.3,7.0,0.2,2.0,cma,8.0
202107051900,54857.0,1.0,9.0,4.0,62.0,160.0,2.0,21.0,19.7,92.3,1007.3,7.0,0.2,2.0,cma,8.0
202107052000,54857.0,1.0,9.0,4.0,62.0,160.0,2.0,21.0,19.7,92.3,1007.3,7.0,0.2,2.0,cma,8.0
202107052100,54857.0,1.0,9.0,4.0,56.0,100.0,1.0,20.6,19.6,94.0,1006.4,7.0,1.0,2.0,cma,30.0
202107052200,54857.0,1.0,9.0,4.0,56.0,100.0,1.0,20.6,19.6,94.0,1006.4,7.0,1.0,2.0,cma,30.0
202107052300,54857.0,1.0,9.0,4.0,56.0,100.0,1.0,20.6,19.6,94.0,1006.4,7.0,1.0,2.0,cma,30.0
202107060000,54857.0,1.0,9.0,4.0,80.0,140.0,3.0,23.2,18.9,76.8,1006.5,2.0,0.2,2.0,cma,17.0
202107060100,54857.0,1.0,9.0,4.0,80.0,140.0,3.0,23.2,18.9,76.8,1006.5,2.0,0.2,2.0,cma,17.0
202107060200,54857.0,1.0,9.0,4.0,80.0,140.0,3.0,23.2,18.9,76.8,1006.5,2.0,0.2,2.0,cma,17.0
202107060300,54857.0,1.0,9.0,4.0,80.0,140.0,5.0,24.4,20.3,77.9,1007.2,2.0,0.7,2.0,cma,22.0
202107060400,54857.0,1.0,9.0,4.0,80.0,140.0,5.0,24.4,20.3,77.9,1007.2,2.0,0.7,2.0,cma,22.0
202107060500,54857.0,1.0,9.0,4.0,80.0,140.0,5.0,24.4,20.3,77.9,1007.2,2.0,0.7,2.0,cma,22.0
202107060600,54857.0,1.0,9.0,4.0,80.0,140.0,4.0,24.1,20.2,78.9,1006.4,7.0,0.8,2.0,cma,17.0
202107060700,54857.0,1.0,9.0,4.0,80.0,140.0,4.0,24.1,20.2,78.9,1006.4,7.0,0.8,2.0,cma,17.0
202107060800,54857.0,1.0,9.0,4.0,80.0,140.0,4.0,24.1,20.2,78.9,1006.4,7.0,0.8,2.0,cma,17.0
202107060900,54857.0,1.0,9.0,4.0,79.0,170.0,4.0,23.7,20.4,81.8,1005.6,7.0,0.8,2.0,cma,30.0
202107061000,54857.0,1.0,9.0,4.0,79.0,170.0,4.0,23.7,20.4,81.8,1005.6,7.0,0.8,2.0,cma,30.0
202107061100,54857.0,1.0,9.0,4.0,79.0,170.0,4.0,23.7,20.4,81.8,1005.6,7.0,0.8,2.0,cma,30.0
202107061200,54857.0,1.0,9.0,4.0,69.0,150.0,2.0,22.1,20.6,91.2,1006.5,2.0,0.9,2.0,cma,4.0
202107061300,54857.0,1.0,9.0,4.0,69.0,150.0,2.0,22.1,20.6,91.2,1006.5,2.0,0.9,2.0,cma,4.0
202107061400,54857.0,1.0,9.0,4.0,69.0,150.0,2.0,22.1,20.6,91.2,1006.5,2.0,0.9,2.0,cma,4.0
202107061500,54857.0,1.0,9.0,4.0,70.0,170.0,2.0,22.1,21.1,94.1,1008.0,2.0,1.5,2.0,cma,16.0
202107061600,54857.0,1.0,9.0,4.0,70.0,170.0,2.0,22.1,21.1,94.1,1008.0,2.0,1.5,2.0,cma,16.0
202107061700,54857.0,1.0,9.0,4.0,70.0,170.0,2.0,22.1,21.1,94.1,1008.0,2.0,1.5,2.0,cma,16.0
202107061800,54857.0,1.0,9.0,4.0,70.0,150.0,1.0,21.5,20.7,95.2,1007.1,7.0,0.9,2.0,cma,11.0
202107061900,54857.0,1.0,9.0,4.0,70.0,150.0,1.0,21.5,20.7,95.2,1007.1,7.0,0.9,2.0,cma,11.0
202107062000,54857.0,1.0,9.0,4.0,70.0,150.0,1.0,21.5,20.7,95.2,1007.1,7.0,0.9,2.0,cma,11.0
202107062100,54857.0,1.0,9.0,4.0,48.0,150.0,1.0,21.5,21.0,97.0,1006.6,7.0,0.5,2.0,cma,24.0
202107062200,54857.0,1.0,9.0,4.0,48.0,150.0,1.0,21.5,21.0,97.0,1006.6,7.0,0.5,2.0,cma,24.0
202107062300,54857.0,1.0,9.0,4.0,48.0,150.0,1.0,21.5,21.0,97.0,1006.6,7.0,0.5,2.0,cma,24.0
202107070000,54857.0,1.0,9.0,4.0,78.0,140.0,2.0,22.3,20.8,91.2,1008.2,2.0,1.5,2.0,cma,23.0
202107070100,54857.0,1.0,9.0,4.0,78.0,140.0,2.0,22.3,20.8,91.2,1008.2,2.0,1.5,2.0,cma,23.0
202107070200,54857.0,1.0,9.0,4.0,78.0,140.0,2.0,22.3,20.8,91.2,1008.2,2.0,1.5,2.0,cma,23.0
202107070300,54857.0,1.0,9.0,4.0,80.0,280.0,2.0,23.9,20.8,82.8,1007.5,7.0,0.6,2.0,cma,8.0
202107070400,54857.0,1.0,9.0,4.0,80.0,280.0,2.0,23.9,20.8,82.8,1007.5,7.0,0.6,2.0,cma,8.0
202107070500,54857.0,1.0,9.0,4.0,80.0,280.0,2.0,23.9,20.8,82.8,1007.5,7.0,0.6,2.0,cma,8.0
202107070600,54857.0,1.0,9.0,4.0,73.0,170.0,3.0,24.4,20.3,77.9,1006.3,7.0,1.2,2.0,cma,12.0
202107070700,54857.0,1.0,9.0,4.0,73.0,170.0,3.0,24.4,20.3,77.9,1006.3,7.0,1.2,2.0,cma,12.0
202107070800,54857.0,1.0,9.0,4.0,73.0,170.0,3.0,24.4,20.3,77.9,1006.3,7.0,1.2,2.0,cma,12.0
202107070900,54857.0,1.0,9.0,4.0,80.0,110.0,1.0,25.8,20.6,73.0,1004.4,7.0,1.9,2.0,cma,24.0
202107071000,54857.0,1.0,9.0,4.0,80.0,110.0,1.0,25.8,20.6,73.0,1004.4,7.0,1.9,2.0,cma,24.0
202107071100,54857.0,1.0,9.0,4.0,80.0,110.0,1.0,25.8,20.6,73.0,1004.4,7.0,1.9,2.0,cma,24.0
202107071200,54857.0,1.0,9.0,4.0,68.0,160.0,3.0,22.6,21.6,94.1,1006.4,2.0,2.0,2.0,cma,2.0
202107071300,54857.0,1.0,9.0,4.0,68.0,160.0,3.0,22.6,21.6,94.1,1006.4,2.0,2.0,2.0,cma,2.0
202107071400,54857.0,1.0,9.0,4.0,68.0,160.0,3.0,22.6,21.6,94.1,1006.4,2.0,2.0,2.0,cma,2.0
202107071500,54857.0,1.0,9.0,4.0,57.0,140.0,1.0,22.1,21.4,95.8,1006.9,2.0,0.5,2.0,cma,9.0
202107071600,54857.0,1.0,9.0,4.0,57.0,140.0,1.0,22.1,21.4,95.8,1006.9,2.0,0.5,2.0,cma,9.0
202107071700,54857.0,1.0,9.0,4.0,57.0,140.0,1.0,22.1,21.4,95.8,1006.9,2.0,0.5,2.0,cma,9.0
202107071800,54857.0,1.0,9.0,4.0,58.0,220.0,0.0,21.6,21.1,97.0,1005.6,7.0,1.3,2.0,cma,5.0
202107071900,54857.0,1.0,9.0,4.0,58.0,220.0,0.0,21.6,21.1,97.0,1005.6,7.0,1.3,2.0,cma,5.0
202107072000,54857.0,1.0,9.0,4.0,58.0,220.0,0.0,21.6,21.1,97.0,1005.6,7.0,1.3,2.0,cma,5.0
202107072100,54857.0,1.0,9.0,4.0,1.0,170.0,2.0,20.9,20.6,98.2,1005.6,4.0,0.0,2.0,cma,26.0
202107072200,54857.0,1.0,9.0,4.0,1.0,170.0,2.0,20.9,20.6,98.2,1005.6,4.0,0.0,2.0,cma,26.0
202107072300,54857.0,1.0,9.0,4.0,1.0,170.0,2.0,20.9,20.6,98.2,1005.6,4.0,0.0,2.0,cma,26.0
202107080000,54857.0,1.0,9.0,4.0,31.0,160.0,1.0,22.1,21.9,98.8,1006.7,2.0,1.1,2.0,cma,12.0
202107080100,54857.0,1.0,9.0,4.0,31.0,160.0,1.0,22.1,21.9,98.8,1006.7,2.0,1.1,2.0,cma,12.0
202107080200,54857.0,1.0,9.0,4.0,31.0,160.0,1.0,22.1,21.9,98.8,1006.7,2.0,1.1,2.0,cma,12.0
202107080300,54857.0,1.0,9.0,4.0,57.0,170.0,2.0,26.1,22.4,80.1,1006.0,7.0,0.7,2.0,cma,17.0
202107080400,54857.0,1.0,9.0,4.0,57.0,170.0,2.0,26.1,22.4,80.1,1006.0,7.0,0.7,2.0,cma,17.0
202107080500,54857.0,1.0,9.0,4.0,57.0,170.0,2.0,26.1,22.4,80.1,1006.0,7.0,0.7,2.0,cma,17.0
202107080600,54857.0,1.0,9.0,4.0,46.0,150.0,4.0,25.0,22.7,87.1,1004.9,7.0,1.1,2.0,cma,14.0
202107080700,54857.0,1.0,9.0,4.0,46.0,150.0,4.0,25.0,22.7,87.1,1004.9,7.0,1.1,2.0,cma,14.0
202107080800,54857.0,1.0,9.0,4.0,46.0,150.0,4.0,25.0,22.7,87.1,1004.9,7.0,1.1,2.0,cma,14.0
202107080900,54857.0,1.0,9.0,4.0,35.0,160.0,4.0,23.2,22.2,94.1,1003.5,7.0,1.4,2.0,cma,18.0
202107081000,54857.0,1.0,9.0,4.0,35.0,160.0,4.0,23.2,22.2,94.1,1003.5,7.0,1.4,2.0,cma,18.0
202107081100,54857.0,1.0,9.0,4.0,35.0,160.0,4.0,23.2,22.2,94.1,1003.5,7.0,1.4,2.0,cma,18.0
202107081200,54857.0,1.0,9.0,4.0,11.0,160.0,1.0,23.2,22.7,97.0,1004.5,2.0,1.0,2.0,cma,-1.0
202107081300,54857.0,1.0,9.0,4.0,11.0,160.0,1.0,23.2,22.7,97.0,1004.5,2.0,1.0,2.0,cma,-1.0
202107081400,54857.0,1.0,9.0,4.0,11.0,160.0,1.0,23.2,22.7,97.0,1004.5,2.0,1.0,2.0,cma,-1.0
202107081500,54857.0,1.0,9.0,4.0,3.0,160.0,2.0,22.9,22.6,98.2,1004.4,7.0,0.1,2.0,cma,33.0
202107081600,54857.0,1.0,9.0,4.0,3.0,160.0,2.0,22.9,22.6,98.2,1004.4,7.0,0.1,2.0,cma,33.0
202107081700,54857.0,1.0,9.0,4.0,3.0,160.0,2.0,22.9,22.6,98.2,1004.4,7.0,0.1,2.0,cma,33.0
202107081800,54857.0,1.0,9.0,4.0,17.0,20.0,0.0,22.6,22.1,97.0,1003.8,7.0,0.6,2.0,cma,40.0
202107081900,54857.0,1.0,9.0,4.0,17.0,20.0,0.0,22.6,22.1,97.0,1003.8,7.0,0.6,2.0,cma,40.0
202107082000,54857.0,1.0,9.0,4.0,17.0,20.0,0.0,22.6,22.1,97.0,1003.8,7.0,0.6,2.0,cma,40.0
202107082100,54857.0,1.0,9.0,4.0,1.0,160.0,3.0,22.0,21.5,97.0,1003.6,7.0,0.2,2.0,cma,50.0
202107082200,54857.0,1.0,9.0,4.0,1.0,160.0,3.0,22.0,21.5,97.0,1003.6,7.0,0.2,2.0,cma,50.0
202107082300,54857.0,1.0,9.0,4.0,1.0,160.0,3.0,22.0,21.5,97.0,1003.6,7.0,0.2,2.0,cma,50.0
202107090000,54857.0,1.0,9.0,4.0,50.0,170.0,1.0,23.0,22.5,97.0,1005.2,2.0,1.6,2.0,cma,42.0
202107090100,54857.0,1.0,9.0,4.0,50.0,170.0,1.0,23.0,22.5,97.0,1005.2,2.0,1.6,2.0,cma,42.0
202107090200,54857.0,1.0,9.0,4.0,50.0,170.0,1.0,23.0,22.5,97.0,1005.2,2.0,1.6,2.0,cma,42.0
202107090300,54857.0,1.0,9.0,4.0,57.0,170.0,4.0,25.7,22.2,81.0,1004.8,7.0,0.4,2.0,cma,90.0
202107090400,54857.0,1.0,9.0,4.0,57.0,170.0,4.0,25.7,22.2,81.0,1004.8,7.0,0.4,2.0,cma,90.0
202107090500,54857.0,1.0,9.0,4.0,57.0,170.0,4.0,25.7,22.2,81.0,1004.8,7.0,0.4,2.0,cma,90.0
202107090600,54857.0,1.0,9.0,4.0,25.0,160.0,5.0,24.3,22.7,90.8,1004.1,7.0,0.7,2.0,cma,42.0
202107090700,54857.0,1.0,9.0,4.0,25.0,160.0,5.0,24.3,22.7,90.8,1004.1,7.0,0.7,2.0,cma,42.0
202107090800,54857.0,1.0,9.0,4.0,25.0,160.0,5.0,24.3,22.7,90.8,1004.1,7.0,0.7,2.0,cma,42.0
202107090900,54857.0,1.0,9.0,4.0,65.0,160.0,1.0,25.5,20.7,74.8,1003.9,7.0,0.2,2.0,cma,38.0
202107091000,54857.0,1.0,9.0,4.0,65.0,160.0,1.0,25.5,20.7,74.8,1003.9,7.0,0.2,2.0,cma,38.0
202107091100,54857.0,1.0,9.0,4.0,65.0,160.0,1.0,25.5,20.7,74.8,1003.9,7.0,0.2,2.0,cma,38.0
202107091200,54857.0,1.0,9.0,4.0,65.0,180.0,3.0,23.7,20.2,80.8,1004.2,2.0,0.3,2.0,cma,20.0
202107091300,54857.0,1.0,9.0,4.0,65.0,180.0,3.0,23.7,20.2,80.8,1004.2,2.0,0.3,2.0,cma,20.0
202107091400,54857.0,1.0,9.0,4.0,65.0,180.0,3.0,23.7,20.2,80.8,1004.2,2.0,0.3,2.0,cma,20.0
202107091500,54857.0,1.0,9.0,4.0,65.0,160.0,3.0,23.5,20.2,81.7,1004.7,2.0,0.5,2.0,cma,49.0
202107091600,54857.0,1.0,9.0,4.0,65.0,160.0,3.0,23.5,20.2,81.7,1004.7,2.0,0.5,2.0,cma,49.0
202107091700,54857.0,1.0,9.0,4.0,65.0,160.0,3.0,23.5,20.2,81.7,1004.7,2.0,0.5,2.0,cma,49.0
202107091800,54857.0,1.0,9.0,4.0,56.0,160.0,3.0,23.5,21.4,88.0,1003.9,7.0,0.8,2.0,cma,6.0
202107091900,54857.0,1.0,9.0,4.0,56.0,160.0,3.0,23.5,21.4,88.0,1003.9,7.0,0.8,2.0,cma,6.0
202107092000,54857.0,1.0,9.0,4.0,56.0,160.0,3.0,23.5,21.4,88.0,1003.9,7.0,0.8,2.0,cma,6.0
202107092100,54857.0,1.0,9.0,4.0,57.0,170.0,4.0,23.8,21.7,88.0,1003.1,7.0,0.7,2.0,cma,42.0
202107092200,54857.0,1.0,9.0,4.0,57.0,170.0,4.0,23.8,21.7,88.0,1003.1,7.0,0.7,2.0,cma,42.0
202107092300,54857.0,1.0,9.0,4.0,57.0,170.0,4.0,23.8,21.7,88.0,1003.1,7.0,0.7,2.0,cma,42.0
202107100000,54857.0,1.0,9.0,4.0,59.0,150.0,2.0,26.9,22.9,78.8,1004.4,2.0,1.3,2.0,cma,5.0
202107100100,54857.0,1.0,9.0,4.0,59.0,150.0,2.0,26.9,22.9,78.8,1004.4,2.0,1.3,2.0,cma,5.0
202107100200,54857.0,1.0,9.0,4.0,59.0,150.0,2.0,26.9,22.9,78.8,1004.4,2.0,1.3,2.0,cma,5.0
202107100300,54857.0,1.0,9.0,4.0,56.0,140.0,3.0,27.4,23.2,77.9,1005.3,2.0,0.9,2.0,cma,55.0
202107100400,54857.0,1.0,9.0,4.0,56.0,140.0,3.0,27.4,23.2,77.9,1005.3,2.0,0.9,2.0,cma,55.0
202107100500,54857.0,1.0,9.0,4.0,56.0,140.0,3.0,27.4,23.2,77.9,1005.3,2.0,0.9,2.0,cma,55.0
202107100600,54857.0,1.0,9.0,4.0,50.0,170.0,3.0,28.9,23.8,74.0,1004.8,7.0,0.5,2.0,cma,26.0
202107100700,54857.0,1.0,9.0,4.0,50.0,170.0,3.0,28.9,23.8,74.0,1004.8,7.0,0.5,2.0,cma,26.0
202107100800,54857.0,1.0,9.0,4.0,50.0,170.0,3.0,28.9,23.8,74.0,1004.8,7.0,0.5,2.0,cma,26.0
202107100900,54857.0,1.0,9.0,4.0,43.0,160.0,4.0,28.3,24.5,79.9,1003.9,7.0,0.9,2.0,cma,54.0
202107101000,54857.0,1.0,9.0,4.0,43.0,160.0,4.0,28.3,24.5,79.9,1003.9,7.0,0.9,2.0,cma,54.0
202107101100,54857.0,1.0,9.0,4.0,43.0,160.0,4.0,28.3,24.5,79.9,1003.9,7.0,0.9,2.0,cma,54.0
202107101200,54857.0,1.0,9.0,4.0,25.0,160.0,3.0,26.1,24.5,90.9,1005.2,2.0,1.3,2.0,cma,22.0
202107101300,54857.0,1.0,9.0,4.0,25.0,160.0,3.0,26.1,24.5,90.9,1005.2,2.0,1.3,2.0,cma,22.0
202107101400,54857.0,1.0,9.0,4.0,25.0,160.0,3.0,26.1,24.5,90.9,1005.2,2.0,1.3,2.0,cma,22.0
202107101500,54857.0,1.0,9.0,4.0,32.0,150.0,3.0,26.4,24.6,89.9,1006.5,2.0,1.3,2.0,cma,53.0
202107101600,54857.0,1.0,9.0,4.0,32.0,150.0,3.0,26.4,24.6,89.9,1006.5,2.0,1.3,2.0,cma,53.0
202107101700,54857.0,1.0,9.0,4.0,32.0,150.0,3.0,26.4,24.6,89.9,1006.5,2.0,1.3,2.0,cma,53.0
202107101800,54857.0,1.0,9.0,4.0,24.0,150.0,3.0,25.8,24.6,93.1,1005.9,7.0,0.6,2.0,cma,61.0
202107101900,54857.0,1.0,9.0,4.0,24.0,150.0,3.0,25.8,24.6,93.1,1005.9,7.0,0.6,2.0,cma,61.0
202107102000,54857.0,1.0,9.0,4.0,24.0,150.0,3.0,25.8,24.6,93.1,1005.9,7.0,0.6,2.0,cma,61.0
202107102100,54857.0,1.0,9.0,4.0,15.0,160.0,4.0,25.5,24.6,94.8,1005.8,7.0,0.1,2.0,cma,119.0
202107102200,54857.0,1.0,9.0,4.0,15.0,160.0,4.0,25.5,24.6,94.8,1005.8,7.0,0.1,2.0,cma,119.0
202107102300,54857.0,1.0,9.0,4.0,15.0,160.0,4.0,25.5,24.6,94.8,1005.8,7.0,0.1,2.0,cma,119.0
202107110000,54857.0,1.0,9.0,4.0,26.0,170.0,3.0,25.7,24.5,93.1,1007.1,2.0,1.3,2.0,cma,72.0
202107110100,54857.0,1.0,9.0,4.0,26.0,170.0,3.0,25.7,24.5,93.1,1007.1,2.0,1.3,2.0,cma,72.0
202107110200,54857.0,1.0,9.0,4.0,26.0,170.0,3.0,25.7,24.5,93.1,1007.1,2.0,1.3,2.0,cma,72.0
202107110300,54857.0,1.0,9.0,4.0,50.0,170.0,3.0,29.8,25.5,77.8,1007.1,4.0,0.0,2.0,cma,78.0
202107110400,54857.0,1.0,9.0,4.0,50.0,170.0,3.0,29.8,25.5,77.8,1007.1,4.0,0.0,2.0,cma,78.0
202107110500,54857.0,1.0,9.0,4.0,50.0,170.0,3.0,29.8,25.5,77.8,1007.1,4.0,0.0,2.0,cma,78.0
202107110600,54857.0,1.0,9.0,4.0,32.0,140.0,3.0,27.6,24.8,84.8,1007.2,2.0,0.1,2.0,cma,67.0
202107110700,54857.0,1.0,9.0,4.0,32.0,140.0,3.0,27.6,24.8,84.8,1007.2,2.0,0.1,2.0,cma,67.0
202107110800,54857.0,1.0,9.0,4.0,32.0,140.0,3.0,27.6,24.8,84.8,1007.2,2.0,0.1,2.0,cma,67.0
202107110900,54857.0,1.0,9.0,4.0,57.0,140.0,4.0,25.6,23.8,89.8,1006.8,7.0,0.4,2.0,cma,85.0
202107111000,54857.0,1.0,9.0,4.0,57.0,140.0,4.0,25.6,23.8,89.8,1006.8,7.0,0.4,2.0,cma,85.0
202107111100,54857.0,1.0,9.0,4.0,57.0,140.0,4.0,25.6,23.8,89.8,1006.8,7.0,0.4,2.0,cma,85.0
202107111200,54857.0,1.0,9.0,4.0,50.0,120.0,4.0,25.5,23.9,90.9,1006.4,7.0,0.4,2.0,cma,49.0
202107111300,54857.0,1.0,9.0,4.0,50.0,120.0,4.0,25.5,23.9,90.9,1006.4,7.0,0.4,2.0,cma,49.0
202107111400,54857.0,1.0,9.0,4.0,50.0,120.0,4.0,25.5,23.9,90.9,1006.4,7.0,0.4,2.0,cma,49.0
202107111500,54857.0,1.0,9.0,4.0,50.0,150.0,2.0,24.7,23.7,94.2,1006.5,2.0,0.1,2.0,cma,80.0
202107111600,54857.0,1.0,9.0,4.0,50.0,150.0,2.0,24.7,23.7,94.2,1006.5,2.0,0.1,2.0,cma,80.0
202107111700,54857.0,1.0,9.0,4.0,50.0,150.0,2.0,24.7,23.7,94.2,1006.5,2.0,0.1,2.0,cma,80.0
202107111800,54857.0,1.0,9.0,4.0,36.0,140.0,3.0,25.7,24.1,90.9,1005.6,7.0,0.9,2.0,cma,59.0
202107111900,54857.0,1.0,9.0,4.0,36.0,140.0,3.0,25.7,24.1,90.9,1005.6,7.0,0.9,2.0,cma,59.0
202107112000,54857.0,1.0,9.0,4.0,36.0,140.0,3.0,25.7,24.1,90.9,1005.6,7.0,0.9,2.0,cma,59.0
202107112100,54857.0,1.0,9.0,4.0,22.0,120.0,3.0,25.3,24.3,94.2,1004.9,7.0,0.7,2.0,cma,45.0
202107112200,54857.0,1.0,9.0,4.0,22.0,120.0,3.0,25.3,24.3,94.2,1004.9,7.0,0.7,2.0,cma,45.0
202107112300,54857.0,1.0,9.0,4.0,22.0,120.0,3.0,25.3,24.3,94.2,1004.9,7.0,0.7,2.0,cma,45.0
202107120000,54857.0,1.0,9.0,4.0,35.0,140.0,4.0,25.4,24.2,93.1,1004.4,7.0,0.5,2.0,cma,41.0
202107120100,54857.0,1.0,9.0,4.0,35.0,140.0,4.0,25.4,24.2,93.1,1004.4,7.0,0.5,2.0,cma,41.0
202107120200,54857.0,1.0,9.0,4.0,35.0,140.0,4.0,25.4,24.2,93.1,1004.4,7.0,0.5,2.0,cma,41.0
202107120300,54857.0,1.0,9.0,4.0,46.0,160.0,3.0,27.1,24.6,86.2,1004.2,7.0,0.2,2.0,cma,49.0
202107120400,54857.0,1.0,9.0,4.0,46.0,160.0,3.0,27.1,24.6,86.2,1004.2,7.0,0.2,2.0,cma,49.0
202107120500,54857.0,1.0,9.0,4.0,46.0,160.0,3.0,27.1,24.6,86.2,1004.2,7.0,0.2,2.0,cma,49.0
202107120600,54857.0,1.0,9.0,4.0,46.0,160.0,3.0,27.1,24.6,86.2,1004.2,7.0,0.2,2.0,cma,49.0
202107120700,54857.0,1.0,9.0,4.0,46.0,160.0,3.0,27.1,24.6,86.2,1004.2,7.0,0.2,2.0,cma,49.0
202107120800,54857.0,1.0,9.0,4.0,46.0,160.0,3.0,27.1,24.6,86.2,1004.2,7.0,0.2,2.0,cma,49.0
202107120900,54857.0,1.0,9.0,4.0,57.0,140.0,5.0,26.4,24.1,87.2,1001.2,7.0,1.2,2.0,cma,64.0
202107121000,54857.0,1.0,9.0,4.0,57.0,140.0,5.0,26.4,24.1,87.2,1001.2,7.0,1.2,2.0,cma,64.0
202107121100,54857.0,1.0,9.0,4.0,57.0,140.0,5.0,26.4,24.1,87.2,1001.2,7.0,1.2,2.0,cma,64.0
202107121200,54857.0,1.0,9.0,4.0,36.0,140.0,5.0,25.7,24.3,92.0,1001.5,2.0,0.3,2.0,cma,22.0
202107121300,54857.0,1.0,9.0,4.0,36.0,140.0,5.0,25.7,24.3,92.0,1001.5,2.0,0.3,2.0,cma,22.0
202107121400,54857.0,1.0,9.0,4.0,36.0,140.0,5.0,25.7,24.3,92.0,1001.5,2.0,0.3,2.0,cma,22.0
202107121500,54857.0,1.0,9.0,4.0,63.0,170.0,5.0,26.8,23.7,83.2,1001.4,7.0,0.1,2.0,cma,78.0
202107121600,54857.0,1.0,9.0,4.0,63.0,170.0,5.0,26.8,23.7,83.2,1001.4,7.0,0.1,2.0,cma,78.0
202107121700,54857.0,1.0,9.0,4.0,63.0,170.0,5.0,26.8,23.7,83.2,1001.4,7.0,0.1,2.0,cma,78.0
202107121800,54857.0,1.0,9.0,4.0,57.0,160.0,3.0,25.1,23.5,90.9,1001.3,7.0,0.1,2.0,cma,22.0
202107121900,54857.0,1.0,9.0,4.0,57.0,160.0,3.0,25.1,23.5,90.9,1001.3,7.0,0.1,2.0,cma,22.0
202107122000,54857.0,1.0,9.0,4.0,57.0,160.0,3.0,25.1,23.5,90.9,1001.3,7.0,0.1,2.0,cma,22.0
202107122100,54857.0,1.0,9.0,4.0,58.0,140.0,3.0,25.2,23.8,92.0,1000.3,7.0,1.0,2.0,cma,62.0
202107122200,54857.0,1.0,9.0,4.0,58.0,140.0,3.0,25.2,23.8,92.0,1000.3,7.0,1.0,2.0,cma,62.0
202107122300,54857.0,1.0,9.0,4.0,58.0,140.0,3.0,25.2,23.8,92.0,1000.3,7.0,1.0,2.0,cma,62.0
202107130000,54857.0,1.0,9.0,4.0,48.0,220.0,5.0,24.3,23.3,94.2,1002.7,2.0,2.4,2.0,cma,65.0
202107130100,54857.0,1.0,9.0,4.0,48.0,220.0,5.0,24.3,23.3,94.2,1002.7,2.0,2.4,2.0,cma,65.0
202107130200,54857.0,1.0,9.0,4.0,48.0,220.0,5.0,24.3,23.3,94.2,1002.7,2.0,2.4,2.0,cma,65.0
202107130300,54857.0,1.0,9.0,4.0,48.0,220.0,5.0,24.3,23.3,94.2,1002.7,2.0,2.4,2.0,cma,65.0
202107130400,54857.0,1.0,9.0,4.0,48.0,220.0,5.0,24.3,23.3,94.2,1002.7,2.0,2.4,2.0,cma,65.0
202107130500,54857.0,1.0,9.0,4.0,48.0,220.0,5.0,24.3,23.3,94.2,1002.7,2.0,2.4,2.0,cma,65.0
202107130600,54857.0,1.0,9.0,4.0,66.0,140.0,2.0,24.4,22.8,90.8,1002.1,7.0,0.7,2.0,cma,15.0
202107130700,54857.0,1.0,9.0,4.0,66.0,140.0,2.0,24.4,22.8,90.8,1002.1,7.0,0.7,2.0,cma,15.0
202107130800,54857.0,1.0,9.0,4.0,66.0,140.0,2.0,24.4,22.8,90.8,1002.1,7.0,0.7,2.0,cma,15.0
202107130900,54857.0,1.0,9.0,4.0,13.0,130.0,2.0,24.4,23.7,95.9,1001.6,7.0,0.5,2.0,cma,46.0
202107131000,54857.0,1.0,9.0,4.0,13.0,130.0,2.0,24.4,23.7,95.9,1001.6,7.0,0.5,2.0,cma,46.0
202107131100,54857.0,1.0,9.0,4.0,13.0,130.0,2.0,24.4,23.7,95.9,1001.6,7.0,0.5,2.0,cma,46.0
202107131200,54857.0,1.0,9.0,4.0,5.0,200.0,2.0,25.0,24.7,98.2,1002.5,2.0,0.9,2.0,cma,24.0
202107131300,54857.0,1.0,9.0,4.0,5.0,200.0,2.0,25.0,24.7,98.2,1002.5,2.0,0.9,2.0,cma,24.0
202107131400,54857.0,1.0,9.0,4.0,5.0,200.0,2.0,25.0,24.7,98.2,1002.5,2.0,0.9,2.0,cma,24.0
202107131500,54857.0,1.0,9.0,4.0,31.0,160.0,2.0,25.3,24.4,94.8,1002.9,2.0,0.4,2.0,cma,11.0
202107131600,54857.0,1.0,9.0,4.0,31.0,160.0,2.0,25.3,24.4,94.8,1002.9,2.0,0.4,2.0,cma,11.0
202107131700,54857.0,1.0,9.0,4.0,31.0,160.0,2.0,25.3,24.4,94.8,1002.9,2.0,0.4,2.0,cma,11.0
202107131800,54857.0,1.0,9.0,4.0,40.0,140.0,2.0,25.2,24.0,93.1,1002.8,7.0,0.1,2.0,cma,16.0
202107131900,54857.0,1.0,9.0,4.0,40.0,140.0,2.0,25.2,24.0,93.1,1002.8,7.0,0.1,2.0,cma,16.0
202107132000,54857.0,1.0,9.0,4.0,40.0,140.0,2.0,25.2,24.0,93.1,1002.8,7.0,0.1,2.0,cma,16.0
202107132100,54857.0,1.0,9.0,4.0,37.0,150.0,4.0,25.0,23.8,93.1,1003.9,2.0,1.1,2.0,cma,61.0
202107132200,54857.0,1.0,9.0,4.0,37.0,150.0,4.0,25.0,23.8,93.1,1003.9,2.0,1.1,2.0,cma,61.0
202107132300,54857.0,1.0,9.0,4.0,37.0,150.0,4.0,25.0,23.8,93.1,1003.9,2.0,1.1,2.0,cma,61.0
202107140000,54857.0,1.0,9.0,4.0,58.0,140.0,3.0,27.0,24.6,86.7,1005.0,2.0,1.1,2.0,cma,27.0
202107140100,54857.0,1.0,9.0,4.0,58.0,140.0,3.0,27.0,24.6,86.7,1005.0,2.0,1.1,2.0,cma,27.0
202107140200,54857.0,1.0,9.0,4.0,58.0,140.0,3.0,27.0,24.6,86.7,1005.0,2.0,1.1,2.0,cma,27.0
202107140300,54857.0,1.0,9.0,4.0,58.0,140.0,4.0,26.7,24.5,87.8,1004.7,7.0,0.3,2.0,cma,59.0
202107140400,54857.0,1.0,9.0,4.0,58.0,140.0,4.0,26.7,24.5,87.8,1004.7,7.0,0.3,2.0,cma,59.0
202107140500,54857.0,1.0,9.0,4.0,58.0,140.0,4.0,26.7,24.5,87.8,1004.7,7.0,0.3,2.0,cma,59.0
202107140600,54857.0,1.0,9.0,4.0,50.0,150.0,3.0,26.5,24.7,89.9,1004.1,7.0,0.6,2.0,cma,33.0
202107140700,54857.0,1.0,9.0,4.0,50.0,150.0,3.0,26.5,24.7,89.9,1004.1,7.0,0.6,2.0,cma,33.0
202107140800,54857.0,1.0,9.0,4.0,50.0,150.0,3.0,26.5,24.7,89.9,1004.1,7.0,0.6,2.0,cma,33.0
202107140900,54857.0,1.0,9.0,4.0,64.0,190.0,4.0,23.1,21.5,90.7,1004.7,2.0,0.5,2.0,cma,54.0
202107141000,54857.0,1.0,9.0,4.0,64.0,190.0,4.0,23.1,21.5,90.7,1004.7,2.0,0.5,2.0,cma,54.0
202107141100,54857.0,1.0,9.0,4.0,64.0,190.0,4.0,23.1,21.5,90.7,1004.7,2.0,0.5,2.0,cma,54.0
202107141200,54857.0,1.0,9.0,4.0,63.0,160.0,3.0,23.2,22.0,93.0,1006.4,2.0,1.7,2.0,cma,25.0
202107141300,54857.0,1.0,9.0,4.0,63.0,160.0,3.0,23.2,22.0,93.0,1006.4,2.0,1.7,2.0,cma,25.0
202107141400,54857.0,1.0,9.0,4.0,63.0,160.0,3.0,23.2,22.0,93.0,1006.4,2.0,1.7,2.0,cma,25.0
202107141500,54857.0,1.0,9.0,4.0,65.0,140.0,2.0,23.0,22.0,94.1,1007.0,2.0,0.6,2.0,cma,75.0
202107141600,54857.0,1.0,9.0,4.0,65.0,140.0,2.0,23.0,22.0,94.1,1007.0,2.0,0.6,2.0,cma,75.0
202107141700,54857.0,1.0,9.0,4.0,65.0,140.0,2.0,23.0,22.0,94.1,1007.0,2.0,0.6,2.0,cma,75.0
202107141800,54857.0,1.0,9.0,4.0,80.0,130.0,2.0,23.5,21.2,86.9,1007.4,2.0,0.4,2.0,cma,5.0
202107141900,54857.0,1.0,9.0,4.0,80.0,130.0,2.0,23.5,21.2,86.9,1007.4,2.0,0.4,2.0,cma,5.0
202107142000,54857.0,1.0,9.0,4.0,80.0,130.0,2.0,23.5,21.2,86.9,1007.4,2.0,0.4,2.0,cma,5.0
202107142100,54857.0,1.0,9.0,4.0,74.0,120.0,2.0,23.3,21.7,90.7,1008.2,2.0,0.8,2.0,cma,36.0
202107142200,54857.0,1.0,9.0,4.0,74.0,120.0,2.0,23.3,21.7,90.7,1008.2,2.0,0.8,2.0,cma,36.0
202107142300,54857.0,1.0,9.0,4.0,74.0,120.0,2.0,23.3,21.7,90.7,1008.2,2.0,0.8,2.0,cma,36.0
202107150000,54857.0,1.0,9.0,4.0,80.0,110.0,3.0,24.4,22.7,90.3,1008.8,2.0,0.6,2.0,cma,23.0
202107150100,54857.0,1.0,9.0,4.0,80.0,110.0,3.0,24.4,22.7,90.3,1008.8,2.0,0.6,2.0,cma,23.0
202107150200,54857.0,1.0,9.0,4.0,80.0,110.0,3.0,24.4,22.7,90.3,1008.8,2.0,0.6,2.0,cma,23.0
202107150300,54857.0,1.0,9.0,4.0,74.0,130.0,3.0,24.5,22.2,87.0,1009.3,2.0,0.5,2.0,cma,10.0
202107150400,54857.0,1.0,9.0,4.0,74.0,130.0,3.0,24.5,22.2,87.0,1009.3,2.0,0.5,2.0,cma,10.0
202107150500,54857.0,1.0,9.0,4.0,74.0,130.0,3.0,24.5,22.2,87.0,1009.3,2.0,0.5,2.0,cma,10.0
202107150600,54857.0,1.0,9.0,4.0,75.0,120.0,4.0,25.0,22.7,87.1,1009.5,2.0,0.2,2.0,cma,19.0
202107150700,54857.0,1.0,9.0,4.0,75.0,120.0,4.0,25.0,22.7,87.1,1009.5,2.0,0.2,2.0,cma,19.0
202107150800,54857.0,1.0,9.0,4.0,75.0,120.0,4.0,25.0,22.7,87.1,1009.5,2.0,0.2,2.0,cma,19.0
202107150900,54857.0,1.0,9.0,4.0,8.0,140.0,2.0,24.5,24.0,97.0,1008.2,7.0,1.3,2.0,cma,22.0
202107151000,54857.0,1.0,9.0,4.0,8.0,140.0,2.0,24.5,24.0,97.0,1008.2,7.0,1.3,2.0,cma,22.0
202107151100,54857.0,1.0,9.0,4.0,8.0,140.0,2.0,24.5,24.0,97.0,1008.2,7.0,1.3,2.0,cma,22.0
202107151200,54857.0,1.0,9.0,4.0,5.0,130.0,2.0,24.4,24.1,98.2,1010.0,2.0,1.8,2.0,cma,6.0
202107151300,54857.0,1.0,9.0,4.0,5.0,130.0,2.0,24.4,24.1,98.2,1010.0,2.0,1.8,2.0,cma,6.0
202107151400,54857.0,1.0,9.0,4.0,5.0,130.0,2.0,24.4,24.1,98.2,1010.0,2.0,1.8,2.0,cma,6.0
202107151500,54857.0,1.0,9.0,4.0,3.0,120.0,3.0,24.3,24.0,98.2,1010.1,2.0,0.1,2.0,cma,16.0
202107151600,54857.0,1.0,9.0,4.0,3.0,120.0,3.0,24.3,24.0,98.2,1010.1,2.0,0.1,2.0,cma,16.0
202107151700,54857.0,1.0,9.0,4.0,3.0,120.0,3.0,24.3,24.0,98.2,1010.1,2.0,0.1,2.0,cma,16.0
202107151800,54857.0,1.0,9.0,4.0,56.0,170.0,4.0,23.8,23.3,97.0,1011.8,2.0,1.7,2.0,cma,22.0
202107151900,54857.0,1.0,9.0,4.0,56.0,170.0,4.0,23.8,23.3,97.0,1011.8,2.0,1.7,2.0,cma,22.0
202107152000,54857.0,1.0,9.0,4.0,56.0,170.0,4.0,23.8,23.3,97.0,1011.8,2.0,1.7,2.0,cma,22.0
202107152100,54857.0,1.0,9.0,4.0,45.0,120.0,5.0,23.9,23.6,98.2,1010.1,7.0,1.7,2.0,cma,27.0
202107152200,54857.0,1.0,9.0,4.0,45.0,120.0,5.0,23.9,23.6,98.2,1010.1,7.0,1.7,2.0,cma,27.0
202107152300,54857.0,1.0,9.0,4.0,45.0,120.0,5.0,23.9,23.6,98.2,1010.1,7.0,1.7,2.0,cma,27.0
202107160000,54857.0,1.0,9.0,4.0,60.0,140.0,3.0,23.8,23.0,95.3,1011.4,2.0,1.3,2.0,cma,17.0
202107160100,54857.0,1.0,9.0,4.0,60.0,140.0,3.0,23.8,23.0,95.3,1011.4,2.0,1.3,2.0,cma,17.0
202107160200,54857.0,1.0,9.0,4.0,60.0,140.0,3.0,23.8,23.0,95.3,1011.4,2.0,1.3,2.0,cma,17.0
202107160300,54857.0,1.0,9.0,4.0,65.0,170.0,3.0,22.9,22.1,95.3,1010.9,7.0,0.5,2.0,cma,23.0
202107160400,54857.0,1.0,9.0,4.0,65.0,170.0,3.0,22.9,22.1,95.3,1010.9,7.0,0.5,2.0,cma,23.0
202107160500,54857.0,1.0,9.0,4.0,65.0,170.0,3.0,22.9,22.1,95.3,1010.9,7.0,0.5,2.0,cma,23.0
202107160600,54857.0,1.0,9.0,4.0,80.0,180.0,3.0,24.2,21.7,86.0,1010.9,4.0,0.0,2.0,cma,10.0
202107160700,54857.0,1.0,9.0,4.0,80.0,180.0,3.0,24.2,21.7,86.0,1010.9,4.0,0.0,2.0,cma,10.0
202107160800,54857.0,1.0,9.0,4.0,80.0,180.0,3.0,24.2,21.7,86.0,1010.9,4.0,0.0,2.0,cma,10.0
202107160900,54857.0,1.0,9.0,4.0,80.0,130.0,4.0,24.8,21.9,83.9,1009.7,7.0,1.2,2.0,cma,27.0
202107161000,54857.0,1.0,9.0,4.0,80.0,130.0,4.0,24.8,21.9,83.9,1009.7,7.0,1.2,2.0,cma,27.0
202107161100,54857.0,1.0,9.0,4.0,80.0,130.0,4.0,24.8,21.9,83.9,1009.7,7.0,1.2,2.0,cma,27.0
202107161200,54857.0,1.0,9.0,4.0,56.0,130.0,5.0,24.4,23.5,94.7,1009.8,2.0,0.1,2.0,cma,9.0
202107161300,54857.0,1.0,9.0,4.0,56.0,130.0,5.0,24.4,23.5,94.7,1009.8,2.0,0.1,2.0,cma,9.0
202107161400,54857.0,1.0,9.0,4.0,56.0,130.0,5.0,24.4,23.5,94.7,1009.8,2.0,0.1,2.0,cma,9.0
202107161500,54857.0,1.0,9.0,4.0,58.0,120.0,4.0,24.3,23.6,95.9,1010.2,2.0,0.4,2.0,cma,4.0
202107161600,54857.0,1.0,9.0,4.0,58.0,120.0,4.0,24.3,23.6,95.9,1010.2,2.0,0.4,2.0,cma,4.0
202107161700,54857.0,1.0,9.0,4.0,58.0,120.0,4.0,24.3,23.6,95.9,1010.2,2.0,0.4,2.0,cma,4.0
202107161800,54857.0,1.0,9.0,4.0,9.0,190.0,2.0,23.2,22.9,98.2,1009.7,7.0,0.5,2.0,cma,3.0
202107161900,54857.0,1.0,9.0,4.0,9.0,190.0,2.0,23.2,22.9,98.2,1009.7,7.0,0.5,2.0,cma,3.0
202107162000,54857.0,1.0,9.0,4.0,9.0,190.0,2.0,23.2,22.9,98.2,1009.7,7.0,0.5,2.0,cma,3.0
202107162100,54857.0,1.0,9.0,4.0,58.0,120.0,3.0,22.9,22.4,97.0,1009.8,2.0,0.1,2.0,cma,15.0
202107162200,54857.0,1.0,9.0,4.0,58.0,120.0,3.0,22.9,22.4,97.0,1009.8,2.0,0.1,2.0,cma,15.0
202107162300,54857.0,1.0,9.0,4.0,58.0,120.0,3.0,22.9,22.4,97.0,1009.8,2.0,0.1,2.0,cma,15.0
202107170000,54857.0,1.0,9.0,4.0,6.0,140.0,4.0,23.8,23.3,97.0,1010.9,2.0,1.1,2.0,cma,16.0
202107170100,54857.0,1.0,9.0,4.0,6.0,140.0,4.0,23.8,23.3,97.0,1010.9,2.0,1.1,2.0,cma,16.0
202107170200,54857.0,1.0,9.0,4.0,6.0,140.0,4.0,23.8,23.3,97.0,1010.9,2.0,1.1,2.0,cma,16.0
202107170300,54857.0,1.0,9.0,4.0,80.0,120.0,5.0,27.1,23.8,82.2,1010.4,7.0,0.5,2.0,cma,17.0
202107170400,54857.0,1.0,9.0,4.0,80.0,120.0,5.0,27.1,23.8,82.2,1010.4,7.0,0.5,2.0,cma,17.0
202107170500,54857.0,1.0,9.0,4.0,80.0,120.0,5.0,27.1,23.8,82.2,1010.4,7.0,0.5,2.0,cma,17.0
202107170600,54857.0,1.0,9.0,4.0,73.0,120.0,6.0,27.2,24.1,83.2,1009.9,7.0,0.5,2.0,cma,11.0
202107170700,54857.0,1.0,9.0,4.0,73.0,120.0,6.0,27.2,24.1,83.2,1009.9,7.0,0.5,2.0,cma,11.0
202107170800,54857.0,1.0,9.0,4.0,73.0,120.0,6.0,27.2,24.1,83.2,1009.9,7.0,0.5,2.0,cma,11.0
202107170900,54857.0,1.0,9.0,4.0,69.0,130.0,3.0,26.1,23.8,87.2,1009.3,7.0,0.6,2.0,cma,29.0
202107171000,54857.0,1.0,9.0,4.0,69.0,130.0,3.0,26.1,23.8,87.2,1009.3,7.0,0.6,2.0,cma,29.0
202107171100,54857.0,1.0,9.0,4.0,69.0,130.0,3.0,26.1,23.8,87.2,1009.3,7.0,0.6,2.0,cma,29.0
202107171200,54857.0,1.0,9.0,4.0,61.0,110.0,4.0,24.7,23.1,90.8,1009.4,2.0,0.1,2.0,cma,1.0
202107171300,54857.0,1.0,9.0,4.0,61.0,110.0,4.0,24.7,23.1,90.8,1009.4,2.0,0.1,2.0,cma,1.0
202107171400,54857.0,1.0,9.0,4.0,61.0,110.0,4.0,24.7,23.1,90.8,1009.4,2.0,0.1,2.0,cma,1.0
202107171500,54857.0,1.0,9.0,4.0,60.0,120.0,4.0,24.4,23.2,93.0,1010.3,2.0,0.9,2.0,cma,20.0
202107171600,54857.0,1.0,9.0,4.0,60.0,120.0,4.0,24.4,23.2,93.0,1010.3,2.0,0.9,2.0,cma,20.0
202107171700,54857.0,1.0,9.0,4.0,60.0,120.0,4.0,24.4,23.2,93.0,1010.3,2.0,0.9,2.0,cma,20.0
202107171800,54857.0,1.0,9.0,4.0,57.0,130.0,3.0,24.4,23.5,94.7,1009.7,7.0,0.6,2.0,cma,15.0
202107171900,54857.0,1.0,9.0,4.0,57.0,130.0,3.0,24.4,23.5,94.7,1009.7,7.0,0.6,2.0,cma,15.0
202107172000,54857.0,1.0,9.0,4.0,57.0,130.0,3.0,24.4,23.5,94.7,1009.7,7.0,0.6,2.0,cma,15.0
202107172100,54857.0,1.0,9.0,4.0,60.0,120.0,3.0,24.2,23.0,93.0,1009.5,7.0,0.2,2.0,cma,33.0
202107172200,54857.0,1.0,9.0,4.0,60.0,120.0,3.0,24.2,23.0,93.0,1009.5,7.0,0.2,2.0,cma,33.0
202107172300,54857.0,1.0,9.0,4.0,60.0,120.0,3.0,24.2,23.0,93.0,1009.5,7.0,0.2,2.0,cma,33.0
202107180000,54857.0,1.0,9.0,4.0,68.0,140.0,3.0,25.6,23.1,86.1,1010.3,2.0,0.8,2.0,cma,25.0
202107180100,54857.0,1.0,9.0,4.0,68.0,140.0,3.0,25.6,23.1,86.1,1010.3,2.0,0.8,2.0,cma,25.0
202107180200,54857.0,1.0,9.0,4.0,68.0,140.0,3.0,25.6,23.1,86.1,1010.3,2.0,0.8,2.0,cma,25.0
202107180300,54857.0,1.0,9.0,4.0,80.0,130.0,4.0,27.0,22.8,77.8,1010.7,2.0,0.4,2.0,cma,36.0
202107180400,54857.0,1.0,9.0,4.0,80.0,130.0,4.0,27.0,22.8,77.8,1010.7,2.0,0.4,2.0,cma,36.0
202107180500,54857.0,1.0,9.0,4.0,80.0,130.0,4.0,27.0,22.8,77.8,1010.7,2.0,0.4,2.0,cma,36.0
202107180600,54857.0,1.0,9.0,4.0,80.0,140.0,3.0,27.6,23.2,77.0,1009.5,7.0,1.2,2.0,cma,17.0
202107180700,54857.0,1.0,9.0,4.0,80.0,140.0,3.0,27.6,23.2,77.0,1009.5,7.0,1.2,2.0,cma,17.0
202107180800,54857.0,1.0,9.0,4.0,80.0,140.0,3.0,27.6,23.2,77.0,1009.5,7.0,1.2,2.0,cma,17.0
202107180900,54857.0,1.0,9.0,4.0,80.0,120.0,3.0,26.3,23.2,83.1,1008.8,7.0,0.7,2.0,cma,24.0
202107181000,54857.0,1.0,9.0,4.0,80.0,120.0,3.0,26.3,23.2,83.1,1008.8,7.0,0.7,2.0,cma,24.0
202107181100,54857.0,1.0,9.0,4.0,80.0,120.0,3.0,26.3,23.2,83.1,1008.8,7.0,0.7,2.0,cma,24.0
202107181200,54857.0,1.0,9.0,4.0,70.0,130.0,3.0,24.8,23.0,89.7,1009.5,2.0,0.7,2.0,cma,7.0
202107181300,54857.0,1.0,9.0,4.0,70.0,130.0,3.0,24.8,23.0,89.7,1009.5,2.0,0.7,2.0,cma,7.0
202107181400,54857.0,1.0,9.0,4.0,70.0,130.0,3.0,24.8,23.0,89.7,1009.5,2.0,0.7,2.0,cma,7.0
202107181500,54857.0,1.0,9.0,4.0,69.0,130.0,2.0,24.6,23.0,90.8,1010.6,2.0,1.1,2.0,cma,13.0
202107181600,54857.0,1.0,9.0,4.0,69.0,130.0,2.0,24.6,23.0,90.8,1010.6,2.0,1.1,2.0,cma,13.0
202107181700,54857.0,1.0,9.0,4.0,69.0,130.0,2.0,24.6,23.0,90.8,1010.6,2.0,1.1,2.0,cma,13.0
202107181800,54857.0,1.0,9.0,4.0,78.0,110.0,2.0,24.1,22.7,91.9,1009.7,7.0,0.9,2.0,cma,17.0
202107181900,54857.0,1.0,9.0,4.0,78.0,110.0,2.0,24.1,22.7,91.9,1009.7,7.0,0.9,2.0,cma,17.0
202107182000,54857.0,1.0,9.0,4.0,78.0,110.0,2.0,24.1,22.7,91.9,1009.7,7.0,0.9,2.0,cma,17.0
202107182100,54857.0,1.0,9.0,4.0,80.0,120.0,2.0,23.9,22.9,94.1,1009.9,2.0,0.2,2.0,cma,31.0
202107182200,54857.0,1.0,9.0,4.0,80.0,120.0,2.0,23.9,22.9,94.1,1009.9,2.0,0.2,2.0,cma,31.0
202107182300,54857.0,1.0,9.0,4.0,80.0,120.0,2.0,23.9,22.9,94.1,1009.9,2.0,0.2,2.0,cma,31.0
202107190000,54857.0,1.0,9.0,4.0,80.0,130.0,2.0,26.6,22.9,80.2,1010.6,2.0,0.7,2.0,cma,21.0
202107190100,54857.0,1.0,9.0,4.0,80.0,130.0,2.0,26.6,22.9,80.2,1010.6,2.0,0.7,2.0,cma,21.0
202107190200,54857.0,1.0,9.0,4.0,80.0,130.0,2.0,26.6,22.9,80.2,1010.6,2.0,0.7,2.0,cma,21.0
202107190300,54857.0,1.0,9.0,4.0,80.0,160.0,3.0,27.8,22.3,72.1,1011.1,2.0,0.5,2.0,cma,27.0
202107190400,54857.0,1.0,9.0,4.0,80.0,160.0,3.0,27.8,22.3,72.1,1011.1,2.0,0.5,2.0,cma,27.0
202107190500,54857.0,1.0,9.0,4.0,80.0,160.0,3.0,27.8,22.3,72.1,1011.1,2.0,0.5,2.0,cma,27.0
202107190600,54857.0,1.0,9.0,4.0,71.0,150.0,4.0,27.2,23.0,77.9,1010.6,7.0,0.5,2.0,cma,14.0
202107190700,54857.0,1.0,9.0,4.0,71.0,150.0,4.0,27.2,23.0,77.9,1010.6,7.0,0.5,2.0,cma,14.0
202107190800,54857.0,1.0,9.0,4.0,71.0,150.0,4.0,27.2,23.0,77.9,1010.6,7.0,0.5,2.0,cma,14.0
202107190900,54857.0,1.0,9.0,4.0,80.0,150.0,3.0,26.5,23.6,84.1,1009.9,7.0,0.7,2.0,cma,19.0
202107191000,54857.0,1.0,9.0,4.0,80.0,150.0,3.0,26.5,23.6,84.1,1009.9,7.0,0.7,2.0,cma,19.0
202107191100,54857.0,1.0,9.0,4.0,80.0,150.0,3.0,26.5,23.6,84.1,1009.9,7.0,0.7,2.0,cma,19.0
202107191200,54857.0,1.0,9.0,4.0,80.0,120.0,2.0,25.1,23.3,89.8,1011.0,2.0,1.1,2.0,cma,3.0
202107191300,54857.0,1.0,9.0,4.0,80.0,120.0,2.0,25.1,23.3,89.8,1011.0,2.0,1.1,2.0,cma,3.0
202107191400,54857.0,1.0,9.0,4.0,80.0,120.0,2.0,25.1,23.3,89.8,1011.0,2.0,1.1,2.0,cma,3.0
202107191500,54857.0,1.0,9.0,4.0,76.0,120.0,2.0,24.7,23.5,93.1,1011.4,2.0,0.4,2.0,cma,19.0
202107191600,54857.0,1.0,9.0,4.0,76.0,120.0,2.0,24.7,23.5,93.1,1011.4,2.0,0.4,2.0,cma,19.0
202107191700,54857.0,1.0,9.0,4.0,76.0,120.0,2.0,24.7,23.5,93.1,1011.4,2.0,0.4,2.0,cma,19.0
202107191800,54857.0,1.0,9.0,4.0,78.0,120.0,3.0,25.3,24.1,93.1,1011.3,7.0,0.1,2.0,cma,12.0
202107191900,54857.0,1.0,9.0,4.0,78.0,120.0,3.0,25.3,24.1,93.1,1011.3,7.0,0.1,2.0,cma,12.0
202107192000,54857.0,1.0,9.0,4.0,78.0,120.0,3.0,25.3,24.1,93.1,1011.3,7.0,0.1,2.0,cma,12.0
202107192100,54857.0,1.0,9.0,4.0,62.0,130.0,3.0,25.4,24.5,94.8,1011.8,2.0,0.5,2.0,cma,15.0
202107192200,54857.0,1.0,9.0,4.0,62.0,130.0,3.0,25.4,24.5,94.8,1011.8,2.0,0.5,2.0,cma,15.0
202107192300,54857.0,1.0,9.0,4.0,62.0,130.0,3.0,25.4,24.5,94.8,1011.8,2.0,0.5,2.0,cma,15.0
202107200000,54857.0,1.0,9.0,4.0,78.0,140.0,3.0,26.4,24.6,89.9,1012.7,2.0,0.9,2.0,cma,23.0
202107200100,54857.0,1.0,9.0,4.0,78.0,140.0,3.0,26.4,24.6,89.9,1012.7,2.0,0.9,2.0,cma,23.0
202107200200,54857.0,1.0,9.0,4.0,78.0,140.0,3.0,26.4,24.6,89.9,1012.7,2.0,0.9,2.0,cma,23.0
202107200300,54857.0,1.0,9.0,4.0,71.0,140.0,3.0,27.2,24.8,86.8,1013.5,2.0,0.8,2.0,cma,23.0
202107200400,54857.0,1.0,9.0,4.0,71.0,140.0,3.0,27.2,24.8,86.8,1013.5,2.0,0.8,2.0,cma,23.0
202107200500,54857.0,1.0,9.0,4.0,71.0,140.0,3.0,27.2,24.8,86.8,1013.5,2.0,0.8,2.0,cma,23.0
202107200600,54857.0,1.0,9.0,4.0,78.0,130.0,4.0,27.2,24.8,86.8,1012.7,7.0,0.8,2.0,cma,15.0
202107200700,54857.0,1.0,9.0,4.0,78.0,130.0,4.0,27.2,24.8,86.8,1012.7,7.0,0.8,2.0,cma,15.0
202107200800,54857.0,1.0,9.0,4.0,78.0,130.0,4.0,27.2,24.8,86.8,1012.7,7.0,0.8,2.0,cma,15.0
202107200900,54857.0,1.0,9.0,4.0,80.0,130.0,3.0,26.8,24.6,87.8,1011.6,7.0,1.1,2.0,cma,19.0
202107201000,54857.0,1.0,9.0,4.0,80.0,130.0,3.0,26.8,24.6,87.8,1011.6,7.0,1.1,2.0,cma,19.0
202107201100,54857.0,1.0,9.0,4.0,80.0,130.0,3.0,26.8,24.6,87.8,1011.6,7.0,1.1,2.0,cma,19.0
202107201200,54857.0,1.0,9.0,4.0,80.0,120.0,4.0,26.0,24.6,92.0,1012.5,2.0,0.9,2.0,cma,13.0
202107201300,54857.0,1.0,9.0,4.0,80.0,120.0,4.0,26.0,24.6,92.0,1012.5,2.0,0.9,2.0,cma,13.0
202107201400,54857.0,1.0,9.0,4.0,80.0,120.0,4.0,26.0,24.6,92.0,1012.5,2.0,0.9,2.0,cma,13.0
202107201500,54857.0,1.0,9.0,4.0,80.0,120.0,4.0,25.8,23.8,88.7,1012.8,2.0,0.3,2.0,cma,24.0
202107201600,54857.0,1.0,9.0,4.0,80.0,120.0,4.0,25.8,23.8,88.7,1012.8,2.0,0.3,2.0,cma,24.0
202107201700,54857.0,1.0,9.0,4.0,80.0,120.0,4.0,25.8,23.8,88.7,1012.8,2.0,0.3,2.0,cma,24.0
202107201800,54857.0,1.0,9.0,4.0,69.0,120.0,3.0,25.2,24.0,93.1,1012.7,7.0,0.1,2.0,cma,12.0
202107201900,54857.0,1.0,9.0,4.0,69.0,120.0,3.0,25.2,24.0,93.1,1012.7,7.0,0.1,2.0,cma,12.0
202107202000,54857.0,1.0,9.0,4.0,69.0,120.0,3.0,25.2,24.0,93.1,1012.7,7.0,0.1,2.0,cma,12.0
202107202100,54857.0,1.0,9.0,4.0,73.0,120.0,3.0,25.1,23.9,93.1,1012.7,4.0,0.0,2.0,cma,25.0
202107202200,54857.0,1.0,9.0,4.0,73.0,120.0,3.0,25.1,23.9,93.1,1012.7,4.0,0.0,2.0,cma,25.0
202107202300,54857.0,1.0,9.0,4.0,73.0,120.0,3.0,25.1,23.9,93.1,1012.7,4.0,0.0,2.0,cma,25.0
202107210000,54857.0,1.0,9.0,4.0,80.0,120.0,3.0,27.6,24.4,82.8,1013.2,2.0,0.5,2.0,cma,15.0
202107210100,54857.0,1.0,9.0,4.0,80.0,120.0,3.0,27.6,24.4,82.8,1013.2,2.0,0.5,2.0,cma,15.0
202107210200,54857.0,1.0,9.0,4.0,80.0,120.0,3.0,27.6,24.4,82.8,1013.2,2.0,0.5,2.0,cma,15.0
202107210300,54857.0,1.0,9.0,4.0,80.0,140.0,3.0,29.3,23.0,68.9,1013.2,2.0,0.1,2.0,cma,26.0
202107210400,54857.0,1.0,9.0,4.0,80.0,140.0,3.0,29.3,23.0,68.9,1013.2,2.0,0.1,2.0,cma,26.0
202107210500,54857.0,1.0,9.0,4.0,80.0,140.0,3.0,29.3,23.0,68.9,1013.2,2.0,0.1,2.0,cma,26.0
202107210600,54857.0,1.0,9.0,4.0,80.0,130.0,4.0,29.5,22.5,66.1,1011.8,7.0,1.4,2.0,cma,10.0
202107210700,54857.0,1.0,9.0,4.0,80.0,130.0,4.0,29.5,22.5,66.1,1011.8,7.0,1.4,2.0,cma,10.0
202107210800,54857.0,1.0,9.0,4.0,80.0,130.0,4.0,29.5,22.5,66.1,1011.8,7.0,1.4,2.0,cma,10.0
202107210900,54857.0,1.0,9.0,4.0,80.0,130.0,4.0,27.5,23.5,78.9,1011.0,7.0,0.9,2.0,cma,17.0
202107211000,54857.0,1.0,9.0,4.0,80.0,130.0,4.0,27.5,23.5,78.9,1011.0,7.0,0.9,2.0,cma,17.0
202107211100,54857.0,1.0,9.0,4.0,80.0,130.0,4.0,27.5,23.5,78.9,1011.0,7.0,0.9,2.0,cma,17.0
202107211200,54857.0,1.0,9.0,4.0,75.0,120.0,3.0,26.0,23.5,86.1,1011.9,2.0,0.9,2.0,cma,9.0
202107211300,54857.0,1.0,9.0,4.0,75.0,120.0,3.0,26.0,23.5,86.1,1011.9,2.0,0.9,2.0,cma,9.0
202107211400,54857.0,1.0,9.0,4.0,75.0,120.0,3.0,26.0,23.5,86.1,1011.9,2.0,0.9,2.0,cma,9.0
202107211500,54857.0,1.0,9.0,4.0,80.0,110.0,2.0,25.7,20.9,74.8,1011.9,2.0,0.1,2.0,cma,12.0
202107211600,54857.0,1.0,9.0,4.0,80.0,110.0,2.0,25.7,20.9,74.8,1011.9,2.0,0.1,2.0,cma,12.0
202107211700,54857.0,1.0,9.0,4.0,80.0,110.0,2.0,25.7,20.9,74.8,1011.9,2.0,0.1,2.0,cma,12.0
202107211800,54857.0,1.0,9.0,4.0,65.0,120.0,3.0,25.0,23.4,90.9,1011.2,7.0,0.7,2.0,cma,22.0
202107211900,54857.0,1.0,9.0,4.0,65.0,120.0,3.0,25.0,23.4,90.9,1011.2,7.0,0.7,2.0,cma,22.0
202107212000,54857.0,1.0,9.0,4.0,65.0,120.0,3.0,25.0,23.4,90.9,1011.2,7.0,0.7,2.0,cma,22.0
202107212100,54857.0,1.0,9.0,4.0,50.0,110.0,2.0,25.0,23.8,93.1,1010.9,7.0,0.4,2.0,cma,37.0
202107212200,54857.0,1.0,9.0,4.0,50.0,110.0,2.0,25.0,23.8,93.1,1010.9,7.0,0.4,2.0,cma,37.0
202107212300,54857.0,1.0,9.0,4.0,50.0,110.0,2.0,25.0,23.8,93.1,1010.9,7.0,0.4,2.0,cma,37.0
202107220000,54857.0,1.0,9.0,4.0,74.0,120.0,2.0,28.6,24.0,76.2,1011.0,2.0,0.2,2.0,cma,10.0
202107220100,54857.0,1.0,9.0,4.0,74.0,120.0,2.0,28.6,24.0,76.2,1011.0,2.0,0.2,2.0,cma,10.0
202107220200,54857.0,1.0,9.0,4.0,74.0,120.0,2.0,28.6,24.0,76.2,1011.0,2.0,0.2,2.0,cma,10.0
202107220300,54857.0,1.0,9.0,4.0,78.0,130.0,3.0,29.6,24.0,71.9,1011.1,2.0,0.1,2.0,cma,31.0
202107220400,54857.0,1.0,9.0,4.0,78.0,130.0,3.0,29.6,24.0,71.9,1011.1,2.0,0.1,2.0,cma,31.0
202107220500,54857.0,1.0,9.0,4.0,78.0,130.0,3.0,29.6,24.0,71.9,1011.1,2.0,0.1,2.0,cma,31.0
202107220600,54857.0,1.0,9.0,4.0,80.0,150.0,4.0,29.9,21.3,60.0,1009.9,7.0,1.2,2.0,cma,26.0
202107220700,54857.0,1.0,9.0,4.0,80.0,150.0,4.0,29.9,21.3,60.0,1009.9,7.0,1.2,2.0,cma,26.0
202107220800,54857.0,1.0,9.0,4.0,80.0,150.0,4.0,29.9,21.3,60.0,1009.9,7.0,1.2,2.0,cma,26.0
202107220900,54857.0,1.0,9.0,4.0,80.0,120.0,3.0,29.2,21.4,62.9,1009.1,7.0,0.8,2.0,cma,42.0
202107221000,54857.0,1.0,9.0,4.0,80.0,120.0,3.0,29.2,21.4,62.9,1009.1,7.0,0.8,2.0,cma,42.0
202107221100,54857.0,1.0,9.0,4.0,80.0,120.0,3.0,29.2,21.4,62.9,1009.1,7.0,0.8,2.0,cma,42.0
202107221200,54857.0,1.0,9.0,4.0,80.0,120.0,3.0,29.2,21.4,62.9,1009.1,7.0,0.8,2.0,cma,42.0
202107221300,54857.0,1.0,9.0,4.0,80.0,120.0,3.0,29.2,21.4,62.9,1009.1,7.0,0.8,2.0,cma,42.0
202107221400,54857.0,1.0,9.0,4.0,80.0,120.0,3.0,29.2,21.4,62.9,1009.1,7.0,0.8,2.0,cma,42.0
202107221500,54857.0,1.0,9.0,4.0,58.0,130.0,2.0,25.8,24.6,93.1,1009.9,2.0,0.5,2.0,cma,19.0
202107221600,54857.0,1.0,9.0,4.0,58.0,130.0,2.0,25.8,24.6,93.1,1009.9,2.0,0.5,2.0,cma,19.0
202107221700,54857.0,1.0,9.0,4.0,58.0,130.0,2.0,25.8,24.6,93.1,1009.9,2.0,0.5,2.0,cma,19.0
202107221800,54857.0,1.0,9.0,4.0,62.0,130.0,2.0,25.5,24.1,92.0,1009.3,7.0,0.6,2.0,cma,37.0
202107221900,54857.0,1.0,9.0,4.0,62.0,130.0,2.0,25.5,24.1,92.0,1009.3,7.0,0.6,2.0,cma,37.0
202107222000,54857.0,1.0,9.0,4.0,62.0,130.0,2.0,25.5,24.1,92.0,1009.3,7.0,0.6,2.0,cma,37.0
202107222100,54857.0,1.0,9.0,4.0,61.0,100.0,1.0,25.0,23.8,93.1,1009.3,4.0,0.0,2.0,cma,55.0
202107222200,54857.0,1.0,9.0,4.0,61.0,100.0,1.0,25.0,23.8,93.1,1009.3,4.0,0.0,2.0,cma,55.0
202107222300,54857.0,1.0,9.0,4.0,61.0,100.0,1.0,25.0,23.8,93.1,1009.3,4.0,0.0,2.0,cma,55.0
202107230000,54857.0,1.0,9.0,4.0,75.0,140.0,3.0,26.4,23.5,84.1,1010.4,2.0,1.0,2.0,cma,32.0
202107230100,54857.0,1.0,9.0,4.0,75.0,140.0,3.0,26.4,23.5,84.1,1010.4,2.0,1.0,2.0,cma,32.0
202107230200,54857.0,1.0,9.0,4.0,75.0,140.0,3.0,26.4,23.5,84.1,1010.4,2.0,1.0,2.0,cma,32.0
202107230300,54857.0,1.0,9.0,4.0,80.0,160.0,2.0,28.7,23.8,74.9,1010.2,7.0,0.1,2.0,cma,37.0
202107230400,54857.0,1.0,9.0,4.0,80.0,160.0,2.0,28.7,23.8,74.9,1010.2,7.0,0.1,2.0,cma,37.0
202107230500,54857.0,1.0,9.0,4.0,80.0,160.0,2.0,28.7,23.8,74.9,1010.2,7.0,0.1,2.0,cma,37.0
202107230600,54857.0,1.0,9.0,4.0,80.0,130.0,3.0,29.3,24.4,75.0,1009.2,7.0,1.0,2.0,cma,20.0
202107230700,54857.0,1.0,9.0,4.0,80.0,130.0,3.0,29.3,24.4,75.0,1009.2,7.0,1.0,2.0,cma,20.0
202107230800,54857.0,1.0,9.0,4.0,80.0,130.0,3.0,29.3,24.4,75.0,1009.2,7.0,1.0,2.0,cma,20.0
202107230900,54857.0,1.0,9.0,4.0,80.0,140.0,3.0,27.6,24.0,80.8,1008.3,7.0,0.9,2.0,cma,25.0
202107231000,54857.0,1.0,9.0,4.0,80.0,140.0,3.0,27.6,24.0,80.8,1008.3,7.0,0.9,2.0,cma,25.0
202107231100,54857.0,1.0,9.0,4.0,80.0,140.0,3.0,27.6,24.0,80.8,1008.3,7.0,0.9,2.0,cma,25.0
202107231200,54857.0,1.0,9.0,4.0,77.0,140.0,2.0,26.3,23.4,84.1,1008.3,4.0,0.0,2.0,cma,7.0
202107231300,54857.0,1.0,9.0,4.0,77.0,140.0,2.0,26.3,23.4,84.1,1008.3,4.0,0.0,2.0,cma,7.0
202107231400,54857.0,1.0,9.0,4.0,77.0,140.0,2.0,26.3,23.4,84.1,1008.3,4.0,0.0,2.0,cma,7.0
202107231500,54857.0,1.0,9.0,4.0,80.0,130.0,2.0,25.8,22.9,84.1,1009.0,2.0,0.7,2.0,cma,27.0
202107231600,54857.0,1.0,9.0,4.0,80.0,130.0,2.0,25.8,22.9,84.1,1009.0,2.0,0.7,2.0,cma,27.0
202107231700,54857.0,1.0,9.0,4.0,80.0,130.0,2.0,25.8,22.9,84.1,1009.0,2.0,0.7,2.0,cma,27.0
202107231800,54857.0,1.0,9.0,4.0,77.0,100.0,1.0,25.6,23.1,86.1,1008.6,7.0,0.4,2.0,cma,17.0
202107231900,54857.0,1.0,9.0,4.0,77.0,100.0,1.0,25.6,23.1,86.1,1008.6,7.0,0.4,2.0,cma,17.0
202107232000,54857.0,1.0,9.0,4.0,77.0,100.0,1.0,25.6,23.1,86.1,1008.6,7.0,0.4,2.0,cma,17.0
202107232100,54857.0,1.0,9.0,4.0,68.0,100.0,2.0,24.8,21.9,83.9,1008.5,7.0,0.1,2.0,cma,32.0
202107232200,54857.0,1.0,9.0,4.0,68.0,100.0,2.0,24.8,21.9,83.9,1008.5,7.0,0.1,2.0,cma,32.0
202107232300,54857.0,1.0,9.0,4.0,68.0,100.0,2.0,24.8,21.9,83.9,1008.5,7.0,0.1,2.0,cma,32.0
202107240000,54857.0,1.0,9.0,4.0,78.0,100.0,2.0,28.9,23.1,71.0,1008.8,2.0,0.3,2.0,cma,21.0
202107240100,54857.0,1.0,9.0,4.0,78.0,100.0,2.0,28.9,23.1,71.0,1008.8,2.0,0.3,2.0,cma,21.0
202107240200,54857.0,1.0,9.0,4.0,78.0,100.0,2.0,28.9,23.1,71.0,1008.8,2.0,0.3,2.0,cma,21.0
202107240300,54857.0,1.0,9.0,4.0,80.0,130.0,3.0,29.7,24.1,72.0,1008.9,2.0,0.1,2.0,cma,25.0
202107240400,54857.0,1.0,9.0,4.0,80.0,130.0,3.0,29.7,24.1,72.0,1008.9,2.0,0.1,2.0,cma,25.0
202107240500,54857.0,1.0,9.0,4.0,80.0,130.0,3.0,29.7,24.1,72.0,1008.9,2.0,0.1,2.0,cma,25.0
202107240600,54857.0,1.0,9.0,4.0,80.0,130.0,4.0,29.6,22.1,64.1,1007.9,7.0,1.0,2.0,cma,15.0
202107240700,54857.0,1.0,9.0,4.0,80.0,130.0,4.0,29.6,22.1,64.1,1007.9,7.0,1.0,2.0,cma,15.0
202107240800,54857.0,1.0,9.0,4.0,80.0,130.0,4.0,29.6,22.1,64.1,1007.9,7.0,1.0,2.0,cma,15.0
202107240900,54857.0,1.0,9.0,4.0,80.0,120.0,4.0,28.9,21.9,66.0,1006.7,7.0,1.2,2.0,cma,32.0
202107241000,54857.0,1.0,9.0,4.0,80.0,120.0,4.0,28.9,21.9,66.0,1006.7,7.0,1.2,2.0,cma,32.0
202107241100,54857.0,1.0,9.0,4.0,80.0,120.0,4.0,28.9,21.9,66.0,1006.7,7.0,1.2,2.0,cma,32.0
202107241200,54857.0,1.0,9.0,4.0,80.0,130.0,1.0,27.2,22.6,76.0,1006.9,2.0,0.2,2.0,cma,27.0
202107241300,54857.0,1.0,9.0,4.0,80.0,130.0,1.0,27.2,22.6,76.0,1006.9,2.0,0.2,2.0,cma,27.0
202107241400,54857.0,1.0,9.0,4.0,80.0,130.0,1.0,27.2,22.6,76.0,1006.9,2.0,0.2,2.0,cma,27.0
202107241500,54857.0,1.0,9.0,4.0,80.0,130.0,1.0,27.0,20.6,68.0,1006.6,7.0,0.3,2.0,cma,18.0
202107241600,54857.0,1.0,9.0,4.0,80.0,130.0,1.0,27.0,20.6,68.0,1006.6,7.0,0.3,2.0,cma,18.0
202107241700,54857.0,1.0,9.0,4.0,80.0,130.0,1.0,27.0,20.6,68.0,1006.6,7.0,0.3,2.0,cma,18.0
202107241800,54857.0,1.0,9.0,4.0,67.0,110.0,2.0,26.4,24.3,88.3,1006.4,7.0,0.2,2.0,cma,21.0
202107241900,54857.0,1.0,9.0,4.0,67.0,110.0,2.0,26.4,24.3,88.3,1006.4,7.0,0.2,2.0,cma,21.0
202107242000,54857.0,1.0,9.0,4.0,67.0,110.0,2.0,26.4,24.3,88.3,1006.4,7.0,0.2,2.0,cma,21.0
202107242100,54857.0,1.0,9.0,4.0,63.0,80.0,1.0,26.0,24.0,88.8,1006.3,7.0,0.1,2.0,cma,21.0
202107242200,54857.0,1.0,9.0,4.0,63.0,80.0,1.0,26.0,24.0,88.8,1006.3,7.0,0.1,2.0,cma,21.0
202107242300,54857.0,1.0,9.0,4.0,63.0,80.0,1.0,26.0,24.0,88.8,1006.3,7.0,0.1,2.0,cma,21.0
202107250000,54857.0,1.0,9.0,4.0,65.0,40.0,1.0,28.9,22.6,68.8,1006.7,2.0,0.4,2.0,cma,10.0
202107250100,54857.0,1.0,9.0,4.0,65.0,40.0,1.0,28.9,22.6,68.8,1006.7,2.0,0.4,2.0,cma,10.0
202107250200,54857.0,1.0,9.0,4.0,65.0,40.0,1.0,28.9,22.6,68.8,1006.7,2.0,0.4,2.0,cma,10.0
202107250300,54857.0,1.0,9.0,4.0,80.0,130.0,3.0,29.6,22.3,64.9,1005.8,7.0,0.9,2.0,cma,48.0
202107250400,54857.0,1.0,9.0,4.0,80.0,130.0,3.0,29.6,22.3,64.9,1005.8,7.0,0.9,2.0,cma,48.0
202107250500,54857.0,1.0,9.0,4.0,80.0,130.0,3.0,29.6,22.3,64.9,1005.8,7.0,0.9,2.0,cma,48.0
202107250600,54857.0,1.0,9.0,4.0,80.0,130.0,4.0,31.0,22.9,62.1,1004.5,7.0,1.2,2.0,cma,32.0
202107250700,54857.0,1.0,9.0,4.0,80.0,130.0,4.0,31.0,22.9,62.1,1004.5,7.0,1.2,2.0,cma,32.0
202107250800,54857.0,1.0,9.0,4.0,80.0,130.0,4.0,31.0,22.9,62.1,1004.5,7.0,1.2,2.0,cma,32.0
202107250900,54857.0,1.0,9.0,4.0,80.0,100.0,5.0,30.6,19.6,51.9,1003.8,7.0,0.7,2.0,cma,27.0
202107251000,54857.0,1.0,9.0,4.0,80.0,100.0,5.0,30.6,19.6,51.9,1003.8,7.0,0.7,2.0,cma,27.0
202107251100,54857.0,1.0,9.0,4.0,80.0,100.0,5.0,30.6,19.6,51.9,1003.8,7.0,0.7,2.0,cma,27.0
202107251200,54857.0,1.0,9.0,4.0,74.0,120.0,4.0,27.7,23.9,79.8,1004.1,2.0,0.3,2.0,cma,19.0
202107251300,54857.0,1.0,9.0,4.0,74.0,120.0,4.0,27.7,23.9,79.8,1004.1,2.0,0.3,2.0,cma,19.0
202107251400,54857.0,1.0,9.0,4.0,74.0,120.0,4.0,27.7,23.9,79.8,1004.1,2.0,0.3,2.0,cma,19.0
202107251500,54857.0,1.0,9.0,4.0,80.0,120.0,2.0,27.2,24.3,84.2,1004.1,4.0,0.0,2.0,cma,23.0
202107251600,54857.0,1.0,9.0,4.0,80.0,120.0,2.0,27.2,24.3,84.2,1004.1,4.0,0.0,2.0,cma,23.0
202107251700,54857.0,1.0,9.0,4.0,80.0,120.0,2.0,27.2,24.3,84.2,1004.1,4.0,0.0,2.0,cma,23.0
202107251800,54857.0,1.0,9.0,4.0,80.0,100.0,3.0,26.8,23.7,83.2,1002.7,7.0,1.4,2.0,cma,21.0
202107251900,54857.0,1.0,9.0,4.0,80.0,100.0,3.0,26.8,23.7,83.2,1002.7,7.0,1.4,2.0,cma,21.0
202107252000,54857.0,1.0,9.0,4.0,80.0,100.0,3.0,26.8,23.7,83.2,1002.7,7.0,1.4,2.0,cma,21.0
202107252100,54857.0,1.0,9.0,4.0,80.0,90.0,3.0,26.8,23.9,84.2,1002.4,7.0,0.3,2.0,cma,55.0
202107252200,54857.0,1.0,9.0,4.0,80.0,90.0,3.0,26.8,23.9,84.2,1002.4,7.0,0.3,2.0,cma,55.0
202107252300,54857.0,1.0,9.0,4.0,80.0,90.0,3.0,26.8,23.9,84.2,1002.4,7.0,0.3,2.0,cma,55.0
202107260000,54857.0,1.0,9.0,4.0,80.0,110.0,4.0,28.1,21.9,69.1,1002.2,7.0,0.2,2.0,cma,28.0
202107260100,54857.0,1.0,9.0,4.0,80.0,110.0,4.0,28.1,21.9,69.1,1002.2,7.0,0.2,2.0,cma,28.0
202107260200,54857.0,1.0,9.0,4.0,80.0,110.0,4.0,28.1,21.9,69.1,1002.2,7.0,0.2,2.0,cma,28.0
202107260300,54857.0,1.0,9.0,4.0,69.0,110.0,6.0,27.4,23.2,77.9,1002.7,2.0,0.4,2.0,cma,21.0
202107260400,54857.0,1.0,9.0,4.0,69.0,110.0,6.0,27.4,23.2,77.9,1002.7,2.0,0.4,2.0,cma,21.0
202107260500,54857.0,1.0,9.0,4.0,69.0,110.0,6.0,27.4,23.2,77.9,1002.7,2.0,0.4,2.0,cma,21.0
202107260600,54857.0,1.0,9.0,4.0,69.0,110.0,6.0,27.4,23.2,77.9,1002.7,2.0,0.4,2.0,cma,21.0
202107260700,54857.0,1.0,9.0,4.0,69.0,110.0,6.0,27.4,23.2,77.9,1002.7,2.0,0.4,2.0,cma,21.0
202107260800,54857.0,1.0,9.0,4.0,69.0,110.0,6.0,27.4,23.2,77.9,1002.7,2.0,0.4,2.0,cma,21.0
202107260900,54857.0,1.0,9.0,4.0,80.0,110.0,5.0,27.9,24.3,80.8,1001.2,7.0,0.4,2.0,cma,3.0
202107261000,54857.0,1.0,9.0,4.0,80.0,110.0,5.0,27.9,24.3,80.8,1001.2,7.0,0.4,2.0,cma,3.0
202107261100,54857.0,1.0,9.0,4.0,80.0,110.0,5.0,27.9,24.3,80.8,1001.2,7.0,0.4,2.0,cma,3.0
202107261200,54857.0,1.0,9.0,4.0,60.0,110.0,3.0,25.8,24.6,93.1,1002.1,2.0,0.8,2.0,cma,24.0
202107261300,54857.0,1.0,9.0,4.0,60.0,110.0,3.0,25.8,24.6,93.1,1002.1,2.0,0.8,2.0,cma,24.0
202107261400,54857.0,1.0,9.0,4.0,60.0,110.0,3.0,25.8,24.6,93.1,1002.1,2.0,0.8,2.0,cma,24.0
202107261500,54857.0,1.0,9.0,4.0,60.0,110.0,3.0,25.8,24.6,93.1,1002.1,2.0,0.8,2.0,cma,24.0
202107261600,54857.0,1.0,9.0,4.0,60.0,110.0,3.0,25.8,24.6,93.1,1002.1,2.0,0.8,2.0,cma,24.0
202107261700,54857.0,1.0,9.0,4.0,60.0,110.0,3.0,25.8,24.6,93.1,1002.1,2.0,0.8,2.0,cma,24.0
202107261800,54857.0,1.0,9.0,4.0,76.0,110.0,3.0,26.4,24.1,87.2,1001.3,7.0,1.2,2.0,cma,15.0
202107261900,54857.0,1.0,9.0,4.0,76.0,110.0,3.0,26.4,24.1,87.2,1001.3,7.0,1.2,2.0,cma,15.0
202107262000,54857.0,1.0,9.0,4.0,76.0,110.0,3.0,26.4,24.1,87.2,1001.3,7.0,1.2,2.0,cma,15.0
202107262100,54857.0,1.0,9.0,4.0,75.0,100.0,4.0,26.2,24.1,88.2,1001.6,2.0,0.2,2.0,cma,30.0
202107262200,54857.0,1.0,9.0,4.0,75.0,100.0,4.0,26.2,24.1,88.2,1001.6,2.0,0.2,2.0,cma,30.0
202107262300,54857.0,1.0,9.0,4.0,75.0,100.0,4.0,26.2,24.1,88.2,1001.6,2.0,0.2,2.0,cma,30.0
202107270000,54857.0,1.0,9.0,4.0,80.0,90.0,5.0,27.3,24.0,82.2,1002.3,2.0,0.7,2.0,cma,17.0
202107270100,54857.0,1.0,9.0,4.0,80.0,90.0,5.0,27.3,24.0,82.2,1002.3,2.0,0.7,2.0,cma,17.0
202107270200,54857.0,1.0,9.0,4.0,80.0,90.0,5.0,27.3,24.0,82.2,1002.3,2.0,0.7,2.0,cma,17.0
202107270300,54857.0,1.0,9.0,4.0,80.0,100.0,5.0,28.2,24.0,78.0,1002.2,7.0,0.1,2.0,cma,16.0
202107270400,54857.0,1.0,9.0,4.0,80.0,100.0,5.0,28.2,24.0,78.0,1002.2,7.0,0.1,2.0,cma,16.0
202107270500,54857.0,1.0,9.0,4.0,80.0,100.0,5.0,28.2,24.0,78.0,1002.2,7.0,0.1,2.0,cma,16.0
202107270600,54857.0,1.0,9.0,4.0,80.0,90.0,5.0,28.7,23.2,72.2,1001.4,7.0,0.7,2.0,cma,20.0
202107270700,54857.0,1.0,9.0,4.0,80.0,90.0,5.0,28.7,23.2,72.2,1001.4,7.0,0.7,2.0,cma,20.0
202107270800,54857.0,1.0,9.0,4.0,80.0,90.0,5.0,28.7,23.2,72.2,1001.4,7.0,0.7,2.0,cma,20.0
202107270900,54857.0,1.0,9.0,4.0,80.0,100.0,4.0,27.7,23.3,77.0,1001.6,2.0,0.1,2.0,cma,14.0
202107271000,54857.0,1.0,9.0,4.0,80.0,100.0,4.0,27.7,23.3,77.0,1001.6,2.0,0.1,2.0,cma,14.0
202107271100,54857.0,1.0,9.0,4.0,80.0,100.0,4.0,27.7,23.3,77.0,1001.6,2.0,0.1,2.0,cma,14.0
202107271200,54857.0,1.0,9.0,4.0,80.0,90.0,5.0,26.7,22.3,76.9,1001.8,2.0,0.2,2.0,cma,9.0
202107271300,54857.0,1.0,9.0,4.0,80.0,90.0,5.0,26.7,22.3,76.9,1001.8,2.0,0.2,2.0,cma,9.0
202107271400,54857.0,1.0,9.0,4.0,80.0,90.0,5.0,26.7,22.3,76.9,1001.8,2.0,0.2,2.0,cma,9.0
202107271500,54857.0,1.0,9.0,4.0,80.0,100.0,4.0,26.6,22.0,75.9,1002.0,2.0,0.2,2.0,cma,11.0
202107271600,54857.0,1.0,9.0,4.0,80.0,100.0,4.0,26.6,22.0,75.9,1002.0,2.0,0.2,2.0,cma,11.0
202107271700,54857.0,1.0,9.0,4.0,80.0,100.0,4.0,26.6,22.0,75.9,1002.0,2.0,0.2,2.0,cma,11.0
202107271800,54857.0,1.0,9.0,4.0,80.0,100.0,5.0,26.1,22.6,81.1,1001.7,7.0,0.3,2.0,cma,15.0
202107271900,54857.0,1.0,9.0,4.0,80.0,100.0,5.0,26.1,22.6,81.1,1001.7,7.0,0.3,2.0,cma,15.0
202107272000,54857.0,1.0,9.0,4.0,80.0,100.0,5.0,26.1,22.6,81.1,1001.7,7.0,0.3,2.0,cma,15.0
202107272100,54857.0,1.0,9.0,4.0,80.0,110.0,5.0,26.1,23.4,85.1,1001.8,2.0,0.1,2.0,cma,19.0
202107272200,54857.0,1.0,9.0,4.0,80.0,110.0,5.0,26.1,23.4,85.1,1001.8,2.0,0.1,2.0,cma,19.0
202107272300,54857.0,1.0,9.0,4.0,80.0,110.0,5.0,26.1,23.4,85.1,1001.8,2.0,0.1,2.0,cma,19.0
202107280000,54857.0,1.0,9.0,4.0,72.0,100.0,4.0,26.3,24.2,88.3,1002.0,2.0,0.2,2.0,cma,10.0
202107280100,54857.0,1.0,9.0,4.0,72.0,100.0,4.0,26.3,24.2,88.3,1002.0,2.0,0.2,2.0,cma,10.0
202107280200,54857.0,1.0,9.0,4.0,72.0,100.0,4.0,26.3,24.2,88.3,1002.0,2.0,0.2,2.0,cma,10.0
202107280300,54857.0,1.0,9.0,4.0,80.0,120.0,5.0,28.2,24.0,78.0,1001.9,7.0,0.1,2.0,cma,21.0
202107280400,54857.0,1.0,9.0,4.0,80.0,120.0,5.0,28.2,24.0,78.0,1001.9,7.0,0.1,2.0,cma,21.0
202107280500,54857.0,1.0,9.0,4.0,80.0,120.0,5.0,28.2,24.0,78.0,1001.9,7.0,0.1,2.0,cma,21.0
202107280600,54857.0,1.0,9.0,4.0,80.0,110.0,4.0,27.5,23.3,77.9,1000.5,7.0,1.4,2.0,cma,13.0
202107280700,54857.0,1.0,9.0,4.0,80.0,110.0,4.0,27.5,23.3,77.9,1000.5,7.0,1.4,2.0,cma,13.0
202107280800,54857.0,1.0,9.0,4.0,80.0,110.0,4.0,27.5,23.3,77.9,1000.5,7.0,1.4,2.0,cma,13.0
202107280900,54857.0,1.0,9.0,4.0,80.0,120.0,5.0,26.9,23.4,81.2,999.8,7.0,0.7,2.0,cma,25.0
202107281000,54857.0,1.0,9.0,4.0,80.0,120.0,5.0,26.9,23.4,81.2,999.8,7.0,0.7,2.0,cma,25.0
202107281100,54857.0,1.0,9.0,4.0,80.0,120.0,5.0,26.9,23.4,81.2,999.8,7.0,0.7,2.0,cma,25.0
202107281200,54857.0,1.0,9.0,4.0,80.0,110.0,5.0,26.3,23.4,84.1,1000.1,2.0,0.3,2.0,cma,6.0
202107281300,54857.0,1.0,9.0,4.0,80.0,110.0,5.0,26.3,23.4,84.1,1000.1,2.0,0.3,2.0,cma,6.0
202107281400,54857.0,1.0,9.0,4.0,80.0,110.0,5.0,26.3,23.4,84.1,1000.1,2.0,0.3,2.0,cma,6.0
202107281500,54857.0,1.0,9.0,4.0,77.0,110.0,4.0,26.1,23.4,85.1,1000.0,4.0,0.0,2.0,cma,19.0
202107281600,54857.0,1.0,9.0,4.0,77.0,110.0,4.0,26.1,23.4,85.1,1000.0,4.0,0.0,2.0,cma,19.0
202107281700,54857.0,1.0,9.0,4.0,77.0,110.0,4.0,26.1,23.4,85.1,1000.0,4.0,0.0,2.0,cma,19.0
202107281800,54857.0,1.0,9.0,4.0,79.0,120.0,5.0,25.9,23.6,87.2,998.7,7.0,1.3,2.0,cma,18.0
202107281900,54857.0,1.0,9.0,4.0,79.0,120.0,5.0,25.9,23.6,87.2,998.7,7.0,1.3,2.0,cma,18.0
202107282000,54857.0,1.0,9.0,4.0,79.0,120.0,5.0,25.9,23.6,87.2,998.7,7.0,1.3,2.0,cma,18.0
202107282100,54857.0,1.0,9.0,4.0,77.0,120.0,7.0,25.8,23.5,87.2,997.4,7.0,1.3,2.0,cma,28.0
202107282200,54857.0,1.0,9.0,4.0,77.0,120.0,7.0,25.8,23.5,87.2,997.4,7.0,1.3,2.0,cma,28.0
202107282300,54857.0,1.0,9.0,4.0,77.0,120.0,7.0,25.8,23.5,87.2,997.4,7.0,1.3,2.0,cma,28.0
202107290000,54857.0,1.0,9.0,4.0,47.0,130.0,8.0,25.0,24.1,94.8,996.3,7.0,1.2,2.0,cma,18.0
202107290100,54857.0,1.0,9.0,4.0,47.0,130.0,8.0,25.0,24.1,94.8,996.3,7.0,1.2,2.0,cma,18.0
202107290200,54857.0,1.0,9.0,4.0,47.0,130.0,8.0,25.0,24.1,94.8,996.3,7.0,1.2,2.0,cma,18.0
202107290300,54857.0,1.0,9.0,4.0,32.0,150.0,7.0,24.8,24.3,97.1,995.6,7.0,0.7,2.0,cma,22.0
202107290400,54857.0,1.0,9.0,4.0,32.0,150.0,7.0,24.8,24.3,97.1,995.6,7.0,0.7,2.0,cma,22.0
202107290500,54857.0,1.0,9.0,4.0,32.0,150.0,7.0,24.8,24.3,97.1,995.6,7.0,0.7,2.0,cma,22.0
202107290600,54857.0,1.0,9.0,4.0,42.0,140.0,5.0,24.1,23.8,98.2,995.4,7.0,0.2,2.0,cma,13.0
202107290700,54857.0,1.0,9.0,4.0,42.0,140.0,5.0,24.1,23.8,98.2,995.4,7.0,0.2,2.0,cma,13.0
202107290800,54857.0,1.0,9.0,4.0,42.0,140.0,5.0,24.1,23.8,98.2,995.4,7.0,0.2,2.0,cma,13.0
202107290900,54857.0,1.0,9.0,4.0,41.0,150.0,5.0,24.8,24.1,95.9,994.4,7.0,0.9,2.0,cma,18.0
202107291000,54857.0,1.0,9.0,4.0,41.0,150.0,5.0,24.8,24.1,95.9,994.4,7.0,0.9,2.0,cma,18.0
202107291100,54857.0,1.0,9.0,4.0,41.0,150.0,5.0,24.8,24.1,95.9,994.4,7.0,0.9,2.0,cma,18.0
202107291200,54857.0,1.0,9.0,4.0,65.0,180.0,4.0,25.1,23.5,90.9,995.3,2.0,0.8,2.0,cma,16.0
202107291300,54857.0,1.0,9.0,4.0,65.0,180.0,4.0,25.1,23.5,90.9,995.3,2.0,0.8,2.0,cma,16.0
202107291400,54857.0,1.0,9.0,4.0,65.0,180.0,4.0,25.1,23.5,90.9,995.3,2.0,0.8,2.0,cma,16.0
202107291500,54857.0,1.0,9.0,4.0,61.0,190.0,5.0,24.6,23.0,90.8,995.2,7.0,0.1,2.0,cma,10.0
202107291600,54857.0,1.0,9.0,4.0,61.0,190.0,5.0,24.6,23.0,90.8,995.2,7.0,0.1,2.0,cma,10.0
202107291700,54857.0,1.0,9.0,4.0,61.0,190.0,5.0,24.6,23.0,90.8,995.2,7.0,0.1,2.0,cma,10.0
202107291800,54857.0,1.0,9.0,4.0,57.0,180.0,5.0,23.8,23.0,95.3,994.8,7.0,0.4,2.0,cma,12.0
202107291900,54857.0,1.0,9.0,4.0,57.0,180.0,5.0,23.8,23.0,95.3,994.8,7.0,0.4,2.0,cma,12.0
202107292000,54857.0,1.0,9.0,4.0,57.0,180.0,5.0,23.8,23.0,95.3,994.8,7.0,0.4,2.0,cma,12.0
202107292100,54857.0,1.0,9.0,4.0,59.0,200.0,4.0,23.5,22.1,91.9,994.5,7.0,0.3,2.0,cma,23.0
202107292200,54857.0,1.0,9.0,4.0,59.0,200.0,4.0,23.5,22.1,91.9,994.5,7.0,0.3,2.0,cma,23.0
202107292300,54857.0,1.0,9.0,4.0,59.0,200.0,4.0,23.5,22.1,91.9,994.5,7.0,0.3,2.0,cma,23.0
202107300000,54857.0,1.0,9.0,4.0,68.0,230.0,3.0,23.6,21.3,87.0,995.2,2.0,0.7,2.0,cma,8.0
202107300100,54857.0,1.0,9.0,4.0,68.0,230.0,3.0,23.6,21.3,87.0,995.2,2.0,0.7,2.0,cma,8.0
202107300200,54857.0,1.0,9.0,4.0,68.0,230.0,3.0,23.6,21.3,87.0,995.2,2.0,0.7,2.0,cma,8.0
202107300300,54857.0,1.0,9.0,4.0,80.0,260.0,3.0,25.3,21.6,80.0,995.1,7.0,0.1,2.0,cma,22.0
202107300400,54857.0,1.0,9.0,4.0,80.0,260.0,3.0,25.3,21.6,80.0,995.1,7.0,0.1,2.0,cma,22.0
202107300500,54857.0,1.0,9.0,4.0,80.0,260.0,3.0,25.3,21.6,80.0,995.1,7.0,0.1,2.0,cma,22.0
202107300600,54857.0,1.0,9.0,4.0,78.0,260.0,4.0,26.4,21.6,75.0,995.3,2.0,0.2,2.0,cma,14.0
202107300700,54857.0,1.0,9.0,4.0,78.0,260.0,4.0,26.4,21.6,75.0,995.3,2.0,0.2,2.0,cma,14.0
202107300800,54857.0,1.0,9.0,4.0,78.0,260.0,4.0,26.4,21.6,75.0,995.3,2.0,0.2,2.0,cma,14.0
202107300900,54857.0,1.0,9.0,4.0,75.0,160.0,2.0,26.8,23.1,80.2,995.5,2.0,0.2,2.0,cma,25.0
202107301000,54857.0,1.0,9.0,4.0,75.0,160.0,2.0,26.8,23.1,80.2,995.5,2.0,0.2,2.0,cma,25.0
202107301100,54857.0,1.0,9.0,4.0,75.0,160.0,2.0,26.8,23.1,80.2,995.5,2.0,0.2,2.0,cma,25.0
202107301200,54857.0,1.0,9.0,4.0,63.0,150.0,2.0,26.2,23.9,87.2,996.5,2.0,1.0,2.0,cma,7.0
202107301300,54857.0,1.0,9.0,4.0,63.0,150.0,2.0,26.2,23.9,87.2,996.5,2.0,1.0,2.0,cma,7.0
202107301400,54857.0,1.0,9.0,4.0,63.0,150.0,2.0,26.2,23.9,87.2,996.5,2.0,1.0,2.0,cma,7.0
202107301500,54857.0,1.0,9.0,4.0,62.0,230.0,3.0,26.0,23.5,86.1,997.3,2.0,0.8,2.0,cma,15.0
202107301600,54857.0,1.0,9.0,4.0,62.0,230.0,3.0,26.0,23.5,86.1,997.3,2.0,0.8,2.0,cma,15.0
202107301700,54857.0,1.0,9.0,4.0,62.0,230.0,3.0,26.0,23.5,86.1,997.3,2.0,0.8,2.0,cma,15.0
202107301800,54857.0,1.0,9.0,4.0,60.0,230.0,2.0,25.5,22.8,85.0,997.3,4.0,0.0,2.0,cma,16.0
202107301900,54857.0,1.0,9.0,4.0,60.0,230.0,2.0,25.5,22.8,85.0,997.3,4.0,0.0,2.0,cma,16.0
202107302000,54857.0,1.0,9.0,4.0,60.0,230.0,2.0,25.5,22.8,85.0,997.3,4.0,0.0,2.0,cma,16.0
202107302100,54857.0,1.0,9.0,4.0,57.0,200.0,2.0,25.3,22.4,84.0,997.8,2.0,0.5,2.0,cma,35.0
202107302200,54857.0,1.0,9.0,4.0,57.0,200.0,2.0,25.3,22.4,84.0,997.8,2.0,0.5,2.0,cma,35.0
202107302300,54857.0,1.0,9.0,4.0,57.0,200.0,2.0,25.3,22.4,84.0,997.8,2.0,0.5,2.0,cma,35.0
202107310000,54857.0,1.0,9.0,4.0,58.0,340.0,4.0,26.9,22.5,76.9,999.2,2.0,1.4,2.0,cma,17.0
202107310100,54857.0,1.0,9.0,4.0,58.0,340.0,4.0,26.9,22.5,76.9,999.2,2.0,1.4,2.0,cma,17.0
202107310200,54857.0,1.0,9.0,4.0,58.0,340.0,4.0,26.9,22.5,76.9,999.2,2.0,1.4,2.0,cma,17.0
202107310300,54857.0,1.0,9.0,4.0,56.0,180.0,3.0,29.3,23.5,71.0,999.1,4.0,0.0,2.0,cma,39.0
202107310400,54857.0,1.0,9.0,4.0,56.0,180.0,3.0,29.3,23.5,71.0,999.1,4.0,0.0,2.0,cma,39.0
202107310500,54857.0,1.0,9.0,4.0,56.0,180.0,3.0,29.3,23.5,71.0,999.1,4.0,0.0,2.0,cma,39.0
202107310600,54857.0,1.0,9.0,4.0,34.0,170.0,3.0,29.0,25.2,80.0,998.4,7.0,0.7,2.0,cma,42.0
202107310700,54857.0,1.0,9.0,4.0,34.0,170.0,3.0,29.0,25.2,80.0,998.4,7.0,0.7,2.0,cma,42.0
202107310800,54857.0,1.0,9.0,4.0,34.0,170.0,3.0,29.0,25.2,80.0,998.4,7.0,0.7,2.0,cma,42.0
202107310900,54857.0,1.0,9.0,4.0,44.0,160.0,4.0,28.4,25.0,81.9,997.5,7.0,0.9,2.0,cma,59.0
202107311000,54857.0,1.0,9.0,4.0,44.0,160.0,4.0,28.4,25.0,81.9,997.5,7.0,0.9,2.0,cma,59.0
202107311100,54857.0,1.0,9.0,4.0,44.0,160.0,4.0,28.4,25.0,81.9,997.5,7.0,0.9,2.0,cma,59.0
202107311200,54857.0,1.0,9.0,4.0,27.0,150.0,3.0,27.1,25.1,88.8,998.4,2.0,0.9,2.0,cma,29.0
202107311300,54857.0,1.0,9.0,4.0,27.0,150.0,3.0,27.1,25.1,88.8,998.4,2.0,0.9,2.0,cma,29.0
202107311400,54857.0,1.0,9.0,4.0,27.0,150.0,3.0,27.1,25.1,88.8,998.4,2.0,0.9,2.0,cma,29.0
202107311500,54857.0,1.0,9.0,4.0,15.0,160.0,3.0,26.8,25.8,94.3,998.7,2.0,0.3,2.0,cma,48.0
202107311600,54857.0,1.0,9.0,4.0,15.0,160.0,3.0,26.8,25.8,94.3,998.7,2.0,0.3,2.0,cma,48.0
202107311700,54857.0,1.0,9.0,4.0,15.0,160.0,3.0,26.8,25.8,94.3,998.7,2.0,0.3,2.0,cma,48.0
202107311800,54857.0,1.0,9.0,4.0,43.0,190.0,3.0,26.2,25.2,94.2,998.2,7.0,0.5,2.0,cma,89.0
202107311900,54857.0,1.0,9.0,4.0,43.0,190.0,3.0,26.2,25.2,94.2,998.2,7.0,0.5,2.0,cma,89.0
202107312000,54857.0,1.0,9.0,4.0,43.0,190.0,3.0,26.2,25.2,94.2,998.2,7.0,0.5,2.0,cma,89.0
202107312100,54857.0,1.0,9.0,4.0,57.0,310.0,7.0,25.4,21.1,77.1,1001.0,2.0,2.7,2.0,cma,94.0
202107312200,54857.0,1.0,9.0,4.0,57.0,310.0,7.0,25.4,21.1,77.1,1001.0,2.0,2.7,2.0,cma,94.0
202107312300,54857.0,1.0,9.0,4.0,57.0,310.0,7.0,25.4,21.1,77.1,1001.0,2.0,2.7,2.0,cma,94.0
202108010000,54857.0,1.0,9.0,4.0,80.0,160.0,3.0,26.4,19.8,67.1,996.8,7.0,4.1,2.0,cma,83.0
202108010100,54857.0,1.0,9.0,4.0,80.0,160.0,3.0,26.4,19.8,67.1,996.8,7.0,4.1,2.0,cma,83.0
202108010200,54857.0,1.0,9.0,4.0,80.0,160.0,3.0,26.4,19.8,67.1,996.8,7.0,4.1,2.0,cma,83.0
202108010300,54857.0,1.0,9.0,4.0,80.0,230.0,3.0,28.3,22.3,70.0,998.9,2.0,2.1,2.0,cma,87.0
202108010400,54857.0,1.0,9.0,4.0,80.0,230.0,3.0,28.3,22.3,70.0,998.9,2.0,2.1,2.0,cma,87.0
202108010500,54857.0,1.0,9.0,4.0,80.0,230.0,3.0,28.3,22.3,70.0,998.9,2.0,2.1,2.0,cma,87.0
202108010600,54857.0,1.0,9.0,4.0,80.0,180.0,4.0,28.9,23.1,71.0,998.9,4.0,0.0,2.0,cma,2.0
202108010700,54857.0,1.0,9.0,4.0,80.0,180.0,4.0,28.9,23.1,71.0,998.9,4.0,0.0,2.0,cma,2.0
202108010800,54857.0,1.0,9.0,4.0,80.0,180.0,4.0,28.9,23.1,71.0,998.9,4.0,0.0,2.0,cma,2.0
202108010900,54857.0,1.0,9.0,4.0,70.0,180.0,3.0,27.3,24.2,83.2,999.4,2.0,0.4,2.0,cma,41.0
202108011000,54857.0,1.0,9.0,4.0,70.0,180.0,3.0,27.3,24.2,83.2,999.4,2.0,0.4,2.0,cma,41.0
202108011100,54857.0,1.0,9.0,4.0,70.0,180.0,3.0,27.3,24.2,83.2,999.4,2.0,0.4,2.0,cma,41.0
202108011200,54857.0,1.0,9.0,4.0,61.0,140.0,2.0,26.5,24.9,90.9,1000.0,2.0,0.6,2.0,cma,15.0
202108011300,54857.0,1.0,9.0,4.0,61.0,140.0,2.0,26.5,24.9,90.9,1000.0,2.0,0.6,2.0,cma,15.0
202108011400,54857.0,1.0,9.0,4.0,61.0,140.0,2.0,26.5,24.9,90.9,1000.0,2.0,0.6,2.0,cma,15.0
202108011500,54857.0,1.0,9.0,4.0,58.0,190.0,2.0,25.9,25.4,97.1,1001.3,2.0,1.3,2.0,cma,21.0
202108011600,54857.0,1.0,9.0,4.0,58.0,190.0,2.0,25.9,25.4,97.1,1001.3,2.0,1.3,2.0,cma,21.0
202108011700,54857.0,1.0,9.0,4.0,58.0,190.0,2.0,25.9,25.4,97.1,1001.3,2.0,1.3,2.0,cma,21.0
202108011800,54857.0,1.0,9.0,4.0,60.0,270.0,2.0,24.8,23.0,89.7,1001.1,7.0,0.2,2.0,cma,28.0
202108011900,54857.0,1.0,9.0,4.0,60.0,270.0,2.0,24.8,23.0,89.7,1001.1,7.0,0.2,2.0,cma,28.0
202108012000,54857.0,1.0,9.0,4.0,60.0,270.0,2.0,24.8,23.0,89.7,1001.1,7.0,0.2,2.0,cma,28.0
202108012100,54857.0,1.0,9.0,4.0,50.0,330.0,3.0,24.4,23.0,91.9,1001.6,2.0,0.5,2.0,cma,43.0
202108012200,54857.0,1.0,9.0,4.0,50.0,330.0,3.0,24.4,23.0,91.9,1001.6,2.0,0.5,2.0,cma,43.0
202108012300,54857.0,1.0,9.0,4.0,50.0,330.0,3.0,24.4,23.0,91.9,1001.6,2.0,0.5,2.0,cma,43.0
202108020000,54857.0,1.0,9.0,4.0,31.0,340.0,3.0,25.3,23.5,89.8,1002.9,2.0,1.3,2.0,cma,21.0
202108020100,54857.0,1.0,9.0,4.0,31.0,340.0,3.0,25.3,23.5,89.8,1002.9,2.0,1.3,2.0,cma,21.0
202108020200,54857.0,1.0,9.0,4.0,31.0,340.0,3.0,25.3,23.5,89.8,1002.9,2.0,1.3,2.0,cma,21.0
202108020300,54857.0,1.0,9.0,4.0,43.0,320.0,3.0,28.9,23.6,73.1,1003.0,2.0,0.1,2.0,cma,29.0
202108020400,54857.0,1.0,9.0,4.0,43.0,320.0,3.0,28.9,23.6,73.1,1003.0,2.0,0.1,2.0,cma,29.0
202108020500,54857.0,1.0,9.0,4.0,43.0,320.0,3.0,28.9,23.6,73.1,1003.0,2.0,0.1,2.0,cma,29.0
202108020600,54857.0,1.0,9.0,4.0,80.0,310.0,3.0,31.3,20.6,53.1,1002.5,7.0,0.4,2.0,cma,38.0
202108020700,54857.0,1.0,9.0,4.0,80.0,310.0,3.0,31.3,20.6,53.1,1002.5,7.0,0.4,2.0,cma,38.0
202108020800,54857.0,1.0,9.0,4.0,80.0,310.0,3.0,31.3,20.6,53.1,1002.5,7.0,0.4,2.0,cma,38.0
202108020900,54857.0,1.0,9.0,4.0,50.0,170.0,4.0,27.3,24.6,85.2,1002.6,4.0,0.0,2.0,cma,58.0
202108021000,54857.0,1.0,9.0,4.0,50.0,170.0,4.0,27.3,24.6,85.2,1002.6,4.0,0.0,2.0,cma,58.0
202108021100,54857.0,1.0,9.0,4.0,50.0,170.0,4.0,27.3,24.6,85.2,1002.6,4.0,0.0,2.0,cma,58.0
202108021200,54857.0,1.0,9.0,4.0,62.0,170.0,2.0,26.3,24.7,90.9,1003.9,2.0,1.3,2.0,cma,44.0
202108021300,54857.0,1.0,9.0,4.0,62.0,170.0,2.0,26.3,24.7,90.9,1003.9,2.0,1.3,2.0,cma,44.0
202108021400,54857.0,1.0,9.0,4.0,62.0,170.0,2.0,26.3,24.7,90.9,1003.9,2.0,1.3,2.0,cma,44.0
202108021500,54857.0,1.0,9.0,4.0,61.0,210.0,1.0,25.8,24.8,94.2,1004.9,2.0,1.0,2.0,cma,37.0
202108021600,54857.0,1.0,9.0,4.0,61.0,210.0,1.0,25.8,24.8,94.2,1004.9,2.0,1.0,2.0,cma,37.0
202108021700,54857.0,1.0,9.0,4.0,61.0,210.0,1.0,25.8,24.8,94.2,1004.9,2.0,1.0,2.0,cma,37.0
202108021800,54857.0,1.0,9.0,4.0,56.0,330.0,2.0,25.1,23.0,88.2,1004.6,7.0,0.3,2.0,cma,31.0
202108021900,54857.0,1.0,9.0,4.0,56.0,330.0,2.0,25.1,23.0,88.2,1004.6,7.0,0.3,2.0,cma,31.0
202108022000,54857.0,1.0,9.0,4.0,56.0,330.0,2.0,25.1,23.0,88.2,1004.6,7.0,0.3,2.0,cma,31.0
202108022100,54857.0,1.0,9.0,4.0,38.0,310.0,2.0,24.7,23.7,94.2,1005.4,2.0,0.8,2.0,cma,69.0
202108022200,54857.0,1.0,9.0,4.0,38.0,310.0,2.0,24.7,23.7,94.2,1005.4,2.0,0.8,2.0,cma,69.0
202108022300,54857.0,1.0,9.0,4.0,38.0,310.0,2.0,24.7,23.7,94.2,1005.4,2.0,0.8,2.0,cma,69.0
202108030000,54857.0,1.0,9.0,4.0,35.0,350.0,2.0,25.7,23.6,88.2,1006.9,2.0,1.5,2.0,cma,12.0
202108030100,54857.0,1.0,9.0,4.0,35.0,350.0,2.0,25.7,23.6,88.2,1006.9,2.0,1.5,2.0,cma,12.0
202108030200,54857.0,1.0,9.0,4.0,35.0,350.0,2.0,25.7,23.6,88.2,1006.9,2.0,1.5,2.0,cma,12.0
202108030300,54857.0,1.0,9.0,4.0,35.0,350.0,2.0,25.7,23.6,88.2,1006.9,2.0,1.5,2.0,cma,12.0
202108030400,54857.0,1.0,9.0,4.0,35.0,350.0,2.0,25.7,23.6,88.2,1006.9,2.0,1.5,2.0,cma,12.0
202108030500,54857.0,1.0,9.0,4.0,35.0,350.0,2.0,25.7,23.6,88.2,1006.9,2.0,1.5,2.0,cma,12.0
202108030600,54857.0,1.0,9.0,4.0,76.0,180.0,3.0,28.7,23.8,74.9,1006.6,7.0,0.2,2.0,cma,49.0
202108030700,54857.0,1.0,9.0,4.0,76.0,180.0,3.0,28.7,23.8,74.9,1006.6,7.0,0.2,2.0,cma,49.0
202108030800,54857.0,1.0,9.0,4.0,76.0,180.0,3.0,28.7,23.8,74.9,1006.6,7.0,0.2,2.0,cma,49.0
202108030900,54857.0,1.0,9.0,4.0,80.0,170.0,3.0,28.0,23.2,75.2,1006.4,7.0,0.2,2.0,cma,68.0
202108031000,54857.0,1.0,9.0,4.0,80.0,170.0,3.0,28.0,23.2,75.2,1006.4,7.0,0.2,2.0,cma,68.0
202108031100,54857.0,1.0,9.0,4.0,80.0,170.0,3.0,28.0,23.2,75.2,1006.4,7.0,0.2,2.0,cma,68.0
202108031200,54857.0,1.0,9.0,4.0,80.0,140.0,2.0,26.6,23.7,84.1,1007.1,2.0,0.7,2.0,cma,46.0
202108031300,54857.0,1.0,9.0,4.0,80.0,140.0,2.0,26.6,23.7,84.1,1007.1,2.0,0.7,2.0,cma,46.0
202108031400,54857.0,1.0,9.0,4.0,80.0,140.0,2.0,26.6,23.7,84.1,1007.1,2.0,0.7,2.0,cma,46.0
202108031500,54857.0,1.0,9.0,4.0,68.0,150.0,2.0,26.0,24.6,92.0,1007.9,2.0,0.8,2.0,cma,41.0
202108031600,54857.0,1.0,9.0,4.0,68.0,150.0,2.0,26.0,24.6,92.0,1007.9,2.0,0.8,2.0,cma,41.0
202108031700,54857.0,1.0,9.0,4.0,68.0,150.0,2.0,26.0,24.6,92.0,1007.9,2.0,0.8,2.0,cma,41.0
202108031800,54857.0,1.0,9.0,4.0,76.0,140.0,1.0,25.5,24.1,92.0,1006.9,7.0,1.0,2.0,cma,5.0
202108031900,54857.0,1.0,9.0,4.0,76.0,140.0,1.0,25.5,24.1,92.0,1006.9,7.0,1.0,2.0,cma,5.0
202108032000,54857.0,1.0,9.0,4.0,76.0,140.0,1.0,25.5,24.1,92.0,1006.9,7.0,1.0,2.0,cma,5.0
202108032100,54857.0,1.0,9.0,4.0,76.0,140.0,1.0,25.5,24.1,92.0,1006.9,7.0,1.0,2.0,cma,5.0
202108032200,54857.0,1.0,9.0,4.0,76.0,140.0,1.0,25.5,24.1,92.0,1006.9,7.0,1.0,2.0,cma,5.0
202108032300,54857.0,1.0,9.0,4.0,76.0,140.0,1.0,25.5,24.1,92.0,1006.9,7.0,1.0,2.0,cma,5.0
202108040000,54857.0,1.0,9.0,4.0,80.0,170.0,2.0,28.1,24.7,81.8,1007.7,2.0,0.4,2.0,cma,17.0
202108040100,54857.0,1.0,9.0,4.0,80.0,170.0,2.0,28.1,24.7,81.8,1007.7,2.0,0.4,2.0,cma,17.0
202108040200,54857.0,1.0,9.0,4.0,80.0,170.0,2.0,28.1,24.7,81.8,1007.7,2.0,0.4,2.0,cma,17.0
202108040300,54857.0,1.0,9.0,4.0,80.0,160.0,4.0,29.2,24.7,76.8,1007.3,7.0,0.4,2.0,cma,26.0
202108040400,54857.0,1.0,9.0,4.0,80.0,160.0,4.0,29.2,24.7,76.8,1007.3,7.0,0.4,2.0,cma,26.0
202108040500,54857.0,1.0,9.0,4.0,80.0,160.0,4.0,29.2,24.7,76.8,1007.3,7.0,0.4,2.0,cma,26.0
202108040600,54857.0,1.0,9.0,4.0,80.0,180.0,4.0,29.0,25.8,82.9,1005.9,7.0,1.4,2.0,cma,15.0
202108040700,54857.0,1.0,9.0,4.0,80.0,180.0,4.0,29.0,25.8,82.9,1005.9,7.0,1.4,2.0,cma,15.0
202108040800,54857.0,1.0,9.0,4.0,80.0,180.0,4.0,29.0,25.8,82.9,1005.9,7.0,1.4,2.0,cma,15.0
202108040900,54857.0,1.0,9.0,4.0,79.0,180.0,4.0,28.3,26.5,90.0,1005.3,7.0,0.6,2.0,cma,27.0
202108041000,54857.0,1.0,9.0,4.0,79.0,180.0,4.0,28.3,26.5,90.0,1005.3,7.0,0.6,2.0,cma,27.0
202108041100,54857.0,1.0,9.0,4.0,79.0,180.0,4.0,28.3,26.5,90.0,1005.3,7.0,0.6,2.0,cma,27.0
202108041200,54857.0,1.0,9.0,4.0,64.0,170.0,3.0,27.2,26.5,96.0,1005.8,2.0,0.5,2.0,cma,7.0
202108041300,54857.0,1.0,9.0,4.0,64.0,170.0,3.0,27.2,26.5,96.0,1005.8,2.0,0.5,2.0,cma,7.0
202108041400,54857.0,1.0,9.0,4.0,64.0,170.0,3.0,27.2,26.5,96.0,1005.8,2.0,0.5,2.0,cma,7.0
202108041500,54857.0,1.0,9.0,4.0,73.0,160.0,4.0,26.7,25.5,93.2,1006.3,2.0,0.5,2.0,cma,22.0
202108041600,54857.0,1.0,9.0,4.0,73.0,160.0,4.0,26.7,25.5,93.2,1006.3,2.0,0.5,2.0,cma,22.0
202108041700,54857.0,1.0,9.0,4.0,73.0,160.0,4.0,26.7,25.5,93.2,1006.3,2.0,0.5,2.0,cma,22.0
202108041800,54857.0,1.0,9.0,4.0,80.0,170.0,3.0,26.3,24.9,92.0,1005.3,7.0,1.0,2.0,cma,20.0
202108041900,54857.0,1.0,9.0,4.0,80.0,170.0,3.0,26.3,24.9,92.0,1005.3,7.0,1.0,2.0,cma,20.0
202108042000,54857.0,1.0,9.0,4.0,80.0,170.0,3.0,26.3,24.9,92.0,1005.3,7.0,1.0,2.0,cma,20.0
202108042100,54857.0,1.0,9.0,4.0,72.0,180.0,3.0,26.2,25.0,93.1,1005.2,7.0,0.1,2.0,cma,30.0
202108042200,54857.0,1.0,9.0,4.0,72.0,180.0,3.0,26.2,25.0,93.1,1005.2,7.0,0.1,2.0,cma,30.0
202108042300,54857.0,1.0,9.0,4.0,72.0,180.0,3.0,26.2,25.0,93.1,1005.2,7.0,0.1,2.0,cma,30.0
202108050000,54857.0,1.0,9.0,4.0,80.0,170.0,3.0,27.1,25.3,89.9,1005.3,2.0,0.1,2.0,cma,8.0
202108050100,54857.0,1.0,9.0,4.0,80.0,170.0,3.0,27.1,25.3,89.9,1005.3,2.0,0.1,2.0,cma,8.0
202108050200,54857.0,1.0,9.0,4.0,80.0,170.0,3.0,27.1,25.3,89.9,1005.3,2.0,0.1,2.0,cma,8.0
202108050300,54857.0,1.0,9.0,4.0,77.0,170.0,4.0,28.0,25.4,85.8,1005.4,2.0,0.1,2.0,cma,17.0
202108050400,54857.0,1.0,9.0,4.0,77.0,170.0,4.0,28.0,25.4,85.8,1005.4,2.0,0.1,2.0,cma,17.0
202108050500,54857.0,1.0,9.0,4.0,77.0,170.0,4.0,28.0,25.4,85.8,1005.4,2.0,0.1,2.0,cma,17.0
202108050600,54857.0,1.0,9.0,4.0,80.0,160.0,4.0,29.1,25.5,81.0,1004.0,7.0,1.4,2.0,cma,20.0
202108050700,54857.0,1.0,9.0,4.0,80.0,160.0,4.0,29.1,25.5,81.0,1004.0,7.0,1.4,2.0,cma,20.0
202108050800,54857.0,1.0,9.0,4.0,80.0,160.0,4.0,29.1,25.5,81.0,1004.0,7.0,1.4,2.0,cma,20.0
202108050900,54857.0,1.0,9.0,4.0,80.0,170.0,3.0,27.4,25.0,86.8,1003.9,7.0,0.1,2.0,cma,18.0
202108051000,54857.0,1.0,9.0,4.0,80.0,170.0,3.0,27.4,25.0,86.8,1003.9,7.0,0.1,2.0,cma,18.0
202108051100,54857.0,1.0,9.0,4.0,80.0,170.0,3.0,27.4,25.0,86.8,1003.9,7.0,0.1,2.0,cma,18.0
202108051200,54857.0,1.0,9.0,4.0,80.0,160.0,2.0,26.9,24.9,88.8,1004.6,2.0,0.7,2.0,cma,6.0
202108051300,54857.0,1.0,9.0,4.0,80.0,160.0,2.0,26.9,24.9,88.8,1004.6,2.0,0.7,2.0,cma,6.0
202108051400,54857.0,1.0,9.0,4.0,80.0,160.0,2.0,26.9,24.9,88.8,1004.6,2.0,0.7,2.0,cma,6.0
202108051500,54857.0,1.0,9.0,4.0,72.0,170.0,3.0,26.3,25.3,94.2,1004.4,7.0,0.2,2.0,cma,15.0
202108051600,54857.0,1.0,9.0,4.0,72.0,170.0,3.0,26.3,25.3,94.2,1004.4,7.0,0.2,2.0,cma,15.0
202108051700,54857.0,1.0,9.0,4.0,72.0,170.0,3.0,26.3,25.3,94.2,1004.4,7.0,0.2,2.0,cma,15.0
202108051800,54857.0,1.0,9.0,4.0,58.0,150.0,2.0,26.1,25.6,97.1,1003.7,7.0,0.7,2.0,cma,21.0
202108051900,54857.0,1.0,9.0,4.0,58.0,150.0,2.0,26.1,25.6,97.1,1003.7,7.0,0.7,2.0,cma,21.0
202108052000,54857.0,1.0,9.0,4.0,58.0,150.0,2.0,26.1,25.6,97.1,1003.7,7.0,0.7,2.0,cma,21.0
202108052100,54857.0,1.0,9.0,4.0,80.0,40.0,3.0,25.2,24.7,97.1,1003.7,4.0,0.0,2.0,cma,21.0
202108052200,54857.0,1.0,9.0,4.0,80.0,40.0,3.0,25.2,24.7,97.1,1003.7,4.0,0.0,2.0,cma,21.0
202108052300,54857.0,1.0,9.0,4.0,80.0,40.0,3.0,25.2,24.7,97.1,1003.7,4.0,0.0,2.0,cma,21.0
202108060000,54857.0,1.0,9.0,4.0,80.0,160.0,2.0,24.9,24.4,97.1,1004.4,2.0,0.7,2.0,cma,24.0
202108060100,54857.0,1.0,9.0,4.0,80.0,160.0,2.0,24.9,24.4,97.1,1004.4,2.0,0.7,2.0,cma,24.0
202108060200,54857.0,1.0,9.0,4.0,80.0,160.0,2.0,24.9,24.4,97.1,1004.4,2.0,0.7,2.0,cma,24.0
202108060300,54857.0,1.0,9.0,4.0,80.0,140.0,3.0,27.9,24.5,81.8,1004.2,7.0,0.2,2.0,cma,24.0
202108060400,54857.0,1.0,9.0,4.0,80.0,140.0,3.0,27.9,24.5,81.8,1004.2,7.0,0.2,2.0,cma,24.0
202108060500,54857.0,1.0,9.0,4.0,80.0,140.0,3.0,27.9,24.5,81.8,1004.2,7.0,0.2,2.0,cma,24.0
202108060600,54857.0,1.0,9.0,4.0,80.0,150.0,3.0,27.7,24.1,80.8,1003.2,7.0,1.0,2.0,cma,15.0
202108060700,54857.0,1.0,9.0,4.0,80.0,150.0,3.0,27.7,24.1,80.8,1003.2,7.0,1.0,2.0,cma,15.0
202108060800,54857.0,1.0,9.0,4.0,80.0,150.0,3.0,27.7,24.1,80.8,1003.2,7.0,1.0,2.0,cma,15.0
202108060900,54857.0,1.0,9.0,4.0,80.0,140.0,2.0,27.3,23.8,81.2,1003.0,7.0,0.2,2.0,cma,15.0
202108061000,54857.0,1.0,9.0,4.0,80.0,140.0,2.0,27.3,23.8,81.2,1003.0,7.0,0.2,2.0,cma,15.0
202108061100,54857.0,1.0,9.0,4.0,80.0,140.0,2.0,27.3,23.8,81.2,1003.0,7.0,0.2,2.0,cma,15.0
202108061200,54857.0,1.0,9.0,4.0,80.0,150.0,2.0,25.9,23.8,88.2,1003.8,2.0,0.8,2.0,cma,2.0
202108061300,54857.0,1.0,9.0,4.0,80.0,150.0,2.0,25.9,23.8,88.2,1003.8,2.0,0.8,2.0,cma,2.0
202108061400,54857.0,1.0,9.0,4.0,80.0,150.0,2.0,25.9,23.8,88.2,1003.8,2.0,0.8,2.0,cma,2.0
202108061500,54857.0,1.0,9.0,4.0,80.0,160.0,2.0,25.5,24.1,92.0,1004.3,2.0,0.5,2.0,cma,10.0
202108061600,54857.0,1.0,9.0,4.0,80.0,160.0,2.0,25.5,24.1,92.0,1004.3,2.0,0.5,2.0,cma,10.0
202108061700,54857.0,1.0,9.0,4.0,80.0,160.0,2.0,25.5,24.1,92.0,1004.3,2.0,0.5,2.0,cma,10.0
202108061800,54857.0,1.0,9.0,4.0,80.0,150.0,1.0,25.1,24.1,94.2,1004.0,7.0,0.3,2.0,cma,5.0
202108061900,54857.0,1.0,9.0,4.0,80.0,150.0,1.0,25.1,24.1,94.2,1004.0,7.0,0.3,2.0,cma,5.0
202108062000,54857.0,1.0,9.0,4.0,80.0,150.0,1.0,25.1,24.1,94.2,1004.0,7.0,0.3,2.0,cma,5.0
202108062100,54857.0,1.0,9.0,4.0,80.0,170.0,1.0,25.0,24.3,95.9,1004.3,2.0,0.3,2.0,cma,13.0
202108062200,54857.0,1.0,9.0,4.0,80.0,170.0,1.0,25.0,24.3,95.9,1004.3,2.0,0.3,2.0,cma,13.0
202108062300,54857.0,1.0,9.0,4.0,80.0,170.0,1.0,25.0,24.3,95.9,1004.3,2.0,0.3,2.0,cma,13.0
202108070000,54857.0,1.0,9.0,4.0,80.0,140.0,2.0,26.5,24.7,89.9,1005.2,2.0,0.9,2.0,cma,13.0
202108070100,54857.0,1.0,9.0,4.0,80.0,140.0,2.0,26.5,24.7,89.9,1005.2,2.0,0.9,2.0,cma,13.0
202108070200,54857.0,1.0,9.0,4.0,80.0,140.0,2.0,26.5,24.7,89.9,1005.2,2.0,0.9,2.0,cma,13.0
202108070300,54857.0,1.0,9.0,4.0,80.0,150.0,2.0,28.9,24.2,75.8,1005.5,2.0,0.3,2.0,cma,9.0
202108070400,54857.0,1.0,9.0,4.0,80.0,150.0,2.0,28.9,24.2,75.8,1005.5,2.0,0.3,2.0,cma,9.0
202108070500,54857.0,1.0,9.0,4.0,80.0,150.0,2.0,28.9,24.2,75.8,1005.5,2.0,0.3,2.0,cma,9.0
202108070600,54857.0,1.0,9.0,4.0,80.0,180.0,4.0,28.3,24.5,79.9,1004.9,7.0,0.6,2.0,cma,10.0
202108070700,54857.0,1.0,9.0,4.0,80.0,180.0,4.0,28.3,24.5,79.9,1004.9,7.0,0.6,2.0,cma,10.0
202108070800,54857.0,1.0,9.0,4.0,80.0,180.0,4.0,28.3,24.5,79.9,1004.9,7.0,0.6,2.0,cma,10.0
202108070900,54857.0,1.0,9.0,4.0,80.0,180.0,3.0,27.4,24.5,84.2,1003.9,7.0,1.0,2.0,cma,16.0
202108071000,54857.0,1.0,9.0,4.0,80.0,180.0,3.0,27.4,24.5,84.2,1003.9,7.0,1.0,2.0,cma,16.0
202108071100,54857.0,1.0,9.0,4.0,80.0,180.0,3.0,27.4,24.5,84.2,1003.9,7.0,1.0,2.0,cma,16.0
202108071200,54857.0,1.0,9.0,4.0,80.0,150.0,2.0,26.7,24.7,88.8,1005.4,2.0,1.5,2.0,cma,3.0
202108071300,54857.0,1.0,9.0,4.0,80.0,150.0,2.0,26.7,24.7,88.8,1005.4,2.0,1.5,2.0,cma,3.0
202108071400,54857.0,1.0,9.0,4.0,80.0,150.0,2.0,26.7,24.7,88.8,1005.4,2.0,1.5,2.0,cma,3.0
202108071500,54857.0,1.0,9.0,4.0,80.0,200.0,2.0,26.2,24.8,92.0,1005.8,2.0,0.4,2.0,cma,18.0
202108071600,54857.0,1.0,9.0,4.0,80.0,200.0,2.0,26.2,24.8,92.0,1005.8,2.0,0.4,2.0,cma,18.0
202108071700,54857.0,1.0,9.0,4.0,80.0,200.0,2.0,26.2,24.8,92.0,1005.8,2.0,0.4,2.0,cma,18.0
202108071800,54857.0,1.0,9.0,4.0,80.0,180.0,1.0,25.6,24.6,94.2,1005.2,7.0,0.6,2.0,cma,1.0
202108071900,54857.0,1.0,9.0,4.0,80.0,180.0,1.0,25.6,24.6,94.2,1005.2,7.0,0.6,2.0,cma,1.0
202108072000,54857.0,1.0,9.0,4.0,80.0,180.0,1.0,25.6,24.6,94.2,1005.2,7.0,0.6,2.0,cma,1.0
202108072100,54857.0,1.0,9.0,4.0,61.0,290.0,3.0,25.6,24.7,94.8,1005.4,2.0,0.2,2.0,cma,20.0
202108072200,54857.0,1.0,9.0,4.0,61.0,290.0,3.0,25.6,24.7,94.8,1005.4,2.0,0.2,2.0,cma,20.0
202108072300,54857.0,1.0,9.0,4.0,61.0,290.0,3.0,25.6,24.7,94.8,1005.4,2.0,0.2,2.0,cma,20.0
202108080000,54857.0,1.0,9.0,4.0,57.0,350.0,2.0,27.3,24.4,84.2,1005.6,2.0,0.2,2.0,cma,13.0
202108080100,54857.0,1.0,9.0,4.0,57.0,350.0,2.0,27.3,24.4,84.2,1005.6,2.0,0.2,2.0,cma,13.0
202108080200,54857.0,1.0,9.0,4.0,57.0,350.0,2.0,27.3,24.4,84.2,1005.6,2.0,0.2,2.0,cma,13.0
202108080300,54857.0,1.0,9.0,4.0,46.0,290.0,2.0,30.0,25.3,76.0,1005.9,2.0,0.3,2.0,cma,15.0
202108080400,54857.0,1.0,9.0,4.0,46.0,290.0,2.0,30.0,25.3,76.0,1005.9,2.0,0.3,2.0,cma,15.0
202108080500,54857.0,1.0,9.0,4.0,46.0,290.0,2.0,30.0,25.3,76.0,1005.9,2.0,0.3,2.0,cma,15.0
202108080600,54857.0,1.0,9.0,4.0,62.0,180.0,3.0,29.4,24.9,76.8,1004.9,7.0,1.0,2.0,cma,20.0
202108080700,54857.0,1.0,9.0,4.0,62.0,180.0,3.0,29.4,24.9,76.8,1004.9,7.0,1.0,2.0,cma,20.0
202108080800,54857.0,1.0,9.0,4.0,62.0,180.0,3.0,29.4,24.9,76.8,1004.9,7.0,1.0,2.0,cma,20.0
202108080900,54857.0,1.0,9.0,4.0,67.0,160.0,3.0,28.1,24.7,81.8,1004.5,7.0,0.4,2.0,cma,39.0
202108081000,54857.0,1.0,9.0,4.0,67.0,160.0,3.0,28.1,24.7,81.8,1004.5,7.0,0.4,2.0,cma,39.0
202108081100,54857.0,1.0,9.0,4.0,67.0,160.0,3.0,28.1,24.7,81.8,1004.5,7.0,0.4,2.0,cma,39.0
202108081200,54857.0,1.0,9.0,4.0,64.0,160.0,2.0,27.0,24.8,87.8,1004.6,2.0,0.1,2.0,cma,51.0
202108081300,54857.0,1.0,9.0,4.0,64.0,160.0,2.0,27.0,24.8,87.8,1004.6,2.0,0.1,2.0,cma,51.0
202108081400,54857.0,1.0,9.0,4.0,64.0,160.0,2.0,27.0,24.8,87.8,1004.6,2.0,0.1,2.0,cma,51.0
202108081500,54857.0,1.0,9.0,4.0,57.0,180.0,2.0,26.4,25.2,93.1,1005.5,2.0,0.9,2.0,cma,49.0
202108081600,54857.0,1.0,9.0,4.0,57.0,180.0,2.0,26.4,25.2,93.1,1005.5,2.0,0.9,2.0,cma,49.0
202108081700,54857.0,1.0,9.0,4.0,57.0,180.0,2.0,26.4,25.2,93.1,1005.5,2.0,0.9,2.0,cma,49.0
202108081800,54857.0,1.0,9.0,4.0,58.0,310.0,3.0,25.3,23.0,87.1,1004.9,7.0,0.6,2.0,cma,13.0
202108081900,54857.0,1.0,9.0,4.0,58.0,310.0,3.0,25.3,23.0,87.1,1004.9,7.0,0.6,2.0,cma,13.0
202108082000,54857.0,1.0,9.0,4.0,58.0,310.0,3.0,25.3,23.0,87.1,1004.9,7.0,0.6,2.0,cma,13.0
202108082100,54857.0,1.0,9.0,4.0,49.0,320.0,2.0,24.6,22.8,89.7,1004.9,4.0,0.0,2.0,cma,38.0
202108082200,54857.0,1.0,9.0,4.0,49.0,320.0,2.0,24.6,22.8,89.7,1004.9,4.0,0.0,2.0,cma,38.0
202108082300,54857.0,1.0,9.0,4.0,49.0,320.0,2.0,24.6,22.8,89.7,1004.9,4.0,0.0,2.0,cma,38.0
202108090000,54857.0,1.0,9.0,4.0,46.0,330.0,3.0,25.6,22.9,85.1,1005.3,2.0,0.4,2.0,cma,35.0
202108090100,54857.0,1.0,9.0,4.0,46.0,330.0,3.0,25.6,22.9,85.1,1005.3,2.0,0.4,2.0,cma,35.0
202108090200,54857.0,1.0,9.0,4.0,46.0,330.0,3.0,25.6,22.9,85.1,1005.3,2.0,0.4,2.0,cma,35.0
202108090300,54857.0,1.0,9.0,4.0,57.0,320.0,2.0,29.6,23.1,68.1,1005.0,7.0,0.3,2.0,cma,36.0
202108090400,54857.0,1.0,9.0,4.0,57.0,320.0,2.0,29.6,23.1,68.1,1005.0,7.0,0.3,2.0,cma,36.0
202108090500,54857.0,1.0,9.0,4.0,57.0,320.0,2.0,29.6,23.1,68.1,1005.0,7.0,0.3,2.0,cma,36.0
202108090600,54857.0,1.0,9.0,4.0,45.0,180.0,4.0,29.0,23.0,70.1,1004.3,7.0,0.7,2.0,cma,41.0
202108090700,54857.0,1.0,9.0,4.0,45.0,180.0,4.0,29.0,23.0,70.1,1004.3,7.0,0.7,2.0,cma,41.0
202108090800,54857.0,1.0,9.0,4.0,45.0,180.0,4.0,29.0,23.0,70.1,1004.3,7.0,0.7,2.0,cma,41.0
202108090900,54857.0,1.0,9.0,4.0,65.0,170.0,3.0,28.2,20.7,63.8,1003.9,7.0,0.4,2.0,cma,76.0
202108091000,54857.0,1.0,9.0,4.0,65.0,170.0,3.0,28.2,20.7,63.8,1003.9,7.0,0.4,2.0,cma,76.0
202108091100,54857.0,1.0,9.0,4.0,65.0,170.0,3.0,28.2,20.7,63.8,1003.9,7.0,0.4,2.0,cma,76.0
202108091200,54857.0,1.0,9.0,4.0,66.0,160.0,2.0,26.9,22.7,77.8,1004.5,2.0,0.6,2.0,cma,42.0
202108091300,54857.0,1.0,9.0,4.0,66.0,160.0,2.0,26.9,22.7,77.8,1004.5,2.0,0.6,2.0,cma,42.0
202108091400,54857.0,1.0,9.0,4.0,66.0,160.0,2.0,26.9,22.7,77.8,1004.5,2.0,0.6,2.0,cma,42.0
202108091500,54857.0,1.0,9.0,4.0,49.0,170.0,2.0,26.5,24.7,89.9,1005.5,2.0,1.0,2.0,cma,363.0
202108091600,54857.0,1.0,9.0,4.0,49.0,170.0,2.0,26.5,24.7,89.9,1005.5,2.0,1.0,2.0,cma,363.0
202108091700,54857.0,1.0,9.0,4.0,49.0,170.0,2.0,26.5,24.7,89.9,1005.5,2.0,1.0,2.0,cma,363.0
202108091800,54857.0,1.0,9.0,4.0,38.0,150.0,2.0,26.1,25.1,94.2,1005.4,7.0,0.1,2.0,cma,52.0
202108091900,54857.0,1.0,9.0,4.0,38.0,150.0,2.0,26.1,25.1,94.2,1005.4,7.0,0.1,2.0,cma,52.0
202108092000,54857.0,1.0,9.0,4.0,38.0,150.0,2.0,26.1,25.1,94.2,1005.4,7.0,0.1,2.0,cma,52.0
202108092100,54857.0,1.0,9.0,4.0,19.0,160.0,2.0,26.1,25.8,98.2,1005.7,2.0,0.3,2.0,cma,44.0
202108092200,54857.0,1.0,9.0,4.0,19.0,160.0,2.0,26.1,25.8,98.2,1005.7,2.0,0.3,2.0,cma,44.0
202108092300,54857.0,1.0,9.0,4.0,19.0,160.0,2.0,26.1,25.8,98.2,1005.7,2.0,0.3,2.0,cma,44.0
202108100000,54857.0,1.0,9.0,4.0,38.0,150.0,1.0,28.2,24.8,81.8,1006.2,2.0,0.5,2.0,cma,51.0
202108100100,54857.0,1.0,9.0,4.0,38.0,150.0,1.0,28.2,24.8,81.8,1006.2,2.0,0.5,2.0,cma,51.0
202108100200,54857.0,1.0,9.0,4.0,38.0,150.0,1.0,28.2,24.8,81.8,1006.2,2.0,0.5,2.0,cma,51.0
202108100300,54857.0,1.0,9.0,4.0,50.0,180.0,4.0,29.4,25.2,78.2,1006.8,2.0,0.6,2.0,cma,78.0
202108100400,54857.0,1.0,9.0,4.0,50.0,180.0,4.0,29.4,25.2,78.2,1006.8,2.0,0.6,2.0,cma,78.0
202108100500,54857.0,1.0,9.0,4.0,50.0,180.0,4.0,29.4,25.2,78.2,1006.8,2.0,0.6,2.0,cma,78.0
202108100600,54857.0,1.0,9.0,4.0,50.0,180.0,4.0,29.7,26.3,82.0,1006.2,7.0,0.6,2.0,cma,58.0
202108100700,54857.0,1.0,9.0,4.0,50.0,180.0,4.0,29.7,26.3,82.0,1006.2,7.0,0.6,2.0,cma,58.0
202108100800,54857.0,1.0,9.0,4.0,50.0,180.0,4.0,29.7,26.3,82.0,1006.2,7.0,0.6,2.0,cma,58.0
202108100900,54857.0,1.0,9.0,4.0,56.0,190.0,3.0,28.5,25.5,83.9,1005.5,7.0,0.7,2.0,cma,88.0
202108101000,54857.0,1.0,9.0,4.0,56.0,190.0,3.0,28.5,25.5,83.9,1005.5,7.0,0.7,2.0,cma,88.0
202108101100,54857.0,1.0,9.0,4.0,56.0,190.0,3.0,28.5,25.5,83.9,1005.5,7.0,0.7,2.0,cma,88.0
202108101200,54857.0,1.0,9.0,4.0,56.0,210.0,2.0,27.1,25.1,88.8,1008.2,2.0,2.7,2.0,cma,64.0
202108101300,54857.0,1.0,9.0,4.0,56.0,210.0,2.0,27.1,25.1,88.8,1008.2,2.0,2.7,2.0,cma,64.0
202108101400,54857.0,1.0,9.0,4.0,56.0,210.0,2.0,27.1,25.1,88.8,1008.2,2.0,2.7,2.0,cma,64.0
202108101500,54857.0,1.0,9.0,4.0,69.0,100.0,3.0,25.7,20.7,73.9,1008.1,7.0,0.1,2.0,cma,79.0
202108101600,54857.0,1.0,9.0,4.0,69.0,100.0,3.0,25.7,20.7,73.9,1008.1,7.0,0.1,2.0,cma,79.0
202108101700,54857.0,1.0,9.0,4.0,69.0,100.0,3.0,25.7,20.7,73.9,1008.1,7.0,0.1,2.0,cma,79.0
202108101800,54857.0,1.0,9.0,4.0,60.0,180.0,1.0,23.6,22.2,91.9,1007.8,7.0,0.3,2.0,cma,37.0
202108101900,54857.0,1.0,9.0,4.0,60.0,180.0,1.0,23.6,22.2,91.9,1007.8,7.0,0.3,2.0,cma,37.0
202108102000,54857.0,1.0,9.0,4.0,60.0,180.0,1.0,23.6,22.2,91.9,1007.8,7.0,0.3,2.0,cma,37.0
202108102100,54857.0,1.0,9.0,4.0,42.0,60.0,2.0,23.9,22.9,94.1,1008.3,2.0,0.5,2.0,cma,73.0
202108102200,54857.0,1.0,9.0,4.0,42.0,60.0,2.0,23.9,22.9,94.1,1008.3,2.0,0.5,2.0,cma,73.0
202108102300,54857.0,1.0,9.0,4.0,42.0,60.0,2.0,23.9,22.9,94.1,1008.3,2.0,0.5,2.0,cma,73.0
202108110000,54857.0,1.0,9.0,4.0,57.0,230.0,1.0,27.6,23.8,79.8,1009.8,2.0,1.5,2.0,cma,-1.0
202108110100,54857.0,1.0,9.0,4.0,57.0,230.0,1.0,27.6,23.8,79.8,1009.8,2.0,1.5,2.0,cma,-1.0
202108110200,54857.0,1.0,9.0,4.0,57.0,230.0,1.0,27.6,23.8,79.8,1009.8,2.0,1.5,2.0,cma,-1.0
202108110300,54857.0,1.0,9.0,4.0,64.0,140.0,3.0,29.2,23.6,71.9,1010.1,2.0,0.3,2.0,cma,66.0
202108110400,54857.0,1.0,9.0,4.0,64.0,140.0,3.0,29.2,23.6,71.9,1010.1,2.0,0.3,2.0,cma,66.0
202108110500,54857.0,1.0,9.0,4.0,64.0,140.0,3.0,29.2,23.6,71.9,1010.1,2.0,0.3,2.0,cma,66.0
202108110600,54857.0,1.0,9.0,4.0,64.0,180.0,4.0,29.0,23.9,74.0,1009.7,7.0,0.5,2.0,cma,25.0
202108110700,54857.0,1.0,9.0,4.0,64.0,180.0,4.0,29.0,23.9,74.0,1009.7,7.0,0.5,2.0,cma,25.0
202108110800,54857.0,1.0,9.0,4.0,64.0,180.0,4.0,29.0,23.9,74.0,1009.7,7.0,0.5,2.0,cma,25.0
202108110900,54857.0,1.0,9.0,4.0,64.0,180.0,4.0,29.0,23.9,74.0,1009.7,7.0,0.5,2.0,cma,25.0
202108111000,54857.0,1.0,9.0,4.0,64.0,180.0,4.0,29.0,23.9,74.0,1009.7,7.0,0.5,2.0,cma,25.0
202108111100,54857.0,1.0,9.0,4.0,64.0,180.0,4.0,29.0,23.9,74.0,1009.7,7.0,0.5,2.0,cma,25.0
202108111200,54857.0,1.0,9.0,4.0,64.0,180.0,4.0,29.0,23.9,74.0,1009.7,7.0,0.5,2.0,cma,25.0
202108111300,54857.0,1.0,9.0,4.0,64.0,180.0,4.0,29.0,23.9,74.0,1009.7,7.0,0.5,2.0,cma,25.0
202108111400,54857.0,1.0,9.0,4.0,64.0,180.0,4.0,29.0,23.9,74.0,1009.7,7.0,0.5,2.0,cma,25.0
202108111500,54857.0,1.0,9.0,4.0,66.0,330.0,1.0,27.0,22.8,77.8,1010.9,2.0,0.8,2.0,cma,40.0
202108111600,54857.0,1.0,9.0,4.0,66.0,330.0,1.0,27.0,22.8,77.8,1010.9,2.0,0.8,2.0,cma,40.0
202108111700,54857.0,1.0,9.0,4.0,66.0,330.0,1.0,27.0,22.8,77.8,1010.9,2.0,0.8,2.0,cma,40.0
202108111800,54857.0,1.0,9.0,4.0,58.0,180.0,2.0,25.8,24.4,92.0,1010.9,4.0,0.0,2.0,cma,19.0
202108111900,54857.0,1.0,9.0,4.0,58.0,180.0,2.0,25.8,24.4,92.0,1010.9,4.0,0.0,2.0,cma,19.0
202108112000,54857.0,1.0,9.0,4.0,58.0,180.0,2.0,25.8,24.4,92.0,1010.9,4.0,0.0,2.0,cma,19.0
202108112100,54857.0,1.0,9.0,4.0,58.0,90.0,1.0,25.7,23.9,89.8,1010.2,7.0,0.7,2.0,cma,33.0
202108112200,54857.0,1.0,9.0,4.0,58.0,90.0,1.0,25.7,23.9,89.8,1010.2,7.0,0.7,2.0,cma,33.0
202108112300,54857.0,1.0,9.0,4.0,58.0,90.0,1.0,25.7,23.9,89.8,1010.2,7.0,0.7,2.0,cma,33.0
202108120000,54857.0,1.0,9.0,4.0,64.0,200.0,1.0,27.1,23.6,81.2,1011.3,2.0,1.1,2.0,cma,22.0
202108120100,54857.0,1.0,9.0,4.0,64.0,200.0,1.0,27.1,23.6,81.2,1011.3,2.0,1.1,2.0,cma,22.0
202108120200,54857.0,1.0,9.0,4.0,64.0,200.0,1.0,27.1,23.6,81.2,1011.3,2.0,1.1,2.0,cma,22.0
202108120300,54857.0,1.0,9.0,4.0,59.0,230.0,1.0,28.2,24.2,79.0,1010.8,7.0,0.5,2.0,cma,59.0
202108120400,54857.0,1.0,9.0,4.0,59.0,230.0,1.0,28.2,24.2,79.0,1010.8,7.0,0.5,2.0,cma,59.0
202108120500,54857.0,1.0,9.0,4.0,59.0,230.0,1.0,28.2,24.2,79.0,1010.8,7.0,0.5,2.0,cma,59.0
202108120600,54857.0,1.0,9.0,4.0,65.0,130.0,4.0,28.5,24.1,77.1,1009.2,7.0,1.6,2.0,cma,20.0
202108120700,54857.0,1.0,9.0,4.0,65.0,130.0,4.0,28.5,24.1,77.1,1009.2,7.0,1.6,2.0,cma,20.0
202108120800,54857.0,1.0,9.0,4.0,65.0,130.0,4.0,28.5,24.1,77.1,1009.2,7.0,1.6,2.0,cma,20.0
202108120900,54857.0,1.0,9.0,4.0,62.0,40.0,2.0,25.1,20.6,76.1,1009.3,4.0,0.0,2.0,cma,49.0
202108121000,54857.0,1.0,9.0,4.0,62.0,40.0,2.0,25.1,20.6,76.1,1009.3,4.0,0.0,2.0,cma,49.0
202108121100,54857.0,1.0,9.0,4.0,62.0,40.0,2.0,25.1,20.6,76.1,1009.3,4.0,0.0,2.0,cma,49.0
202108121200,54857.0,1.0,9.0,4.0,59.0,190.0,1.0,25.4,21.9,81.0,1009.3,4.0,0.0,2.0,cma,21.0
202108121300,54857.0,1.0,9.0,4.0,59.0,190.0,1.0,25.4,21.9,81.0,1009.3,4.0,0.0,2.0,cma,21.0
202108121400,54857.0,1.0,9.0,4.0,59.0,190.0,1.0,25.4,21.9,81.0,1009.3,4.0,0.0,2.0,cma,21.0
202108121500,54857.0,1.0,9.0,4.0,57.0,50.0,1.0,24.8,21.7,82.9,1009.4,2.0,0.2,2.0,cma,43.0
202108121600,54857.0,1.0,9.0,4.0,57.0,50.0,1.0,24.8,21.7,82.9,1009.4,2.0,0.2,2.0,cma,43.0
202108121700,54857.0,1.0,9.0,4.0,57.0,50.0,1.0,24.8,21.7,82.9,1009.4,2.0,0.2,2.0,cma,43.0
202108121800,54857.0,1.0,9.0,4.0,56.0,30.0,1.0,24.5,22.0,86.0,1008.5,7.0,0.9,2.0,cma,34.0
202108121900,54857.0,1.0,9.0,4.0,56.0,30.0,1.0,24.5,22.0,86.0,1008.5,7.0,0.9,2.0,cma,34.0
202108122000,54857.0,1.0,9.0,4.0,56.0,30.0,1.0,24.5,22.0,86.0,1008.5,7.0,0.9,2.0,cma,34.0
202108122100,54857.0,1.0,9.0,4.0,57.0,360.0,1.0,24.2,22.3,89.2,1008.7,2.0,0.1,2.0,cma,39.0
202108122200,54857.0,1.0,9.0,4.0,57.0,360.0,1.0,24.2,22.3,89.2,1008.7,2.0,0.1,2.0,cma,39.0
202108122300,54857.0,1.0,9.0,4.0,57.0,360.0,1.0,24.2,22.3,89.2,1008.7,2.0,0.1,2.0,cma,39.0
202108130000,54857.0,1.0,9.0,4.0,58.0,350.0,2.0,24.0,22.1,89.1,1008.6,7.0,0.1,2.0,cma,53.0
202108130100,54857.0,1.0,9.0,4.0,58.0,350.0,2.0,24.0,22.1,89.1,1008.6,7.0,0.1,2.0,cma,53.0
202108130200,54857.0,1.0,9.0,4.0,58.0,350.0,2.0,24.0,22.1,89.1,1008.6,7.0,0.1,2.0,cma,53.0
202108130300,54857.0,1.0,9.0,4.0,62.0,230.0,2.0,27.4,22.1,72.9,1008.1,7.0,0.4,2.0,cma,68.0
202108130400,54857.0,1.0,9.0,4.0,62.0,230.0,2.0,27.4,22.1,72.9,1008.1,7.0,0.4,2.0,cma,68.0
202108130500,54857.0,1.0,9.0,4.0,62.0,230.0,2.0,27.4,22.1,72.9,1008.1,7.0,0.4,2.0,cma,68.0
202108130600,54857.0,1.0,9.0,4.0,75.0,180.0,2.0,26.9,20.5,68.0,1007.8,7.0,0.4,2.0,cma,46.0
202108130700,54857.0,1.0,9.0,4.0,75.0,180.0,2.0,26.9,20.5,68.0,1007.8,7.0,0.4,2.0,cma,46.0
202108130800,54857.0,1.0,9.0,4.0,75.0,180.0,2.0,26.9,20.5,68.0,1007.8,7.0,0.4,2.0,cma,46.0
202108130900,54857.0,1.0,9.0,4.0,80.0,150.0,2.0,26.2,19.6,67.0,1007.2,7.0,0.6,2.0,cma,45.0
202108131000,54857.0,1.0,9.0,4.0,80.0,150.0,2.0,26.2,19.6,67.0,1007.2,7.0,0.6,2.0,cma,45.0
202108131100,54857.0,1.0,9.0,4.0,80.0,150.0,2.0,26.2,19.6,67.0,1007.2,7.0,0.6,2.0,cma,45.0
202108131200,54857.0,1.0,9.0,4.0,70.0,150.0,1.0,25.4,21.5,79.0,1007.9,2.0,0.7,2.0,cma,10.0
202108131300,54857.0,1.0,9.0,4.0,70.0,150.0,1.0,25.4,21.5,79.0,1007.9,2.0,0.7,2.0,cma,10.0
202108131400,54857.0,1.0,9.0,4.0,70.0,150.0,1.0,25.4,21.5,79.0,1007.9,2.0,0.7,2.0,cma,10.0
202108131500,54857.0,1.0,9.0,4.0,77.0,40.0,3.0,24.9,19.7,72.9,1007.6,7.0,0.2,2.0,cma,48.0
202108131600,54857.0,1.0,9.0,4.0,77.0,40.0,3.0,24.9,19.7,72.9,1007.6,7.0,0.2,2.0,cma,48.0
202108131700,54857.0,1.0,9.0,4.0,77.0,40.0,3.0,24.9,19.7,72.9,1007.6,7.0,0.2,2.0,cma,48.0
202108131800,54857.0,1.0,9.0,4.0,73.0,20.0,2.0,23.3,18.8,75.8,1007.5,7.0,0.2,2.0,cma,12.0
202108131900,54857.0,1.0,9.0,4.0,73.0,20.0,2.0,23.3,18.8,75.8,1007.5,7.0,0.2,2.0,cma,12.0
202108132000,54857.0,1.0,9.0,4.0,73.0,20.0,2.0,23.3,18.8,75.8,1007.5,7.0,0.2,2.0,cma,12.0
202108132100,54857.0,1.0,9.0,4.0,62.0,20.0,4.0,21.8,18.2,80.0,1008.0,2.0,0.5,2.0,cma,34.0
202108132200,54857.0,1.0,9.0,4.0,62.0,20.0,4.0,21.8,18.2,80.0,1008.0,2.0,0.5,2.0,cma,34.0
202108132300,54857.0,1.0,9.0,4.0,62.0,20.0,4.0,21.8,18.2,80.0,1008.0,2.0,0.5,2.0,cma,34.0
202108140000,54857.0,1.0,9.0,4.0,65.0,360.0,2.0,24.4,18.8,71.0,1009.1,2.0,1.1,2.0,cma,19.0
202108140100,54857.0,1.0,9.0,4.0,65.0,360.0,2.0,24.4,18.8,71.0,1009.1,2.0,1.1,2.0,cma,19.0
202108140200,54857.0,1.0,9.0,4.0,65.0,360.0,2.0,24.4,18.8,71.0,1009.1,2.0,1.1,2.0,cma,19.0
202108140300,54857.0,1.0,9.0,4.0,68.0,10.0,3.0,28.2,18.3,55.0,1008.8,7.0,0.2,2.0,cma,26.0
202108140400,54857.0,1.0,9.0,4.0,68.0,10.0,3.0,28.2,18.3,55.0,1008.8,7.0,0.2,2.0,cma,26.0
202108140500,54857.0,1.0,9.0,4.0,68.0,10.0,3.0,28.2,18.3,55.0,1008.8,7.0,0.2,2.0,cma,26.0
202108140600,54857.0,1.0,9.0,4.0,67.0,170.0,3.0,27.2,20.0,64.8,1008.4,7.0,0.5,2.0,cma,28.0
202108140700,54857.0,1.0,9.0,4.0,67.0,170.0,3.0,27.2,20.0,64.8,1008.4,7.0,0.5,2.0,cma,28.0
202108140800,54857.0,1.0,9.0,4.0,67.0,170.0,3.0,27.2,20.0,64.8,1008.4,7.0,0.5,2.0,cma,28.0
202108140900,54857.0,1.0,9.0,4.0,68.0,180.0,2.0,27.0,19.9,65.2,1008.6,2.0,0.2,2.0,cma,43.0
202108141000,54857.0,1.0,9.0,4.0,68.0,180.0,2.0,27.0,19.9,65.2,1008.6,2.0,0.2,2.0,cma,43.0
202108141100,54857.0,1.0,9.0,4.0,68.0,180.0,2.0,27.0,19.9,65.2,1008.6,2.0,0.2,2.0,cma,43.0
202108141200,54857.0,1.0,9.0,4.0,69.0,210.0,2.0,25.5,21.0,76.2,1009.9,2.0,1.3,2.0,cma,33.0
202108141300,54857.0,1.0,9.0,4.0,69.0,210.0,2.0,25.5,21.0,76.2,1009.9,2.0,1.3,2.0,cma,33.0
202108141400,54857.0,1.0,9.0,4.0,69.0,210.0,2.0,25.5,21.0,76.2,1009.9,2.0,1.3,2.0,cma,33.0
202108141500,54857.0,1.0,9.0,4.0,78.0,210.0,1.0,24.3,20.8,80.8,1010.8,2.0,0.9,2.0,cma,36.0
202108141600,54857.0,1.0,9.0,4.0,78.0,210.0,1.0,24.3,20.8,80.8,1010.8,2.0,0.9,2.0,cma,36.0
202108141700,54857.0,1.0,9.0,4.0,78.0,210.0,1.0,24.3,20.8,80.8,1010.8,2.0,0.9,2.0,cma,36.0
202108141800,54857.0,1.0,9.0,4.0,66.0,250.0,2.0,23.2,21.3,89.1,1010.8,4.0,0.0,2.0,cma,23.0
202108141900,54857.0,1.0,9.0,4.0,66.0,250.0,2.0,23.2,21.3,89.1,1010.8,4.0,0.0,2.0,cma,23.0
202108142000,54857.0,1.0,9.0,4.0,66.0,250.0,2.0,23.2,21.3,89.1,1010.8,4.0,0.0,2.0,cma,23.0
202108142100,54857.0,1.0,9.0,4.0,58.0,320.0,2.0,22.6,21.4,92.9,1011.6,2.0,0.8,2.0,cma,35.0
202108142200,54857.0,1.0,9.0,4.0,58.0,320.0,2.0,22.6,21.4,92.9,1011.6,2.0,0.8,2.0,cma,35.0
202108142300,54857.0,1.0,9.0,4.0,58.0,320.0,2.0,22.6,21.4,92.9,1011.6,2.0,0.8,2.0,cma,35.0
202108150000,54857.0,1.0,9.0,4.0,50.0,320.0,2.0,24.3,22.0,87.0,1012.8,2.0,1.2,2.0,cma,28.0
202108150100,54857.0,1.0,9.0,4.0,50.0,320.0,2.0,24.3,22.0,87.0,1012.8,2.0,1.2,2.0,cma,28.0
202108150200,54857.0,1.0,9.0,4.0,50.0,320.0,2.0,24.3,22.0,87.0,1012.8,2.0,1.2,2.0,cma,28.0
202108150300,54857.0,1.0,9.0,4.0,57.0,250.0,2.0,27.5,21.5,69.8,1013.1,2.0,0.3,2.0,cma,33.0
202108150400,54857.0,1.0,9.0,4.0,57.0,250.0,2.0,27.5,21.5,69.8,1013.1,2.0,0.3,2.0,cma,33.0
202108150500,54857.0,1.0,9.0,4.0,57.0,250.0,2.0,27.5,21.5,69.8,1013.1,2.0,0.3,2.0,cma,33.0
202108150600,54857.0,1.0,9.0,4.0,78.0,140.0,2.0,29.2,20.9,61.0,1012.3,7.0,0.8,2.0,cma,36.0
202108150700,54857.0,1.0,9.0,4.0,78.0,140.0,2.0,29.2,20.9,61.0,1012.3,7.0,0.8,2.0,cma,36.0
202108150800,54857.0,1.0,9.0,4.0,78.0,140.0,2.0,29.2,20.9,61.0,1012.3,7.0,0.8,2.0,cma,36.0
202108150900,54857.0,1.0,9.0,4.0,70.0,140.0,3.0,27.4,22.8,76.0,1012.1,7.0,0.2,2.0,cma,324.0
202108151000,54857.0,1.0,9.0,4.0,70.0,140.0,3.0,27.4,22.8,76.0,1012.1,7.0,0.2,2.0,cma,324.0
202108151100,54857.0,1.0,9.0,4.0,70.0,140.0,3.0,27.4,22.8,76.0,1012.1,7.0,0.2,2.0,cma,324.0
202108151200,54857.0,1.0,9.0,4.0,72.0,120.0,2.0,26.0,23.7,87.2,1012.8,2.0,0.7,2.0,cma,519.0
202108151300,54857.0,1.0,9.0,4.0,72.0,120.0,2.0,26.0,23.7,87.2,1012.8,2.0,0.7,2.0,cma,519.0
202108151400,54857.0,1.0,9.0,4.0,72.0,120.0,2.0,26.0,23.7,87.2,1012.8,2.0,0.7,2.0,cma,519.0
202108151500,54857.0,1.0,9.0,4.0,75.0,140.0,2.0,25.5,23.6,89.3,1013.8,2.0,1.0,2.0,cma,280.0
202108151600,54857.0,1.0,9.0,4.0,75.0,140.0,2.0,25.5,23.6,89.3,1013.8,2.0,1.0,2.0,cma,280.0
202108151700,54857.0,1.0,9.0,4.0,75.0,140.0,2.0,25.5,23.6,89.3,1013.8,2.0,1.0,2.0,cma,280.0
202108151800,54857.0,1.0,9.0,4.0,80.0,140.0,1.0,25.1,23.5,90.9,1013.4,7.0,0.4,2.0,cma,48.0
202108151900,54857.0,1.0,9.0,4.0,80.0,140.0,1.0,25.1,23.5,90.9,1013.4,7.0,0.4,2.0,cma,48.0
202108152000,54857.0,1.0,9.0,4.0,80.0,140.0,1.0,25.1,23.5,90.9,1013.4,7.0,0.4,2.0,cma,48.0
202108152100,54857.0,1.0,9.0,4.0,80.0,130.0,1.0,24.5,22.9,90.8,1013.3,7.0,0.1,2.0,cma,36.0
202108152200,54857.0,1.0,9.0,4.0,80.0,130.0,1.0,24.5,22.9,90.8,1013.3,7.0,0.1,2.0,cma,36.0
202108152300,54857.0,1.0,9.0,4.0,80.0,130.0,1.0,24.5,22.9,90.8,1013.3,7.0,0.1,2.0,cma,36.0
202108160000,54857.0,1.0,9.0,4.0,80.0,150.0,2.0,27.1,22.3,75.1,1014.3,2.0,1.0,2.0,cma,509.0
202108160100,54857.0,1.0,9.0,4.0,80.0,150.0,2.0,27.1,22.3,75.1,1014.3,2.0,1.0,2.0,cma,509.0
202108160200,54857.0,1.0,9.0,4.0,80.0,150.0,2.0,27.1,22.3,75.1,1014.3,2.0,1.0,2.0,cma,509.0
202108160300,54857.0,1.0,9.0,4.0,80.0,190.0,3.0,28.4,21.7,67.1,1014.2,7.0,0.1,2.0,cma,132.0
202108160400,54857.0,1.0,9.0,4.0,80.0,190.0,3.0,28.4,21.7,67.1,1014.2,7.0,0.1,2.0,cma,132.0
202108160500,54857.0,1.0,9.0,4.0,80.0,190.0,3.0,28.4,21.7,67.1,1014.2,7.0,0.1,2.0,cma,132.0
202108160600,54857.0,1.0,9.0,4.0,80.0,180.0,4.0,28.0,22.5,72.1,1012.7,7.0,1.5,2.0,cma,120.0
202108160700,54857.0,1.0,9.0,4.0,80.0,180.0,4.0,28.0,22.5,72.1,1012.7,7.0,1.5,2.0,cma,120.0
202108160800,54857.0,1.0,9.0,4.0,80.0,180.0,4.0,28.0,22.5,72.1,1012.7,7.0,1.5,2.0,cma,120.0
202108160900,54857.0,1.0,9.0,4.0,80.0,170.0,4.0,27.5,22.7,75.1,1012.1,7.0,0.6,2.0,cma,120.0
202108161000,54857.0,1.0,9.0,4.0,80.0,170.0,4.0,27.5,22.7,75.1,1012.1,7.0,0.6,2.0,cma,120.0
202108161100,54857.0,1.0,9.0,4.0,80.0,170.0,4.0,27.5,22.7,75.1,1012.1,7.0,0.6,2.0,cma,120.0
202108161200,54857.0,1.0,9.0,4.0,80.0,180.0,2.0,26.0,23.5,86.1,1012.8,2.0,0.7,2.0,cma,338.0
202108161300,54857.0,1.0,9.0,4.0,80.0,180.0,2.0,26.0,23.5,86.1,1012.8,2.0,0.7,2.0,cma,338.0
202108161400,54857.0,1.0,9.0,4.0,80.0,180.0,2.0,26.0,23.5,86.1,1012.8,2.0,0.7,2.0,cma,338.0
202108161500,54857.0,1.0,9.0,4.0,80.0,160.0,1.0,25.3,23.2,88.2,1013.1,2.0,0.3,2.0,cma,331.0
202108161600,54857.0,1.0,9.0,4.0,80.0,160.0,1.0,25.3,23.2,88.2,1013.1,2.0,0.3,2.0,cma,331.0
202108161700,54857.0,1.0,9.0,4.0,80.0,160.0,1.0,25.3,23.2,88.2,1013.1,2.0,0.3,2.0,cma,331.0
202108161800,54857.0,1.0,9.0,4.0,80.0,170.0,1.0,24.7,23.1,90.8,1012.1,7.0,1.0,2.0,cma,38.0
202108161900,54857.0,1.0,9.0,4.0,80.0,170.0,1.0,24.7,23.1,90.8,1012.1,7.0,1.0,2.0,cma,38.0
202108162000,54857.0,1.0,9.0,4.0,80.0,170.0,1.0,24.7,23.1,90.8,1012.1,7.0,1.0,2.0,cma,38.0
202108162100,54857.0,1.0,9.0,4.0,80.0,290.0,1.0,24.4,22.8,90.8,1012.1,4.0,0.0,2.0,cma,34.0
202108162200,54857.0,1.0,9.0,4.0,80.0,290.0,1.0,24.4,22.8,90.8,1012.1,4.0,0.0,2.0,cma,34.0
202108162300,54857.0,1.0,9.0,4.0,80.0,290.0,1.0,24.4,22.8,90.8,1012.1,4.0,0.0,2.0,cma,34.0
202108170000,54857.0,1.0,9.0,4.0,58.0,350.0,3.0,25.9,23.2,85.1,1012.6,2.0,0.5,2.0,cma,15.0
202108170100,54857.0,1.0,9.0,4.0,58.0,350.0,3.0,25.9,23.2,85.1,1012.6,2.0,0.5,2.0,cma,15.0
202108170200,54857.0,1.0,9.0,4.0,58.0,350.0,3.0,25.9,23.2,85.1,1012.6,2.0,0.5,2.0,cma,15.0
202108170300,54857.0,1.0,9.0,4.0,80.0,330.0,3.0,29.3,21.3,62.1,1012.0,7.0,0.5,2.0,cma,16.0
202108170400,54857.0,1.0,9.0,4.0,80.0,330.0,3.0,29.3,21.3,62.1,1012.0,7.0,0.5,2.0,cma,16.0
202108170500,54857.0,1.0,9.0,4.0,80.0,330.0,3.0,29.3,21.3,62.1,1012.0,7.0,0.5,2.0,cma,16.0
202108170600,54857.0,1.0,9.0,4.0,37.0,340.0,2.0,25.5,23.7,89.8,1010.6,7.0,1.5,2.0,cma,15.0
202108170700,54857.0,1.0,9.0,4.0,37.0,340.0,2.0,25.5,23.7,89.8,1010.6,7.0,1.5,2.0,cma,15.0
202108170800,54857.0,1.0,9.0,4.0,37.0,340.0,2.0,25.5,23.7,89.8,1010.6,7.0,1.5,2.0,cma,15.0
202108170900,54857.0,1.0,9.0,4.0,71.0,170.0,3.0,25.5,22.4,83.0,1009.8,7.0,0.8,2.0,cma,26.0
202108171000,54857.0,1.0,9.0,4.0,71.0,170.0,3.0,25.5,22.4,83.0,1009.8,7.0,0.8,2.0,cma,26.0
202108171100,54857.0,1.0,9.0,4.0,71.0,170.0,3.0,25.5,22.4,83.0,1009.8,7.0,0.8,2.0,cma,26.0
202108171200,54857.0,1.0,9.0,4.0,68.0,210.0,1.0,24.9,22.6,87.1,1010.3,2.0,0.5,2.0,cma,17.0
202108171300,54857.0,1.0,9.0,4.0,68.0,210.0,1.0,24.9,22.6,87.1,1010.3,2.0,0.5,2.0,cma,17.0
202108171400,54857.0,1.0,9.0,4.0,68.0,210.0,1.0,24.9,22.6,87.1,1010.3,2.0,0.5,2.0,cma,17.0
202108171500,54857.0,1.0,9.0,4.0,72.0,340.0,4.0,24.0,19.9,77.9,1011.3,2.0,1.0,2.0,cma,203.0
202108171600,54857.0,1.0,9.0,4.0,72.0,340.0,4.0,24.0,19.9,77.9,1011.3,2.0,1.0,2.0,cma,203.0
202108171700,54857.0,1.0,9.0,4.0,72.0,340.0,4.0,24.0,19.9,77.9,1011.3,2.0,1.0,2.0,cma,203.0
202108171800,54857.0,1.0,9.0,4.0,61.0,10.0,3.0,22.7,19.9,84.2,1010.4,7.0,0.9,2.0,cma,24.0
202108171900,54857.0,1.0,9.0,4.0,61.0,10.0,3.0,22.7,19.9,84.2,1010.4,7.0,0.9,2.0,cma,24.0
202108172000,54857.0,1.0,9.0,4.0,61.0,10.0,3.0,22.7,19.9,84.2,1010.4,7.0,0.9,2.0,cma,24.0
202108172100,54857.0,1.0,9.0,4.0,50.0,340.0,3.0,21.9,20.4,91.2,1010.3,7.0,0.1,2.0,cma,29.0
202108172200,54857.0,1.0,9.0,4.0,50.0,340.0,3.0,21.9,20.4,91.2,1010.3,7.0,0.1,2.0,cma,29.0
202108172300,54857.0,1.0,9.0,4.0,50.0,340.0,3.0,21.9,20.4,91.2,1010.3,7.0,0.1,2.0,cma,29.0
202108180000,54857.0,1.0,9.0,4.0,57.0,10.0,4.0,23.6,20.5,82.8,1011.0,2.0,0.7,2.0,cma,26.0
202108180100,54857.0,1.0,9.0,4.0,57.0,10.0,4.0,23.6,20.5,82.8,1011.0,2.0,0.7,2.0,cma,26.0
202108180200,54857.0,1.0,9.0,4.0,57.0,10.0,4.0,23.6,20.5,82.8,1011.0,2.0,0.7,2.0,cma,26.0
202108180300,54857.0,1.0,9.0,4.0,70.0,340.0,5.0,27.5,19.0,59.8,1010.2,7.0,0.8,2.0,cma,57.0
202108180400,54857.0,1.0,9.0,4.0,70.0,340.0,5.0,27.5,19.0,59.8,1010.2,7.0,0.8,2.0,cma,57.0
202108180500,54857.0,1.0,9.0,4.0,70.0,340.0,5.0,27.5,19.0,59.8,1010.2,7.0,0.8,2.0,cma,57.0
202108180600,54857.0,1.0,9.0,4.0,68.0,140.0,3.0,28.1,20.4,63.0,1008.9,7.0,1.3,2.0,cma,35.0
202108180700,54857.0,1.0,9.0,4.0,68.0,140.0,3.0,28.1,20.4,63.0,1008.9,7.0,1.3,2.0,cma,35.0
202108180800,54857.0,1.0,9.0,4.0,68.0,140.0,3.0,28.1,20.4,63.0,1008.9,7.0,1.3,2.0,cma,35.0
202108180900,54857.0,1.0,9.0,4.0,70.0,180.0,3.0,26.5,21.0,71.8,1008.7,7.0,0.2,2.0,cma,55.0
202108181000,54857.0,1.0,9.0,4.0,70.0,180.0,3.0,26.5,21.0,71.8,1008.7,7.0,0.2,2.0,cma,55.0
202108181100,54857.0,1.0,9.0,4.0,70.0,180.0,3.0,26.5,21.0,71.8,1008.7,7.0,0.2,2.0,cma,55.0
202108181200,54857.0,1.0,9.0,4.0,68.0,120.0,3.0,25.4,20.6,74.8,1009.3,2.0,0.6,2.0,cma,23.0
202108181300,54857.0,1.0,9.0,4.0,68.0,120.0,3.0,25.4,20.6,74.8,1009.3,2.0,0.6,2.0,cma,23.0
202108181400,54857.0,1.0,9.0,4.0,68.0,120.0,3.0,25.4,20.6,74.8,1009.3,2.0,0.6,2.0,cma,23.0
202108181500,54857.0,1.0,9.0,4.0,75.0,110.0,2.0,24.4,21.3,82.9,1009.8,2.0,0.5,2.0,cma,33.0
202108181600,54857.0,1.0,9.0,4.0,75.0,110.0,2.0,24.4,21.3,82.9,1009.8,2.0,0.5,2.0,cma,33.0
202108181700,54857.0,1.0,9.0,4.0,75.0,110.0,2.0,24.4,21.3,82.9,1009.8,2.0,0.5,2.0,cma,33.0
202108181800,54857.0,1.0,9.0,4.0,75.0,110.0,1.0,24.2,21.3,83.9,1009.1,7.0,0.7,2.0,cma,32.0
202108181900,54857.0,1.0,9.0,4.0,75.0,110.0,1.0,24.2,21.3,83.9,1009.1,7.0,0.7,2.0,cma,32.0
202108182000,54857.0,1.0,9.0,4.0,75.0,110.0,1.0,24.2,21.3,83.9,1009.1,7.0,0.7,2.0,cma,32.0
202108182100,54857.0,1.0,9.0,4.0,64.0,300.0,1.0,23.6,21.9,90.2,1009.3,2.0,0.2,2.0,cma,39.0
202108182200,54857.0,1.0,9.0,4.0,64.0,300.0,1.0,23.6,21.9,90.2,1009.3,2.0,0.2,2.0,cma,39.0
202108182300,54857.0,1.0,9.0,4.0,64.0,300.0,1.0,23.6,21.9,90.2,1009.3,2.0,0.2,2.0,cma,39.0
202108190000,54857.0,1.0,9.0,4.0,80.0,90.0,2.0,27.0,21.5,71.9,1009.5,2.0,0.2,2.0,cma,33.0
202108190100,54857.0,1.0,9.0,4.0,80.0,90.0,2.0,27.0,21.5,71.9,1009.5,2.0,0.2,2.0,cma,33.0
202108190200,54857.0,1.0,9.0,4.0,80.0,90.0,2.0,27.0,21.5,71.9,1009.5,2.0,0.2,2.0,cma,33.0
202108190300,54857.0,1.0,9.0,4.0,80.0,150.0,3.0,28.0,21.1,66.2,1009.6,2.0,0.1,2.0,cma,21.0
202108190400,54857.0,1.0,9.0,4.0,80.0,150.0,3.0,28.0,21.1,66.2,1009.6,2.0,0.1,2.0,cma,21.0
202108190500,54857.0,1.0,9.0,4.0,80.0,150.0,3.0,28.0,21.1,66.2,1009.6,2.0,0.1,2.0,cma,21.0
202108190600,54857.0,1.0,9.0,4.0,80.0,160.0,3.0,28.5,21.0,63.9,1009.0,7.0,0.5,2.0,cma,26.0
202108190700,54857.0,1.0,9.0,4.0,80.0,160.0,3.0,28.5,21.0,63.9,1009.0,7.0,0.5,2.0,cma,26.0
202108190800,54857.0,1.0,9.0,4.0,80.0,160.0,3.0,28.5,21.0,63.9,1009.0,7.0,0.5,2.0,cma,26.0
202108190900,54857.0,1.0,9.0,4.0,80.0,130.0,3.0,27.1,22.3,75.1,1008.1,7.0,1.0,2.0,cma,55.0
202108191000,54857.0,1.0,9.0,4.0,80.0,130.0,3.0,27.1,22.3,75.1,1008.1,7.0,1.0,2.0,cma,55.0
202108191100,54857.0,1.0,9.0,4.0,80.0,130.0,3.0,27.1,22.3,75.1,1008.1,7.0,1.0,2.0,cma,55.0
202108191200,54857.0,1.0,9.0,4.0,80.0,150.0,2.0,26.0,21.9,78.2,1008.5,2.0,0.5,2.0,cma,11.0
202108191300,54857.0,1.0,9.0,4.0,80.0,150.0,2.0,26.0,21.9,78.2,1008.5,2.0,0.5,2.0,cma,11.0
202108191400,54857.0,1.0,9.0,4.0,80.0,150.0,2.0,26.0,21.9,78.2,1008.5,2.0,0.5,2.0,cma,11.0
202108191500,54857.0,1.0,9.0,4.0,80.0,180.0,2.0,26.0,22.1,79.1,1008.8,2.0,0.3,2.0,cma,25.0
202108191600,54857.0,1.0,9.0,4.0,80.0,180.0,2.0,26.0,22.1,79.1,1008.8,2.0,0.3,2.0,cma,25.0
202108191700,54857.0,1.0,9.0,4.0,80.0,180.0,2.0,26.0,22.1,79.1,1008.8,2.0,0.3,2.0,cma,25.0
202108191800,54857.0,1.0,9.0,4.0,73.0,180.0,3.0,25.9,23.0,84.1,1007.7,7.0,1.1,2.0,cma,15.0
202108191900,54857.0,1.0,9.0,4.0,73.0,180.0,3.0,25.9,23.0,84.1,1007.7,7.0,1.1,2.0,cma,15.0
202108192000,54857.0,1.0,9.0,4.0,73.0,180.0,3.0,25.9,23.0,84.1,1007.7,7.0,1.1,2.0,cma,15.0
202108192100,54857.0,1.0,9.0,4.0,71.0,210.0,2.0,26.0,23.7,87.2,1006.5,7.0,1.2,2.0,cma,24.0
202108192200,54857.0,1.0,9.0,4.0,71.0,210.0,2.0,26.0,23.7,87.2,1006.5,7.0,1.2,2.0,cma,24.0
202108192300,54857.0,1.0,9.0,4.0,71.0,210.0,2.0,26.0,23.7,87.2,1006.5,7.0,1.2,2.0,cma,24.0
202108200000,54857.0,1.0,9.0,4.0,65.0,180.0,2.0,26.7,24.2,86.2,1007.1,2.0,0.6,2.0,cma,17.0
202108200100,54857.0,1.0,9.0,4.0,65.0,180.0,2.0,26.7,24.2,86.2,1007.1,2.0,0.6,2.0,cma,17.0
202108200200,54857.0,1.0,9.0,4.0,65.0,180.0,2.0,26.7,24.2,86.2,1007.1,2.0,0.6,2.0,cma,17.0
202108200300,54857.0,1.0,9.0,4.0,57.0,30.0,1.0,23.2,22.5,95.8,1007.9,2.0,0.7,2.0,cma,25.0
202108200400,54857.0,1.0,9.0,4.0,57.0,30.0,1.0,23.2,22.5,95.8,1007.9,2.0,0.7,2.0,cma,25.0
202108200500,54857.0,1.0,9.0,4.0,57.0,30.0,1.0,23.2,22.5,95.8,1007.9,2.0,0.7,2.0,cma,25.0
202108200600,54857.0,1.0,9.0,4.0,57.0,170.0,2.0,23.1,22.4,95.8,1006.3,7.0,1.6,2.0,cma,25.0
202108200700,54857.0,1.0,9.0,4.0,57.0,170.0,2.0,23.1,22.4,95.8,1006.3,7.0,1.6,2.0,cma,25.0
202108200800,54857.0,1.0,9.0,4.0,57.0,170.0,2.0,23.1,22.4,95.8,1006.3,7.0,1.6,2.0,cma,25.0
202108200900,54857.0,1.0,9.0,4.0,56.0,90.0,1.0,22.1,21.3,95.2,1005.7,7.0,0.6,2.0,cma,31.0
202108201000,54857.0,1.0,9.0,4.0,56.0,90.0,1.0,22.1,21.3,95.2,1005.7,7.0,0.6,2.0,cma,31.0
202108201100,54857.0,1.0,9.0,4.0,56.0,90.0,1.0,22.1,21.3,95.2,1005.7,7.0,0.6,2.0,cma,31.0
202108201200,54857.0,1.0,9.0,4.0,33.0,100.0,2.0,21.8,21.6,98.8,1005.7,4.0,0.0,2.0,cma,29.0
202108201300,54857.0,1.0,9.0,4.0,33.0,100.0,2.0,21.8,21.6,98.8,1005.7,4.0,0.0,2.0,cma,29.0
202108201400,54857.0,1.0,9.0,4.0,33.0,100.0,2.0,21.8,21.6,98.8,1005.7,4.0,0.0,2.0,cma,29.0
202108201500,54857.0,1.0,9.0,4.0,50.0,90.0,2.0,22.5,22.0,97.0,1005.1,7.0,0.6,2.0,cma,29.0
202108201600,54857.0,1.0,9.0,4.0,50.0,90.0,2.0,22.5,22.0,97.0,1005.1,7.0,0.6,2.0,cma,29.0
202108201700,54857.0,1.0,9.0,4.0,50.0,90.0,2.0,22.5,22.0,97.0,1005.1,7.0,0.6,2.0,cma,29.0
202108201800,54857.0,1.0,9.0,4.0,45.0,360.0,1.0,22.7,21.9,95.2,1004.1,7.0,1.0,2.0,cma,30.0
202108201900,54857.0,1.0,9.0,4.0,45.0,360.0,1.0,22.7,21.9,95.2,1004.1,7.0,1.0,2.0,cma,30.0
202108202000,54857.0,1.0,9.0,4.0,45.0,360.0,1.0,22.7,21.9,95.2,1004.1,7.0,1.0,2.0,cma,30.0
202108202100,54857.0,1.0,9.0,4.0,42.0,340.0,6.0,22.4,21.7,95.8,1003.7,7.0,0.4,2.0,cma,49.0
202108202200,54857.0,1.0,9.0,4.0,42.0,340.0,6.0,22.4,21.7,95.8,1003.7,7.0,0.4,2.0,cma,49.0
202108202300,54857.0,1.0,9.0,4.0,42.0,340.0,6.0,22.4,21.7,95.8,1003.7,7.0,0.4,2.0,cma,49.0
202108210000,54857.0,1.0,9.0,4.0,40.0,330.0,5.0,23.5,22.1,91.9,1004.2,2.0,0.5,2.0,cma,25.0
202108210100,54857.0,1.0,9.0,4.0,40.0,330.0,5.0,23.5,22.1,91.9,1004.2,2.0,0.5,2.0,cma,25.0
202108210200,54857.0,1.0,9.0,4.0,40.0,330.0,5.0,23.5,22.1,91.9,1004.2,2.0,0.5,2.0,cma,25.0
202108210300,54857.0,1.0,9.0,4.0,40.0,330.0,5.0,23.5,22.1,91.9,1004.2,2.0,0.5,2.0,cma,25.0
202108210400,54857.0,1.0,9.0,4.0,40.0,330.0,5.0,23.5,22.1,91.9,1004.2,2.0,0.5,2.0,cma,25.0
202108210500,54857.0,1.0,9.0,4.0,40.0,330.0,5.0,23.5,22.1,91.9,1004.2,2.0,0.5,2.0,cma,25.0
202108210600,54857.0,1.0,9.0,4.0,75.0,330.0,5.0,29.1,20.5,59.8,1004.6,2.0,0.1,2.0,cma,44.0
202108210700,54857.0,1.0,9.0,4.0,75.0,330.0,5.0,29.1,20.5,59.8,1004.6,2.0,0.1,2.0,cma,44.0
202108210800,54857.0,1.0,9.0,4.0,75.0,330.0,5.0,29.1,20.5,59.8,1004.6,2.0,0.1,2.0,cma,44.0
202108210900,54857.0,1.0,9.0,4.0,74.0,310.0,2.0,29.7,20.8,58.9,1004.8,2.0,0.2,2.0,cma,43.0
202108211000,54857.0,1.0,9.0,4.0,74.0,310.0,2.0,29.7,20.8,58.9,1004.8,2.0,0.2,2.0,cma,43.0
202108211100,54857.0,1.0,9.0,4.0,74.0,310.0,2.0,29.7,20.8,58.9,1004.8,2.0,0.2,2.0,cma,43.0
202108211200,54857.0,1.0,9.0,4.0,68.0,10.0,1.0,27.0,20.8,68.9,1006.2,2.0,1.3,2.0,cma,33.0
202108211300,54857.0,1.0,9.0,4.0,68.0,10.0,1.0,27.0,20.8,68.9,1006.2,2.0,1.3,2.0,cma,33.0
202108211400,54857.0,1.0,9.0,4.0,68.0,10.0,1.0,27.0,20.8,68.9,1006.2,2.0,1.3,2.0,cma,33.0
202108211500,54857.0,1.0,9.0,4.0,65.0,140.0,0.0,26.0,21.9,78.2,1007.0,2.0,0.9,2.0,cma,29.0
202108211600,54857.0,1.0,9.0,4.0,65.0,140.0,0.0,26.0,21.9,78.2,1007.0,2.0,0.9,2.0,cma,29.0
202108211700,54857.0,1.0,9.0,4.0,65.0,140.0,0.0,26.0,21.9,78.2,1007.0,2.0,0.9,2.0,cma,29.0
202108211800,54857.0,1.0,9.0,4.0,48.0,160.0,2.0,24.9,23.1,89.8,1007.0,4.0,0.0,2.0,cma,21.0
202108211900,54857.0,1.0,9.0,4.0,48.0,160.0,2.0,24.9,23.1,89.8,1007.0,4.0,0.0,2.0,cma,21.0
202108212000,54857.0,1.0,9.0,4.0,48.0,160.0,2.0,24.9,23.1,89.8,1007.0,4.0,0.0,2.0,cma,21.0
202108212100,54857.0,1.0,9.0,4.0,24.0,210.0,1.0,25.1,24.4,95.9,1007.1,2.0,0.1,2.0,cma,52.0
202108212200,54857.0,1.0,9.0,4.0,24.0,210.0,1.0,25.1,24.4,95.9,1007.1,2.0,0.1,2.0,cma,52.0
202108212300,54857.0,1.0,9.0,4.0,24.0,210.0,1.0,25.1,24.4,95.9,1007.1,2.0,0.1,2.0,cma,52.0
202108220000,54857.0,1.0,9.0,4.0,41.0,170.0,2.0,26.0,23.7,87.2,1008.2,2.0,1.1,2.0,cma,41.0
202108220100,54857.0,1.0,9.0,4.0,41.0,170.0,2.0,26.0,23.7,87.2,1008.2,2.0,1.1,2.0,cma,41.0
202108220200,54857.0,1.0,9.0,4.0,41.0,170.0,2.0,26.0,23.7,87.2,1008.2,2.0,1.1,2.0,cma,41.0
202108220300,54857.0,1.0,9.0,4.0,50.0,180.0,4.0,27.4,23.8,80.8,1008.2,4.0,0.0,2.0,cma,73.0
202108220400,54857.0,1.0,9.0,4.0,50.0,180.0,4.0,27.4,23.8,80.8,1008.2,4.0,0.0,2.0,cma,73.0
202108220500,54857.0,1.0,9.0,4.0,50.0,180.0,4.0,27.4,23.8,80.8,1008.2,4.0,0.0,2.0,cma,73.0
202108220600,54857.0,1.0,9.0,4.0,59.0,180.0,4.0,27.0,24.3,85.2,1007.0,7.0,1.2,2.0,cma,67.0
202108220700,54857.0,1.0,9.0,4.0,59.0,180.0,4.0,27.0,24.3,85.2,1007.0,7.0,1.2,2.0,cma,67.0
202108220800,54857.0,1.0,9.0,4.0,59.0,180.0,4.0,27.0,24.3,85.2,1007.0,7.0,1.2,2.0,cma,67.0
202108220900,54857.0,1.0,9.0,4.0,75.0,190.0,4.0,26.4,22.9,81.1,1006.6,7.0,0.4,2.0,cma,97.0
202108221000,54857.0,1.0,9.0,4.0,75.0,190.0,4.0,26.4,22.9,81.1,1006.6,7.0,0.4,2.0,cma,97.0
202108221100,54857.0,1.0,9.0,4.0,75.0,190.0,4.0,26.4,22.9,81.1,1006.6,7.0,0.4,2.0,cma,97.0
202108221200,54857.0,1.0,9.0,4.0,66.0,170.0,2.0,25.9,23.9,88.8,1006.8,2.0,0.2,2.0,cma,44.0
202108221300,54857.0,1.0,9.0,4.0,66.0,170.0,2.0,25.9,23.9,88.8,1006.8,2.0,0.2,2.0,cma,44.0
202108221400,54857.0,1.0,9.0,4.0,66.0,170.0,2.0,25.9,23.9,88.8,1006.8,2.0,0.2,2.0,cma,44.0
202108221500,54857.0,1.0,9.0,4.0,58.0,140.0,2.0,25.7,25.0,95.9,1007.5,2.0,0.7,2.0,cma,73.0
202108221600,54857.0,1.0,9.0,4.0,58.0,140.0,2.0,25.7,25.0,95.9,1007.5,2.0,0.7,2.0,cma,73.0
202108221700,54857.0,1.0,9.0,4.0,58.0,140.0,2.0,25.7,25.0,95.9,1007.5,2.0,0.7,2.0,cma,73.0
202108221800,54857.0,1.0,9.0,4.0,63.0,110.0,2.0,25.4,24.2,93.1,1006.2,7.0,1.3,2.0,cma,12.0
202108221900,54857.0,1.0,9.0,4.0,63.0,110.0,2.0,25.4,24.2,93.1,1006.2,7.0,1.3,2.0,cma,12.0
202108222000,54857.0,1.0,9.0,4.0,63.0,110.0,2.0,25.4,24.2,93.1,1006.2,7.0,1.3,2.0,cma,12.0
202108222100,54857.0,1.0,9.0,4.0,64.0,120.0,2.0,25.6,24.7,94.8,1005.4,7.0,0.8,2.0,cma,33.0
202108222200,54857.0,1.0,9.0,4.0,64.0,120.0,2.0,25.6,24.7,94.8,1005.4,7.0,0.8,2.0,cma,33.0
202108222300,54857.0,1.0,9.0,4.0,64.0,120.0,2.0,25.6,24.7,94.8,1005.4,7.0,0.8,2.0,cma,33.0
202108230000,54857.0,1.0,9.0,4.0,64.0,110.0,4.0,24.2,23.3,94.7,1004.4,7.0,1.0,2.0,cma,30.0
202108230100,54857.0,1.0,9.0,4.0,64.0,110.0,4.0,24.2,23.3,94.7,1004.4,7.0,1.0,2.0,cma,30.0
202108230200,54857.0,1.0,9.0,4.0,64.0,110.0,4.0,24.2,23.3,94.7,1004.4,7.0,1.0,2.0,cma,30.0
202108230300,54857.0,1.0,9.0,4.0,63.0,100.0,5.0,24.7,23.8,94.7,1003.3,7.0,1.1,2.0,cma,28.0
202108230400,54857.0,1.0,9.0,4.0,63.0,100.0,5.0,24.7,23.8,94.7,1003.3,7.0,1.1,2.0,cma,28.0
202108230500,54857.0,1.0,9.0,4.0,63.0,100.0,5.0,24.7,23.8,94.7,1003.3,7.0,1.1,2.0,cma,28.0
202108230600,54857.0,1.0,9.0,4.0,17.0,90.0,6.0,24.3,24.3,,1000.9,7.0,2.4,2.0,cma,24.0
202108230700,54857.0,1.0,9.0,4.0,17.0,90.0,6.0,24.3,24.3,,1000.9,7.0,2.4,2.0,cma,24.0
202108230800,54857.0,1.0,9.0,4.0,17.0,90.0,6.0,24.3,24.3,,1000.9,7.0,2.4,2.0,cma,24.0
202108230900,54857.0,1.0,9.0,4.0,72.0,90.0,6.0,23.6,23.1,97.0,998.7,7.0,2.2,2.0,cma,36.0
202108231000,54857.0,1.0,9.0,4.0,72.0,90.0,6.0,23.6,23.1,97.0,998.7,7.0,2.2,2.0,cma,36.0
202108231100,54857.0,1.0,9.0,4.0,72.0,90.0,6.0,23.6,23.1,97.0,998.7,7.0,2.2,2.0,cma,36.0
202108231200,54857.0,1.0,9.0,4.0,60.0,90.0,7.0,23.7,23.0,95.9,998.2,7.0,0.5,2.0,cma,12.0
202108231300,54857.0,1.0,9.0,4.0,60.0,90.0,7.0,23.7,23.0,95.9,998.2,7.0,0.5,2.0,cma,12.0
202108231400,54857.0,1.0,9.0,4.0,60.0,90.0,7.0,23.7,23.0,95.9,998.2,7.0,0.5,2.0,cma,12.0
202108231500,54857.0,1.0,9.0,4.0,65.0,360.0,2.0,23.8,23.0,95.3,998.0,7.0,0.2,2.0,cma,20.0
202108231600,54857.0,1.0,9.0,4.0,65.0,360.0,2.0,23.8,23.0,95.3,998.0,7.0,0.2,2.0,cma,20.0
202108231700,54857.0,1.0,9.0,4.0,65.0,360.0,2.0,23.8,23.0,95.3,998.0,7.0,0.2,2.0,cma,20.0
202108231800,54857.0,1.0,9.0,4.0,58.0,350.0,6.0,22.1,21.8,98.2,997.5,7.0,0.5,2.0,cma,8.0
202108231900,54857.0,1.0,9.0,4.0,58.0,350.0,6.0,22.1,21.8,98.2,997.5,7.0,0.5,2.0,cma,8.0
202108232000,54857.0,1.0,9.0,4.0,58.0,350.0,6.0,22.1,21.8,98.2,997.5,7.0,0.5,2.0,cma,8.0
202108232100,54857.0,1.0,9.0,4.0,72.0,330.0,5.0,22.4,21.9,97.0,998.5,2.0,0.9,2.0,cma,15.0
202108232200,54857.0,1.0,9.0,4.0,72.0,330.0,5.0,22.4,21.9,97.0,998.5,2.0,0.9,2.0,cma,15.0
202108232300,54857.0,1.0,9.0,4.0,72.0,330.0,5.0,22.4,21.9,97.0,998.5,2.0,0.9,2.0,cma,15.0
202108240000,54857.0,1.0,9.0,4.0,66.0,290.0,3.0,24.7,23.1,90.8,999.7,2.0,1.3,2.0,cma,3.0
202108240100,54857.0,1.0,9.0,4.0,66.0,290.0,3.0,24.7,23.1,90.8,999.7,2.0,1.3,2.0,cma,3.0
202108240200,54857.0,1.0,9.0,4.0,66.0,290.0,3.0,24.7,23.1,90.8,999.7,2.0,1.3,2.0,cma,3.0
202108240300,54857.0,1.0,9.0,4.0,62.0,300.0,4.0,27.7,23.1,76.1,999.7,4.0,0.0,2.0,cma,12.0
202108240400,54857.0,1.0,9.0,4.0,62.0,300.0,4.0,27.7,23.1,76.1,999.7,4.0,0.0,2.0,cma,12.0
202108240500,54857.0,1.0,9.0,4.0,62.0,300.0,4.0,27.7,23.1,76.1,999.7,4.0,0.0,2.0,cma,12.0
202108240600,54857.0,1.0,9.0,4.0,59.0,310.0,4.0,29.0,21.2,62.8,999.4,7.0,0.3,2.0,cma,17.0
202108240700,54857.0,1.0,9.0,4.0,59.0,310.0,4.0,29.0,21.2,62.8,999.4,7.0,0.3,2.0,cma,17.0
202108240800,54857.0,1.0,9.0,4.0,59.0,310.0,4.0,29.0,21.2,62.8,999.4,7.0,0.3,2.0,cma,17.0
202108240900,54857.0,1.0,9.0,4.0,60.0,190.0,2.0,28.5,23.0,72.2,1000.2,2.0,0.8,2.0,cma,20.0
202108241000,54857.0,1.0,9.0,4.0,60.0,190.0,2.0,28.5,23.0,72.2,1000.2,2.0,0.8,2.0,cma,20.0
202108241100,54857.0,1.0,9.0,4.0,60.0,190.0,2.0,28.5,23.0,72.2,1000.2,2.0,0.8,2.0,cma,20.0
202108241200,54857.0,1.0,9.0,4.0,56.0,210.0,2.0,26.9,23.4,81.2,1001.7,2.0,1.5,2.0,cma,22.0
202108241300,54857.0,1.0,9.0,4.0,56.0,210.0,2.0,26.9,23.4,81.2,1001.7,2.0,1.5,2.0,cma,22.0
202108241400,54857.0,1.0,9.0,4.0,56.0,210.0,2.0,26.9,23.4,81.2,1001.7,2.0,1.5,2.0,cma,22.0
202108241500,54857.0,1.0,9.0,4.0,61.0,230.0,3.0,26.1,21.1,74.0,1003.0,2.0,1.3,2.0,cma,49.0
202108241600,54857.0,1.0,9.0,4.0,61.0,230.0,3.0,26.1,21.1,74.0,1003.0,2.0,1.3,2.0,cma,49.0
202108241700,54857.0,1.0,9.0,4.0,61.0,230.0,3.0,26.1,21.1,74.0,1003.0,2.0,1.3,2.0,cma,49.0
202108241800,54857.0,1.0,9.0,4.0,56.0,320.0,1.0,24.3,22.2,88.1,1002.6,7.0,0.4,2.0,cma,63.0
202108241900,54857.0,1.0,9.0,4.0,56.0,320.0,1.0,24.3,22.2,88.1,1002.6,7.0,0.4,2.0,cma,63.0
202108242000,54857.0,1.0,9.0,4.0,56.0,320.0,1.0,24.3,22.2,88.1,1002.6,7.0,0.4,2.0,cma,63.0
202108242100,54857.0,1.0,9.0,4.0,60.0,260.0,1.0,24.3,20.4,78.9,1002.7,2.0,0.1,2.0,cma,71.0
202108242200,54857.0,1.0,9.0,4.0,60.0,260.0,1.0,24.3,20.4,78.9,1002.7,2.0,0.1,2.0,cma,71.0
202108242300,54857.0,1.0,9.0,4.0,60.0,260.0,1.0,24.3,20.4,78.9,1002.7,2.0,0.1,2.0,cma,71.0
202108250000,54857.0,1.0,9.0,4.0,56.0,170.0,3.0,26.3,23.4,84.1,1003.2,2.0,0.5,2.0,cma,60.0
202108250100,54857.0,1.0,9.0,4.0,56.0,170.0,3.0,26.3,23.4,84.1,1003.2,2.0,0.5,2.0,cma,60.0
202108250200,54857.0,1.0,9.0,4.0,56.0,170.0,3.0,26.3,23.4,84.1,1003.2,2.0,0.5,2.0,cma,60.0
202108250300,54857.0,1.0,9.0,4.0,34.0,180.0,4.0,27.7,24.7,83.8,1003.9,2.0,0.7,2.0,cma,59.0
202108250400,54857.0,1.0,9.0,4.0,34.0,180.0,4.0,27.7,24.7,83.8,1003.9,2.0,0.7,2.0,cma,59.0
202108250500,54857.0,1.0,9.0,4.0,34.0,180.0,4.0,27.7,24.7,83.8,1003.9,2.0,0.7,2.0,cma,59.0
202108250600,54857.0,1.0,9.0,4.0,56.0,200.0,4.0,28.8,23.7,74.0,1003.3,7.0,0.6,2.0,cma,52.0
202108250700,54857.0,1.0,9.0,4.0,56.0,200.0,4.0,28.8,23.7,74.0,1003.3,7.0,0.6,2.0,cma,52.0
202108250800,54857.0,1.0,9.0,4.0,56.0,200.0,4.0,28.8,23.7,74.0,1003.3,7.0,0.6,2.0,cma,52.0
202108250900,54857.0,1.0,9.0,4.0,60.0,210.0,4.0,28.1,23.5,76.1,1003.4,2.0,0.1,2.0,cma,83.0
202108251000,54857.0,1.0,9.0,4.0,60.0,210.0,4.0,28.1,23.5,76.1,1003.4,2.0,0.1,2.0,cma,83.0
202108251100,54857.0,1.0,9.0,4.0,60.0,210.0,4.0,28.1,23.5,76.1,1003.4,2.0,0.1,2.0,cma,83.0
202108251200,54857.0,1.0,9.0,4.0,64.0,240.0,3.0,27.4,22.8,76.0,1005.5,2.0,2.1,2.0,cma,55.0
202108251300,54857.0,1.0,9.0,4.0,64.0,240.0,3.0,27.4,22.8,76.0,1005.5,2.0,2.1,2.0,cma,55.0
202108251400,54857.0,1.0,9.0,4.0,64.0,240.0,3.0,27.4,22.8,76.0,1005.5,2.0,2.1,2.0,cma,55.0
202108251500,54857.0,1.0,9.0,4.0,74.0,320.0,2.0,26.6,17.4,57.0,1007.9,2.0,2.4,2.0,cma,82.0
202108251600,54857.0,1.0,9.0,4.0,74.0,320.0,2.0,26.6,17.4,57.0,1007.9,2.0,2.4,2.0,cma,82.0
202108251700,54857.0,1.0,9.0,4.0,74.0,320.0,2.0,26.6,17.4,57.0,1007.9,2.0,2.4,2.0,cma,82.0
202108251800,54857.0,1.0,9.0,4.0,80.0,320.0,1.0,25.4,16.0,56.0,1008.2,2.0,0.3,2.0,cma,37.0
202108251900,54857.0,1.0,9.0,4.0,80.0,320.0,1.0,25.4,16.0,56.0,1008.2,2.0,0.3,2.0,cma,37.0
202108252000,54857.0,1.0,9.0,4.0,80.0,320.0,1.0,25.4,16.0,56.0,1008.2,2.0,0.3,2.0,cma,37.0
202108252100,54857.0,1.0,9.0,4.0,79.0,210.0,1.0,25.2,15.5,54.9,1009.1,2.0,0.9,2.0,cma,60.0
202108252200,54857.0,1.0,9.0,4.0,79.0,210.0,1.0,25.2,15.5,54.9,1009.1,2.0,0.9,2.0,cma,60.0
202108252300,54857.0,1.0,9.0,4.0,79.0,210.0,1.0,25.2,15.5,54.9,1009.1,2.0,0.9,2.0,cma,60.0
202108260000,54857.0,1.0,9.0,4.0,79.0,190.0,2.0,26.4,17.7,58.8,1010.7,2.0,1.6,2.0,cma,61.0
202108260100,54857.0,1.0,9.0,4.0,79.0,190.0,2.0,26.4,17.7,58.8,1010.7,2.0,1.6,2.0,cma,61.0
202108260200,54857.0,1.0,9.0,4.0,79.0,190.0,2.0,26.4,17.7,58.8,1010.7,2.0,1.6,2.0,cma,61.0
202108260300,54857.0,1.0,9.0,4.0,73.0,170.0,3.0,27.9,20.7,65.0,1011.2,2.0,0.5,2.0,cma,43.0
202108260400,54857.0,1.0,9.0,4.0,73.0,170.0,3.0,27.9,20.7,65.0,1011.2,2.0,0.5,2.0,cma,43.0
202108260500,54857.0,1.0,9.0,4.0,73.0,170.0,3.0,27.9,20.7,65.0,1011.2,2.0,0.5,2.0,cma,43.0
202108260600,54857.0,1.0,9.0,4.0,65.0,180.0,2.0,27.2,22.6,76.0,1011.0,7.0,0.3,2.0,cma,63.0
202108260700,54857.0,1.0,9.0,4.0,65.0,180.0,2.0,27.2,22.6,76.0,1011.0,7.0,0.3,2.0,cma,63.0
202108260800,54857.0,1.0,9.0,4.0,65.0,180.0,2.0,27.2,22.6,76.0,1011.0,7.0,0.3,2.0,cma,63.0
202108260900,54857.0,1.0,9.0,4.0,57.0,210.0,4.0,27.3,20.1,64.8,1011.3,2.0,0.3,2.0,cma,59.0
202108261000,54857.0,1.0,9.0,4.0,57.0,210.0,4.0,27.3,20.1,64.8,1011.3,2.0,0.3,2.0,cma,59.0
202108261100,54857.0,1.0,9.0,4.0,57.0,210.0,4.0,27.3,20.1,64.8,1011.3,2.0,0.3,2.0,cma,59.0
202108261200,54857.0,1.0,9.0,4.0,80.0,260.0,3.0,25.7,13.6,47.1,1012.7,2.0,1.4,2.0,cma,38.0
202108261300,54857.0,1.0,9.0,4.0,80.0,260.0,3.0,25.7,13.6,47.1,1012.7,2.0,1.4,2.0,cma,38.0
202108261400,54857.0,1.0,9.0,4.0,80.0,260.0,3.0,25.7,13.6,47.1,1012.7,2.0,1.4,2.0,cma,38.0
202108261500,54857.0,1.0,9.0,4.0,80.0,310.0,4.0,24.3,16.8,63.0,1012.8,2.0,0.1,2.0,cma,46.0
202108261600,54857.0,1.0,9.0,4.0,80.0,310.0,4.0,24.3,16.8,63.0,1012.8,2.0,0.1,2.0,cma,46.0
202108261700,54857.0,1.0,9.0,4.0,80.0,310.0,4.0,24.3,16.8,63.0,1012.8,2.0,0.1,2.0,cma,46.0
202108261800,54857.0,1.0,9.0,4.0,71.0,340.0,1.0,22.1,18.5,80.1,1012.8,4.0,0.0,2.0,cma,102.0
202108261900,54857.0,1.0,9.0,4.0,71.0,340.0,1.0,22.1,18.5,80.1,1012.8,4.0,0.0,2.0,cma,102.0
202108262000,54857.0,1.0,9.0,4.0,71.0,340.0,1.0,22.1,18.5,80.1,1012.8,4.0,0.0,2.0,cma,102.0
202108262100,54857.0,1.0,9.0,4.0,80.0,320.0,4.0,22.1,17.9,77.1,1012.2,7.0,0.6,2.0,cma,30.0
202108262200,54857.0,1.0,9.0,4.0,80.0,320.0,4.0,22.1,17.9,77.1,1012.2,7.0,0.6,2.0,cma,30.0
202108262300,54857.0,1.0,9.0,4.0,80.0,320.0,4.0,22.1,17.9,77.1,1012.2,7.0,0.6,2.0,cma,30.0
202108270000,54857.0,1.0,9.0,4.0,73.0,200.0,2.0,20.1,17.5,85.0,1013.4,2.0,1.1,2.0,cma,32.0
202108270100,54857.0,1.0,9.0,4.0,73.0,200.0,2.0,20.1,17.5,85.0,1013.4,2.0,1.1,2.0,cma,32.0
202108270200,54857.0,1.0,9.0,4.0,73.0,200.0,2.0,20.1,17.5,85.0,1013.4,2.0,1.1,2.0,cma,32.0
202108270300,54857.0,1.0,9.0,4.0,80.0,190.0,1.0,21.5,17.5,78.0,1014.1,2.0,0.7,2.0,cma,25.0
202108270400,54857.0,1.0,9.0,4.0,80.0,190.0,1.0,21.5,17.5,78.0,1014.1,2.0,0.7,2.0,cma,25.0
202108270500,54857.0,1.0,9.0,4.0,80.0,190.0,1.0,21.5,17.5,78.0,1014.1,2.0,0.7,2.0,cma,25.0
202108270600,54857.0,1.0,9.0,4.0,80.0,170.0,2.0,22.8,18.8,78.2,1013.6,7.0,0.5,2.0,cma,16.0
202108270700,54857.0,1.0,9.0,4.0,80.0,170.0,2.0,22.8,18.8,78.2,1013.6,7.0,0.5,2.0,cma,16.0
202108270800,54857.0,1.0,9.0,4.0,80.0,170.0,2.0,22.8,18.8,78.2,1013.6,7.0,0.5,2.0,cma,16.0
202108270900,54857.0,1.0,9.0,4.0,80.0,200.0,2.0,22.5,18.5,78.1,1013.7,2.0,0.1,2.0,cma,27.0
202108271000,54857.0,1.0,9.0,4.0,80.0,200.0,2.0,22.5,18.5,78.1,1013.7,2.0,0.1,2.0,cma,27.0
202108271100,54857.0,1.0,9.0,4.0,80.0,200.0,2.0,22.5,18.5,78.1,1013.7,2.0,0.1,2.0,cma,27.0
202108271200,54857.0,1.0,9.0,4.0,80.0,200.0,2.0,22.2,19.2,83.1,1014.6,2.0,0.8,2.0,cma,15.0
202108271300,54857.0,1.0,9.0,4.0,80.0,200.0,2.0,22.2,19.2,83.1,1014.6,2.0,0.8,2.0,cma,15.0
202108271400,54857.0,1.0,9.0,4.0,80.0,200.0,2.0,22.2,19.2,83.1,1014.6,2.0,0.8,2.0,cma,15.0
202108271500,54857.0,1.0,9.0,4.0,80.0,230.0,1.0,22.2,19.0,82.1,1014.3,7.0,0.2,2.0,cma,16.0
202108271600,54857.0,1.0,9.0,4.0,80.0,230.0,1.0,22.2,19.0,82.1,1014.3,7.0,0.2,2.0,cma,16.0
202108271700,54857.0,1.0,9.0,4.0,80.0,230.0,1.0,22.2,19.0,82.1,1014.3,7.0,0.2,2.0,cma,16.0
202108271800,54857.0,1.0,9.0,4.0,80.0,0.0,0.0,22.2,19.7,85.8,1014.7,2.0,0.4,2.0,cma,16.0
202108271900,54857.0,1.0,9.0,4.0,80.0,0.0,0.0,22.2,19.7,85.8,1014.7,2.0,0.4,2.0,cma,16.0
202108272000,54857.0,1.0,9.0,4.0,80.0,0.0,0.0,22.2,19.7,85.8,1014.7,2.0,0.4,2.0,cma,16.0
202108272100,54857.0,1.0,9.0,4.0,68.0,30.0,1.0,21.5,19.8,90.1,1013.5,7.0,1.2,2.0,cma,31.0
202108272200,54857.0,1.0,9.0,4.0,68.0,30.0,1.0,21.5,19.8,90.1,1013.5,7.0,1.2,2.0,cma,31.0
202108272300,54857.0,1.0,9.0,4.0,68.0,30.0,1.0,21.5,19.8,90.1,1013.5,7.0,1.2,2.0,cma,31.0
202108280000,54857.0,1.0,9.0,4.0,80.0,160.0,1.0,23.6,18.9,75.0,1014.4,2.0,0.9,2.0,cma,9.0
202108280100,54857.0,1.0,9.0,4.0,80.0,160.0,1.0,23.6,18.9,75.0,1014.4,2.0,0.9,2.0,cma,9.0
202108280200,54857.0,1.0,9.0,4.0,80.0,160.0,1.0,23.6,18.9,75.0,1014.4,2.0,0.9,2.0,cma,9.0
202108280300,54857.0,1.0,9.0,4.0,80.0,130.0,2.0,25.1,20.4,75.2,1014.7,2.0,0.3,2.0,cma,14.0
202108280400,54857.0,1.0,9.0,4.0,80.0,130.0,2.0,25.1,20.4,75.2,1014.7,2.0,0.3,2.0,cma,14.0
202108280500,54857.0,1.0,9.0,4.0,80.0,130.0,2.0,25.1,20.4,75.2,1014.7,2.0,0.3,2.0,cma,14.0
202108280600,54857.0,1.0,9.0,4.0,80.0,140.0,3.0,25.1,18.1,65.2,1014.0,7.0,0.7,2.0,cma,34.0
202108280700,54857.0,1.0,9.0,4.0,80.0,140.0,3.0,25.1,18.1,65.2,1014.0,7.0,0.7,2.0,cma,34.0
202108280800,54857.0,1.0,9.0,4.0,80.0,140.0,3.0,25.1,18.1,65.2,1014.0,7.0,0.7,2.0,cma,34.0
202108280900,54857.0,1.0,9.0,4.0,80.0,120.0,3.0,23.3,18.0,72.1,1013.8,7.0,0.2,2.0,cma,30.0
202108281000,54857.0,1.0,9.0,4.0,80.0,120.0,3.0,23.3,18.0,72.1,1013.8,7.0,0.2,2.0,cma,30.0
202108281100,54857.0,1.0,9.0,4.0,80.0,120.0,3.0,23.3,18.0,72.1,1013.8,7.0,0.2,2.0,cma,30.0
202108281200,54857.0,1.0,9.0,4.0,80.0,140.0,2.0,22.9,19.3,80.2,1014.5,2.0,0.7,2.0,cma,11.0
202108281300,54857.0,1.0,9.0,4.0,80.0,140.0,2.0,22.9,19.3,80.2,1014.5,2.0,0.7,2.0,cma,11.0
202108281400,54857.0,1.0,9.0,4.0,80.0,140.0,2.0,22.9,19.3,80.2,1014.5,2.0,0.7,2.0,cma,11.0
202108281500,54857.0,1.0,9.0,4.0,80.0,130.0,2.0,22.5,19.7,84.2,1013.3,7.0,1.2,2.0,cma,14.0
202108281600,54857.0,1.0,9.0,4.0,80.0,130.0,2.0,22.5,19.7,84.2,1013.3,7.0,1.2,2.0,cma,14.0
202108281700,54857.0,1.0,9.0,4.0,80.0,130.0,2.0,22.5,19.7,84.2,1013.3,7.0,1.2,2.0,cma,14.0
202108281800,54857.0,1.0,9.0,4.0,80.0,10.0,2.0,22.3,19.5,84.2,1013.5,2.0,0.2,2.0,cma,18.0
202108281900,54857.0,1.0,9.0,4.0,80.0,10.0,2.0,22.3,19.5,84.2,1013.5,2.0,0.2,2.0,cma,18.0
202108282000,54857.0,1.0,9.0,4.0,80.0,10.0,2.0,22.3,19.5,84.2,1013.5,2.0,0.2,2.0,cma,18.0
202108282100,54857.0,1.0,9.0,4.0,72.0,350.0,3.0,21.0,20.3,95.8,1014.5,2.0,1.0,2.0,cma,20.0
202108282200,54857.0,1.0,9.0,4.0,72.0,350.0,3.0,21.0,20.3,95.8,1014.5,2.0,1.0,2.0,cma,20.0
202108282300,54857.0,1.0,9.0,4.0,72.0,350.0,3.0,21.0,20.3,95.8,1014.5,2.0,1.0,2.0,cma,20.0
202108290000,54857.0,1.0,9.0,4.0,73.0,340.0,2.0,21.3,19.6,90.0,1014.6,2.0,0.1,2.0,cma,16.0
202108290100,54857.0,1.0,9.0,4.0,73.0,340.0,2.0,21.3,19.6,90.0,1014.6,2.0,0.1,2.0,cma,16.0
202108290200,54857.0,1.0,9.0,4.0,73.0,340.0,2.0,21.3,19.6,90.0,1014.6,2.0,0.1,2.0,cma,16.0
202108290300,54857.0,1.0,9.0,4.0,72.0,60.0,1.0,22.7,19.1,80.1,1015.0,2.0,0.4,2.0,cma,15.0
202108290400,54857.0,1.0,9.0,4.0,72.0,60.0,1.0,22.7,19.1,80.1,1015.0,2.0,0.4,2.0,cma,15.0
202108290500,54857.0,1.0,9.0,4.0,72.0,60.0,1.0,22.7,19.1,80.1,1015.0,2.0,0.4,2.0,cma,15.0
202108290600,54857.0,1.0,9.0,4.0,80.0,110.0,1.0,24.4,19.7,75.1,1014.1,7.0,0.9,2.0,cma,25.0
202108290700,54857.0,1.0,9.0,4.0,80.0,110.0,1.0,24.4,19.7,75.1,1014.1,7.0,0.9,2.0,cma,25.0
202108290800,54857.0,1.0,9.0,4.0,80.0,110.0,1.0,24.4,19.7,75.1,1014.1,7.0,0.9,2.0,cma,25.0
202108290900,54857.0,1.0,9.0,4.0,80.0,80.0,1.0,23.8,19.9,78.8,1014.7,2.0,0.6,2.0,cma,26.0
202108291000,54857.0,1.0,9.0,4.0,80.0,80.0,1.0,23.8,19.9,78.8,1014.7,2.0,0.6,2.0,cma,26.0
202108291100,54857.0,1.0,9.0,4.0,80.0,80.0,1.0,23.8,19.9,78.8,1014.7,2.0,0.6,2.0,cma,26.0
202108291200,54857.0,1.0,9.0,4.0,70.0,110.0,3.0,22.6,21.6,94.1,1014.8,2.0,0.1,2.0,cma,20.0
202108291300,54857.0,1.0,9.0,4.0,70.0,110.0,3.0,22.6,21.6,94.1,1014.8,2.0,0.1,2.0,cma,20.0
202108291400,54857.0,1.0,9.0,4.0,70.0,110.0,3.0,22.6,21.6,94.1,1014.8,2.0,0.1,2.0,cma,20.0
202108291500,54857.0,1.0,9.0,4.0,80.0,100.0,2.0,23.1,22.3,95.3,1015.3,2.0,0.5,2.0,cma,25.0
202108291600,54857.0,1.0,9.0,4.0,80.0,100.0,2.0,23.1,22.3,95.3,1015.3,2.0,0.5,2.0,cma,25.0
202108291700,54857.0,1.0,9.0,4.0,80.0,100.0,2.0,23.1,22.3,95.3,1015.3,2.0,0.5,2.0,cma,25.0
202108291800,54857.0,1.0,9.0,4.0,58.0,110.0,3.0,23.1,22.6,97.0,1014.8,7.0,0.5,2.0,cma,14.0
202108291900,54857.0,1.0,9.0,4.0,58.0,110.0,3.0,23.1,22.6,97.0,1014.8,7.0,0.5,2.0,cma,14.0
202108292000,54857.0,1.0,9.0,4.0,58.0,110.0,3.0,23.1,22.6,97.0,1014.8,7.0,0.5,2.0,cma,14.0
202108292100,54857.0,1.0,9.0,4.0,67.0,120.0,3.0,23.4,22.9,97.0,1014.5,7.0,0.3,2.0,cma,30.0
202108292200,54857.0,1.0,9.0,4.0,67.0,120.0,3.0,23.4,22.9,97.0,1014.5,7.0,0.3,2.0,cma,30.0
202108292300,54857.0,1.0,9.0,4.0,67.0,120.0,3.0,23.4,22.9,97.0,1014.5,7.0,0.3,2.0,cma,30.0
202108300000,54857.0,1.0,9.0,4.0,57.0,110.0,4.0,23.6,23.3,98.2,1014.5,4.0,0.0,2.0,cma,14.0
202108300100,54857.0,1.0,9.0,4.0,57.0,110.0,4.0,23.6,23.3,98.2,1014.5,4.0,0.0,2.0,cma,14.0
202108300200,54857.0,1.0,9.0,4.0,57.0,110.0,4.0,23.6,23.3,98.2,1014.5,4.0,0.0,2.0,cma,14.0
202108300300,54857.0,1.0,9.0,4.0,78.0,110.0,4.0,24.2,22.8,91.9,1014.5,4.0,0.0,2.0,cma,21.0
202108300400,54857.0,1.0,9.0,4.0,78.0,110.0,4.0,24.2,22.8,91.9,1014.5,4.0,0.0,2.0,cma,21.0
202108300500,54857.0,1.0,9.0,4.0,78.0,110.0,4.0,24.2,22.8,91.9,1014.5,4.0,0.0,2.0,cma,21.0
202108300600,54857.0,1.0,9.0,4.0,29.0,100.0,5.0,22.5,22.3,98.8,1014.2,7.0,0.3,2.0,cma,16.0
202108300700,54857.0,1.0,9.0,4.0,29.0,100.0,5.0,22.5,22.3,98.8,1014.2,7.0,0.3,2.0,cma,16.0
202108300800,54857.0,1.0,9.0,4.0,29.0,100.0,5.0,22.5,22.3,98.8,1014.2,7.0,0.3,2.0,cma,16.0
202108300900,54857.0,1.0,9.0,4.0,66.0,90.0,4.0,22.7,22.0,95.8,1014.2,4.0,0.0,2.0,cma,25.0
202108301000,54857.0,1.0,9.0,4.0,66.0,90.0,4.0,22.7,22.0,95.8,1014.2,4.0,0.0,2.0,cma,25.0
202108301100,54857.0,1.0,9.0,4.0,66.0,90.0,4.0,22.7,22.0,95.8,1014.2,4.0,0.0,2.0,cma,25.0
202108301200,54857.0,1.0,9.0,4.0,63.0,110.0,4.0,23.4,22.9,97.0,1015.0,2.0,0.8,2.0,cma,13.0
202108301300,54857.0,1.0,9.0,4.0,63.0,110.0,4.0,23.4,22.9,97.0,1015.0,2.0,0.8,2.0,cma,13.0
202108301400,54857.0,1.0,9.0,4.0,63.0,110.0,4.0,23.4,22.9,97.0,1015.0,2.0,0.8,2.0,cma,13.0
202108301500,54857.0,1.0,9.0,4.0,58.0,110.0,4.0,23.8,23.6,98.8,1013.6,7.0,1.4,2.0,cma,23.0
202108301600,54857.0,1.0,9.0,4.0,58.0,110.0,4.0,23.8,23.6,98.8,1013.6,7.0,1.4,2.0,cma,23.0
202108301700,54857.0,1.0,9.0,4.0,58.0,110.0,4.0,23.8,23.6,98.8,1013.6,7.0,1.4,2.0,cma,23.0
202108301800,54857.0,1.0,9.0,4.0,63.0,110.0,3.0,24.3,24.0,98.2,1013.0,7.0,0.6,2.0,cma,14.0
202108301900,54857.0,1.0,9.0,4.0,63.0,110.0,3.0,24.3,24.0,98.2,1013.0,7.0,0.6,2.0,cma,14.0
202108302000,54857.0,1.0,9.0,4.0,63.0,110.0,3.0,24.3,24.0,98.2,1013.0,7.0,0.6,2.0,cma,14.0
202108302100,54857.0,1.0,9.0,4.0,60.0,130.0,4.0,24.9,24.7,98.8,1011.9,7.0,1.0,2.0,cma,18.0
202108302200,54857.0,1.0,9.0,4.0,60.0,130.0,4.0,24.9,24.7,98.8,1011.9,7.0,1.0,2.0,cma,18.0
202108302300,54857.0,1.0,9.0,4.0,60.0,130.0,4.0,24.9,24.7,98.8,1011.9,7.0,1.0,2.0,cma,18.0
202108310000,54857.0,1.0,9.0,4.0,26.0,150.0,3.0,25.5,25.5,,1010.4,7.0,1.5,2.0,cma,15.0
202108310100,54857.0,1.0,9.0,4.0,26.0,150.0,3.0,25.5,25.5,,1010.4,7.0,1.5,2.0,cma,15.0
202108310200,54857.0,1.0,9.0,4.0,26.0,150.0,3.0,25.5,25.5,,1010.4,7.0,1.5,2.0,cma,15.0
202108310300,54857.0,1.0,9.0,4.0,14.0,330.0,5.0,23.3,23.3,,1011.0,2.0,0.6,2.0,cma,18.0
202108310400,54857.0,1.0,9.0,4.0,14.0,330.0,5.0,23.3,23.3,,1011.0,2.0,0.6,2.0,cma,18.0
202108310500,54857.0,1.0,9.0,4.0,14.0,330.0,5.0,23.3,23.3,,1011.0,2.0,0.6,2.0,cma,18.0
202108310600,54857.0,1.0,9.0,4.0,57.0,100.0,2.0,23.5,23.5,,1010.1,7.0,0.9,2.0,cma,20.0
202108310700,54857.0,1.0,9.0,4.0,57.0,100.0,2.0,23.5,23.5,,1010.1,7.0,0.9,2.0,cma,20.0
202108310800,54857.0,1.0,9.0,4.0,57.0,100.0,2.0,23.5,23.5,,1010.1,7.0,0.9,2.0,cma,20.0
202108310900,54857.0,1.0,9.0,4.0,65.0,100.0,4.0,22.7,22.5,98.8,1009.5,7.0,0.6,2.0,cma,22.0
202108311000,54857.0,1.0,9.0,4.0,65.0,100.0,4.0,22.7,22.5,98.8,1009.5,7.0,0.6,2.0,cma,22.0
202108311100,54857.0,1.0,9.0,4.0,65.0,100.0,4.0,22.7,22.5,98.8,1009.5,7.0,0.6,2.0,cma,22.0
202108311200,54857.0,1.0,9.0,4.0,57.0,10.0,3.0,21.4,21.2,98.8,1011.5,2.0,1.9,2.0,cma,19.0
202108311300,54857.0,1.0,9.0,4.0,57.0,10.0,3.0,21.4,21.2,98.8,1011.5,2.0,1.9,2.0,cma,19.0
202108311400,54857.0,1.0,9.0,4.0,57.0,10.0,3.0,21.4,21.2,98.8,1011.5,2.0,1.9,2.0,cma,19.0
202108311500,54857.0,1.0,9.0,4.0,71.0,10.0,2.0,20.3,19.8,97.0,1011.5,4.0,0.0,2.0,cma,15.0
202108311600,54857.0,1.0,9.0,4.0,71.0,10.0,2.0,20.3,19.8,97.0,1011.5,4.0,0.0,2.0,cma,15.0
202108311700,54857.0,1.0,9.0,4.0,71.0,10.0,2.0,20.3,19.8,97.0,1011.5,4.0,0.0,2.0,cma,15.0
202108311800,54857.0,1.0,9.0,4.0,56.0,360.0,3.0,20.0,19.8,98.8,1011.3,7.0,0.2,2.0,cma,12.0
202108311900,54857.0,1.0,9.0,4.0,56.0,360.0,3.0,20.0,19.8,98.8,1011.3,7.0,0.2,2.0,cma,12.0
202108312000,54857.0,1.0,9.0,4.0,56.0,360.0,3.0,20.0,19.8,98.8,1011.3,7.0,0.2,2.0,cma,12.0
202108312100,54857.0,1.0,9.0,4.0,56.0,30.0,2.0,19.5,19.2,98.1,1012.5,2.0,1.2,2.0,cma,17.0
202108312200,54857.0,1.0,9.0,4.0,56.0,30.0,2.0,19.5,19.2,98.1,1012.5,2.0,1.2,2.0,cma,17.0
202108312300,54857.0,1.0,9.0,4.0,56.0,30.0,2.0,19.5,19.2,98.1,1012.5,2.0,1.2,2.0,cma,17.0
202109010000,54857.0,1.0,9.0,4.0,56.0,20.0,1.0,19.8,19.6,98.8,1013.9,2.0,1.3,2.0,cma,14.0
202109010100,54857.0,1.0,9.0,4.0,56.0,20.0,1.0,19.8,19.6,98.8,1013.9,2.0,1.3,2.0,cma,14.0
202109010200,54857.0,1.0,9.0,4.0,56.0,20.0,1.0,19.8,19.6,98.8,1013.9,2.0,1.3,2.0,cma,14.0
202109010300,54857.0,1.0,9.0,4.0,80.0,280.0,2.0,22.8,19.6,82.2,1013.8,4.0,0.0,2.0,cma,17.0
202109010400,54857.0,1.0,9.0,4.0,80.0,280.0,2.0,22.8,19.6,82.2,1013.8,4.0,0.0,2.0,cma,17.0
202109010500,54857.0,1.0,9.0,4.0,80.0,280.0,2.0,22.8,19.6,82.2,1013.8,4.0,0.0,2.0,cma,17.0
202109010600,54857.0,1.0,9.0,4.0,76.0,220.0,2.0,24.3,19.2,73.2,1012.3,7.0,1.5,2.0,cma,14.0
202109010700,54857.0,1.0,9.0,4.0,76.0,220.0,2.0,24.3,19.2,73.2,1012.3,7.0,1.5,2.0,cma,14.0
202109010800,54857.0,1.0,9.0,4.0,76.0,220.0,2.0,24.3,19.2,73.2,1012.3,7.0,1.5,2.0,cma,14.0
202109010900,54857.0,1.0,9.0,4.0,80.0,180.0,1.0,24.0,19.5,76.0,1011.9,7.0,0.4,2.0,cma,27.0
202109011000,54857.0,1.0,9.0,4.0,80.0,180.0,1.0,24.0,19.5,76.0,1011.9,7.0,0.4,2.0,cma,27.0
202109011100,54857.0,1.0,9.0,4.0,80.0,180.0,1.0,24.0,19.5,76.0,1011.9,7.0,0.4,2.0,cma,27.0
202109011200,54857.0,1.0,9.0,4.0,62.0,210.0,2.0,23.1,20.6,85.8,1012.4,2.0,0.5,2.0,cma,19.0
202109011300,54857.0,1.0,9.0,4.0,62.0,210.0,2.0,23.1,20.6,85.8,1012.4,2.0,0.5,2.0,cma,19.0
202109011400,54857.0,1.0,9.0,4.0,62.0,210.0,2.0,23.1,20.6,85.8,1012.4,2.0,0.5,2.0,cma,19.0
202109011500,54857.0,1.0,9.0,4.0,64.0,300.0,2.0,22.7,20.6,87.9,1012.4,4.0,0.0,2.0,cma,30.0
202109011600,54857.0,1.0,9.0,4.0,64.0,300.0,2.0,22.7,20.6,87.9,1012.4,4.0,0.0,2.0,cma,30.0
202109011700,54857.0,1.0,9.0,4.0,64.0,300.0,2.0,22.7,20.6,87.9,1012.4,4.0,0.0,2.0,cma,30.0
202109011800,54857.0,1.0,9.0,4.0,57.0,290.0,1.0,22.4,21.2,92.9,1011.0,7.0,1.4,2.0,cma,33.0
202109011900,54857.0,1.0,9.0,4.0,57.0,290.0,1.0,22.4,21.2,92.9,1011.0,7.0,1.4,2.0,cma,33.0
202109012000,54857.0,1.0,9.0,4.0,57.0,290.0,1.0,22.4,21.2,92.9,1011.0,7.0,1.4,2.0,cma,33.0
202109012100,54857.0,1.0,9.0,4.0,36.0,340.0,2.0,21.9,21.1,95.2,1010.7,7.0,0.3,2.0,cma,35.0
202109012200,54857.0,1.0,9.0,4.0,36.0,340.0,2.0,21.9,21.1,95.2,1010.7,7.0,0.3,2.0,cma,35.0
202109012300,54857.0,1.0,9.0,4.0,36.0,340.0,2.0,21.9,21.1,95.2,1010.7,7.0,0.3,2.0,cma,35.0
202109020000,54857.0,1.0,9.0,4.0,56.0,90.0,2.0,23.5,19.9,80.2,1011.5,2.0,0.8,2.0,cma,41.0
202109020100,54857.0,1.0,9.0,4.0,56.0,90.0,2.0,23.5,19.9,80.2,1011.5,2.0,0.8,2.0,cma,41.0
202109020200,54857.0,1.0,9.0,4.0,56.0,90.0,2.0,23.5,19.9,80.2,1011.5,2.0,0.8,2.0,cma,41.0
202109020300,54857.0,1.0,9.0,4.0,58.0,360.0,2.0,25.5,20.3,73.0,1010.6,7.0,0.8,2.0,cma,48.0
202109020400,54857.0,1.0,9.0,4.0,58.0,360.0,2.0,25.5,20.3,73.0,1010.6,7.0,0.8,2.0,cma,48.0
202109020500,54857.0,1.0,9.0,4.0,58.0,360.0,2.0,25.5,20.3,73.0,1010.6,7.0,0.8,2.0,cma,48.0
202109020600,54857.0,1.0,9.0,4.0,76.0,160.0,3.0,26.1,18.8,64.2,1009.0,7.0,1.6,2.0,cma,65.0
202109020700,54857.0,1.0,9.0,4.0,76.0,160.0,3.0,26.1,18.8,64.2,1009.0,7.0,1.6,2.0,cma,65.0
202109020800,54857.0,1.0,9.0,4.0,76.0,160.0,3.0,26.1,18.8,64.2,1009.0,7.0,1.6,2.0,cma,65.0
202109020900,54857.0,1.0,9.0,4.0,76.0,170.0,2.0,24.7,18.2,67.2,1008.1,7.0,0.9,2.0,cma,80.0
202109021000,54857.0,1.0,9.0,4.0,76.0,170.0,2.0,24.7,18.2,67.2,1008.1,7.0,0.9,2.0,cma,80.0
202109021100,54857.0,1.0,9.0,4.0,76.0,170.0,2.0,24.7,18.2,67.2,1008.1,7.0,0.9,2.0,cma,80.0
202109021200,54857.0,1.0,9.0,4.0,80.0,190.0,2.0,23.2,18.5,74.9,1009.4,2.0,1.3,2.0,cma,150.0
202109021300,54857.0,1.0,9.0,4.0,80.0,190.0,2.0,23.2,18.5,74.9,1009.4,2.0,1.3,2.0,cma,150.0
202109021400,54857.0,1.0,9.0,4.0,80.0,190.0,2.0,23.2,18.5,74.9,1009.4,2.0,1.3,2.0,cma,150.0
202109021500,54857.0,1.0,9.0,4.0,74.0,220.0,1.0,22.9,18.4,75.8,1009.3,7.0,0.1,2.0,cma,35.0
202109021600,54857.0,1.0,9.0,4.0,74.0,220.0,1.0,22.9,18.4,75.8,1009.3,7.0,0.1,2.0,cma,35.0
202109021700,54857.0,1.0,9.0,4.0,74.0,220.0,1.0,22.9,18.4,75.8,1009.3,7.0,0.1,2.0,cma,35.0
202109021800,54857.0,1.0,9.0,4.0,61.0,40.0,2.0,21.9,19.1,84.1,1008.5,7.0,0.8,2.0,cma,30.0
202109021900,54857.0,1.0,9.0,4.0,61.0,40.0,2.0,21.9,19.1,84.1,1008.5,7.0,0.8,2.0,cma,30.0
202109022000,54857.0,1.0,9.0,4.0,61.0,40.0,2.0,21.9,19.1,84.1,1008.5,7.0,0.8,2.0,cma,30.0
202109022100,54857.0,1.0,9.0,4.0,50.0,320.0,2.0,21.5,19.6,88.9,1008.9,2.0,0.4,2.0,cma,47.0
202109022200,54857.0,1.0,9.0,4.0,50.0,320.0,2.0,21.5,19.6,88.9,1008.9,2.0,0.4,2.0,cma,47.0
202109022300,54857.0,1.0,9.0,4.0,50.0,320.0,2.0,21.5,19.6,88.9,1008.9,2.0,0.4,2.0,cma,47.0
202109030000,54857.0,1.0,9.0,4.0,50.0,350.0,1.0,23.5,19.9,80.2,1009.7,2.0,0.8,2.0,cma,28.0
202109030100,54857.0,1.0,9.0,4.0,50.0,350.0,1.0,23.5,19.9,80.2,1009.7,2.0,0.8,2.0,cma,28.0
202109030200,54857.0,1.0,9.0,4.0,50.0,350.0,1.0,23.5,19.9,80.2,1009.7,2.0,0.8,2.0,cma,28.0
202109030300,54857.0,1.0,9.0,4.0,63.0,160.0,2.0,26.2,18.1,61.0,1009.8,2.0,0.1,2.0,cma,50.0
202109030400,54857.0,1.0,9.0,4.0,63.0,160.0,2.0,26.2,18.1,61.0,1009.8,2.0,0.1,2.0,cma,50.0
202109030500,54857.0,1.0,9.0,4.0,63.0,160.0,2.0,26.2,18.1,61.0,1009.8,2.0,0.1,2.0,cma,50.0
202109030600,54857.0,1.0,9.0,4.0,56.0,180.0,3.0,25.7,20.7,73.9,1009.2,7.0,0.6,2.0,cma,48.0
202109030700,54857.0,1.0,9.0,4.0,56.0,180.0,3.0,25.7,20.7,73.9,1009.2,7.0,0.6,2.0,cma,48.0
202109030800,54857.0,1.0,9.0,4.0,56.0,180.0,3.0,25.7,20.7,73.9,1009.2,7.0,0.6,2.0,cma,48.0
202109030900,54857.0,1.0,9.0,4.0,57.0,170.0,2.0,25.6,20.8,74.8,1009.1,7.0,0.1,2.0,cma,73.0
202109031000,54857.0,1.0,9.0,4.0,57.0,170.0,2.0,25.6,20.8,74.8,1009.1,7.0,0.1,2.0,cma,73.0
202109031100,54857.0,1.0,9.0,4.0,57.0,170.0,2.0,25.6,20.8,74.8,1009.1,7.0,0.1,2.0,cma,73.0
202109031200,54857.0,1.0,9.0,4.0,59.0,150.0,2.0,24.0,20.9,82.8,1010.9,2.0,1.8,2.0,cma,54.0
202109031300,54857.0,1.0,9.0,4.0,59.0,150.0,2.0,24.0,20.9,82.8,1010.9,2.0,1.8,2.0,cma,54.0
202109031400,54857.0,1.0,9.0,4.0,59.0,150.0,2.0,24.0,20.9,82.8,1010.9,2.0,1.8,2.0,cma,54.0
202109031500,54857.0,1.0,9.0,4.0,66.0,150.0,2.0,23.7,20.4,81.8,1010.9,4.0,0.0,2.0,cma,75.0
202109031600,54857.0,1.0,9.0,4.0,66.0,150.0,2.0,23.7,20.4,81.8,1010.9,4.0,0.0,2.0,cma,75.0
202109031700,54857.0,1.0,9.0,4.0,66.0,150.0,2.0,23.7,20.4,81.8,1010.9,4.0,0.0,2.0,cma,75.0
202109031800,54857.0,1.0,9.0,4.0,79.0,140.0,1.0,23.9,21.0,83.8,1011.5,2.0,0.6,2.0,cma,38.0
202109031900,54857.0,1.0,9.0,4.0,79.0,140.0,1.0,23.9,21.0,83.8,1011.5,2.0,0.6,2.0,cma,38.0
202109032000,54857.0,1.0,9.0,4.0,79.0,140.0,1.0,23.9,21.0,83.8,1011.5,2.0,0.6,2.0,cma,38.0
202109032100,54857.0,1.0,9.0,4.0,80.0,210.0,1.0,23.2,20.7,85.9,1011.6,2.0,0.1,2.0,cma,64.0
202109032200,54857.0,1.0,9.0,4.0,80.0,210.0,1.0,23.2,20.7,85.9,1011.6,2.0,0.1,2.0,cma,64.0
202109032300,54857.0,1.0,9.0,4.0,80.0,210.0,1.0,23.2,20.7,85.9,1011.6,2.0,0.1,2.0,cma,64.0
202109040000,54857.0,1.0,9.0,4.0,68.0,100.0,2.0,23.1,21.2,89.1,1013.4,2.0,1.7,2.0,cma,30.0
202109040100,54857.0,1.0,9.0,4.0,68.0,100.0,2.0,23.1,21.2,89.1,1013.4,2.0,1.7,2.0,cma,30.0
202109040200,54857.0,1.0,9.0,4.0,68.0,100.0,2.0,23.1,21.2,89.1,1013.4,2.0,1.7,2.0,cma,30.0
202109040300,54857.0,1.0,9.0,4.0,56.0,80.0,2.0,22.9,21.9,94.1,1014.5,2.0,1.1,2.0,cma,31.0
202109040400,54857.0,1.0,9.0,4.0,56.0,80.0,2.0,22.9,21.9,94.1,1014.5,2.0,1.1,2.0,cma,31.0
202109040500,54857.0,1.0,9.0,4.0,56.0,80.0,2.0,22.9,21.9,94.1,1014.5,2.0,1.1,2.0,cma,31.0
202109040600,54857.0,1.0,9.0,4.0,60.0,80.0,3.0,21.5,20.5,94.0,1012.3,7.0,2.2,2.0,cma,10.0
202109040700,54857.0,1.0,9.0,4.0,60.0,80.0,3.0,21.5,20.5,94.0,1012.3,7.0,2.2,2.0,cma,10.0
202109040800,54857.0,1.0,9.0,4.0,60.0,80.0,3.0,21.5,20.5,94.0,1012.3,7.0,2.2,2.0,cma,10.0
202109040900,54857.0,1.0,9.0,4.0,50.0,110.0,3.0,22.1,21.3,95.2,1013.4,2.0,1.1,2.0,cma,20.0
202109041000,54857.0,1.0,9.0,4.0,50.0,110.0,3.0,22.1,21.3,95.2,1013.4,2.0,1.1,2.0,cma,20.0
202109041100,54857.0,1.0,9.0,4.0,50.0,110.0,3.0,22.1,21.3,95.2,1013.4,2.0,1.1,2.0,cma,20.0
202109041200,54857.0,1.0,9.0,4.0,50.0,100.0,4.0,20.7,18.5,87.2,1013.3,7.0,0.1,2.0,cma,32.0
202109041300,54857.0,1.0,9.0,4.0,50.0,100.0,4.0,20.7,18.5,87.2,1013.3,7.0,0.1,2.0,cma,32.0
202109041400,54857.0,1.0,9.0,4.0,50.0,100.0,4.0,20.7,18.5,87.2,1013.3,7.0,0.1,2.0,cma,32.0
202109041500,54857.0,1.0,9.0,4.0,62.0,80.0,5.0,20.8,19.8,94.0,1012.8,7.0,0.5,2.0,cma,31.0
202109041600,54857.0,1.0,9.0,4.0,62.0,80.0,5.0,20.8,19.8,94.0,1012.8,7.0,0.5,2.0,cma,31.0
202109041700,54857.0,1.0,9.0,4.0,62.0,80.0,5.0,20.8,19.8,94.0,1012.8,7.0,0.5,2.0,cma,31.0
202109041800,54857.0,1.0,9.0,4.0,57.0,110.0,4.0,20.8,20.3,97.0,1012.2,7.0,0.6,2.0,cma,9.0
202109041900,54857.0,1.0,9.0,4.0,57.0,110.0,4.0,20.8,20.3,97.0,1012.2,7.0,0.6,2.0,cma,9.0
202109042000,54857.0,1.0,9.0,4.0,57.0,110.0,4.0,20.8,20.3,97.0,1012.2,7.0,0.6,2.0,cma,9.0
202109042100,54857.0,1.0,9.0,4.0,80.0,90.0,5.0,20.8,19.5,92.3,1010.7,7.0,1.5,2.0,cma,19.0
202109042200,54857.0,1.0,9.0,4.0,80.0,90.0,5.0,20.8,19.5,92.3,1010.7,7.0,1.5,2.0,cma,19.0
202109042300,54857.0,1.0,9.0,4.0,80.0,90.0,5.0,20.8,19.5,92.3,1010.7,7.0,1.5,2.0,cma,19.0
202109050000,54857.0,1.0,9.0,4.0,61.0,90.0,7.0,21.6,20.9,95.8,1010.9,2.0,0.2,2.0,cma,15.0
202109050100,54857.0,1.0,9.0,4.0,61.0,90.0,7.0,21.6,20.9,95.8,1010.9,2.0,0.2,2.0,cma,15.0
202109050200,54857.0,1.0,9.0,4.0,61.0,90.0,7.0,21.6,20.9,95.8,1010.9,2.0,0.2,2.0,cma,15.0
202109050300,54857.0,1.0,9.0,4.0,58.0,80.0,7.0,22.3,21.5,95.2,1011.0,2.0,0.1,2.0,cma,16.0
202109050400,54857.0,1.0,9.0,4.0,58.0,80.0,7.0,22.3,21.5,95.2,1011.0,2.0,0.1,2.0,cma,16.0
202109050500,54857.0,1.0,9.0,4.0,58.0,80.0,7.0,22.3,21.5,95.2,1011.0,2.0,0.1,2.0,cma,16.0
202109050600,54857.0,1.0,9.0,4.0,30.0,90.0,8.0,21.5,21.2,98.2,1010.3,7.0,0.7,2.0,cma,7.0
202109050700,54857.0,1.0,9.0,4.0,30.0,90.0,8.0,21.5,21.2,98.2,1010.3,7.0,0.7,2.0,cma,7.0
202109050800,54857.0,1.0,9.0,4.0,30.0,90.0,8.0,21.5,21.2,98.2,1010.3,7.0,0.7,2.0,cma,7.0
202109050900,54857.0,1.0,9.0,4.0,27.0,80.0,6.0,21.7,21.5,98.8,1010.6,2.0,0.3,2.0,cma,18.0
202109051000,54857.0,1.0,9.0,4.0,27.0,80.0,6.0,21.7,21.5,98.8,1010.6,2.0,0.3,2.0,cma,18.0
202109051100,54857.0,1.0,9.0,4.0,27.0,80.0,6.0,21.7,21.5,98.8,1010.6,2.0,0.3,2.0,cma,18.0
202109051200,54857.0,1.0,9.0,4.0,29.0,90.0,8.0,21.6,21.4,98.8,1011.7,2.0,1.1,2.0,cma,0.0
202109051300,54857.0,1.0,9.0,4.0,29.0,90.0,8.0,21.6,21.4,98.8,1011.7,2.0,1.1,2.0,cma,0.0
202109051400,54857.0,1.0,9.0,4.0,29.0,90.0,8.0,21.6,21.4,98.8,1011.7,2.0,1.1,2.0,cma,0.0
202109051500,54857.0,1.0,9.0,4.0,41.0,90.0,7.0,21.8,21.6,98.8,1012.3,2.0,0.6,2.0,cma,13.0
202109051600,54857.0,1.0,9.0,4.0,41.0,90.0,7.0,21.8,21.6,98.8,1012.3,2.0,0.6,2.0,cma,13.0
202109051700,54857.0,1.0,9.0,4.0,41.0,90.0,7.0,21.8,21.6,98.8,1012.3,2.0,0.6,2.0,cma,13.0
202109051800,54857.0,1.0,9.0,4.0,73.0,90.0,7.0,22.2,22.0,98.8,1011.0,7.0,1.3,2.0,cma,47.0
202109051900,54857.0,1.0,9.0,4.0,73.0,90.0,7.0,22.2,22.0,98.8,1011.0,7.0,1.3,2.0,cma,47.0
202109052000,54857.0,1.0,9.0,4.0,73.0,90.0,7.0,22.2,22.0,98.8,1011.0,7.0,1.3,2.0,cma,47.0
202109052100,54857.0,1.0,9.0,4.0,46.0,90.0,4.0,22.2,22.2,,1010.3,7.0,0.7,2.0,cma,8.0
202109052200,54857.0,1.0,9.0,4.0,46.0,90.0,4.0,22.2,22.2,,1010.3,7.0,0.7,2.0,cma,8.0
202109052300,54857.0,1.0,9.0,4.0,46.0,90.0,4.0,22.2,22.2,,1010.3,7.0,0.7,2.0,cma,8.0
202109060000,54857.0,1.0,9.0,4.0,50.0,40.0,1.0,23.0,23.0,,1010.4,2.0,0.1,2.0,cma,7.0
202109060100,54857.0,1.0,9.0,4.0,50.0,40.0,1.0,23.0,23.0,,1010.4,2.0,0.1,2.0,cma,7.0
202109060200,54857.0,1.0,9.0,4.0,50.0,40.0,1.0,23.0,23.0,,1010.4,2.0,0.1,2.0,cma,7.0
202109060300,54857.0,1.0,9.0,4.0,68.0,300.0,3.0,24.4,23.2,93.0,1010.3,7.0,0.1,2.0,cma,13.0
202109060400,54857.0,1.0,9.0,4.0,68.0,300.0,3.0,24.4,23.2,93.0,1010.3,7.0,0.1,2.0,cma,13.0
202109060500,54857.0,1.0,9.0,4.0,68.0,300.0,3.0,24.4,23.2,93.0,1010.3,7.0,0.1,2.0,cma,13.0
202109060600,54857.0,1.0,9.0,4.0,72.0,310.0,4.0,22.4,21.6,95.2,1009.5,7.0,0.8,2.0,cma,4.0
202109060700,54857.0,1.0,9.0,4.0,72.0,310.0,4.0,22.4,21.6,95.2,1009.5,7.0,0.8,2.0,cma,4.0
202109060800,54857.0,1.0,9.0,4.0,72.0,310.0,4.0,22.4,21.6,95.2,1009.5,7.0,0.8,2.0,cma,4.0
202109060900,54857.0,1.0,9.0,4.0,80.0,310.0,3.0,23.3,21.6,90.2,1009.2,7.0,0.3,2.0,cma,13.0
202109061000,54857.0,1.0,9.0,4.0,80.0,310.0,3.0,23.3,21.6,90.2,1009.2,7.0,0.3,2.0,cma,13.0
202109061100,54857.0,1.0,9.0,4.0,80.0,310.0,3.0,23.3,21.6,90.2,1009.2,7.0,0.3,2.0,cma,13.0
202109061200,54857.0,1.0,9.0,4.0,80.0,300.0,4.0,22.6,21.2,91.8,1009.9,2.0,0.7,2.0,cma,26.0
202109061300,54857.0,1.0,9.0,4.0,80.0,300.0,4.0,22.6,21.2,91.8,1009.9,2.0,0.7,2.0,cma,26.0
202109061400,54857.0,1.0,9.0,4.0,80.0,300.0,4.0,22.6,21.2,91.8,1009.9,2.0,0.7,2.0,cma,26.0
202109061500,54857.0,1.0,9.0,4.0,80.0,340.0,7.0,21.4,19.9,91.2,1010.9,2.0,1.0,2.0,cma,22.0
202109061600,54857.0,1.0,9.0,4.0,80.0,340.0,7.0,21.4,19.9,91.2,1010.9,2.0,1.0,2.0,cma,22.0
202109061700,54857.0,1.0,9.0,4.0,80.0,340.0,7.0,21.4,19.9,91.2,1010.9,2.0,1.0,2.0,cma,22.0
202109061800,54857.0,1.0,9.0,4.0,80.0,330.0,6.0,20.8,19.3,91.1,1011.7,2.0,0.8,2.0,cma,13.0
202109061900,54857.0,1.0,9.0,4.0,80.0,330.0,6.0,20.8,19.3,91.1,1011.7,2.0,0.8,2.0,cma,13.0
202109062000,54857.0,1.0,9.0,4.0,80.0,330.0,6.0,20.8,19.3,91.1,1011.7,2.0,0.8,2.0,cma,13.0
202109062100,54857.0,1.0,9.0,4.0,80.0,330.0,6.0,20.3,19.1,92.8,1012.3,2.0,0.6,2.0,cma,27.0
202109062200,54857.0,1.0,9.0,4.0,80.0,330.0,6.0,20.3,19.1,92.8,1012.3,2.0,0.6,2.0,cma,27.0
202109062300,54857.0,1.0,9.0,4.0,80.0,330.0,6.0,20.3,19.1,92.8,1012.3,2.0,0.6,2.0,cma,27.0
202109070000,54857.0,1.0,9.0,4.0,74.0,340.0,5.0,21.2,19.3,88.9,1013.6,2.0,1.3,2.0,cma,13.0
202109070100,54857.0,1.0,9.0,4.0,74.0,340.0,5.0,21.2,19.3,88.9,1013.6,2.0,1.3,2.0,cma,13.0
202109070200,54857.0,1.0,9.0,4.0,74.0,340.0,5.0,21.2,19.3,88.9,1013.6,2.0,1.3,2.0,cma,13.0
202109070300,54857.0,1.0,9.0,4.0,80.0,320.0,4.0,23.3,18.8,75.8,1013.9,2.0,0.3,2.0,cma,9.0
202109070400,54857.0,1.0,9.0,4.0,80.0,320.0,4.0,23.3,18.8,75.8,1013.9,2.0,0.3,2.0,cma,9.0
202109070500,54857.0,1.0,9.0,4.0,80.0,320.0,4.0,23.3,18.8,75.8,1013.9,2.0,0.3,2.0,cma,9.0
202109070600,54857.0,1.0,9.0,4.0,80.0,320.0,4.0,25.2,18.6,66.8,1012.4,7.0,1.5,2.0,cma,13.0
202109070700,54857.0,1.0,9.0,4.0,80.0,320.0,4.0,25.2,18.6,66.8,1012.4,7.0,1.5,2.0,cma,13.0
202109070800,54857.0,1.0,9.0,4.0,80.0,320.0,4.0,25.2,18.6,66.8,1012.4,7.0,1.5,2.0,cma,13.0
202109070900,54857.0,1.0,9.0,4.0,80.0,330.0,5.0,25.1,14.9,53.2,1012.4,4.0,0.0,2.0,cma,13.0
202109071000,54857.0,1.0,9.0,4.0,80.0,330.0,5.0,25.1,14.9,53.2,1012.4,4.0,0.0,2.0,cma,13.0
202109071100,54857.0,1.0,9.0,4.0,80.0,330.0,5.0,25.1,14.9,53.2,1012.4,4.0,0.0,2.0,cma,13.0
202109071200,54857.0,1.0,9.0,4.0,80.0,340.0,4.0,22.4,15.7,65.8,1012.9,2.0,0.5,2.0,cma,21.0
202109071300,54857.0,1.0,9.0,4.0,80.0,340.0,4.0,22.4,15.7,65.8,1012.9,2.0,0.5,2.0,cma,21.0
202109071400,54857.0,1.0,9.0,4.0,80.0,340.0,4.0,22.4,15.7,65.8,1012.9,2.0,0.5,2.0,cma,21.0
202109071500,54857.0,1.0,9.0,4.0,80.0,20.0,0.0,20.5,15.7,74.0,1012.8,7.0,0.1,2.0,cma,25.0
202109071600,54857.0,1.0,9.0,4.0,80.0,20.0,0.0,20.5,15.7,74.0,1012.8,7.0,0.1,2.0,cma,25.0
202109071700,54857.0,1.0,9.0,4.0,80.0,20.0,0.0,20.5,15.7,74.0,1012.8,7.0,0.1,2.0,cma,25.0
202109071800,54857.0,1.0,9.0,4.0,73.0,60.0,1.0,19.5,16.5,82.8,1012.5,7.0,0.3,2.0,cma,396.0
202109071900,54857.0,1.0,9.0,4.0,73.0,60.0,1.0,19.5,16.5,82.8,1012.5,7.0,0.3,2.0,cma,396.0
202109072000,54857.0,1.0,9.0,4.0,73.0,60.0,1.0,19.5,16.5,82.8,1012.5,7.0,0.3,2.0,cma,396.0
202109072100,54857.0,1.0,9.0,4.0,64.0,220.0,1.0,19.9,18.6,92.2,1012.6,2.0,0.1,2.0,cma,87.0
202109072200,54857.0,1.0,9.0,4.0,64.0,220.0,1.0,19.9,18.6,92.2,1012.6,2.0,0.1,2.0,cma,87.0
202109072300,54857.0,1.0,9.0,4.0,64.0,220.0,1.0,19.9,18.6,92.2,1012.6,2.0,0.1,2.0,cma,87.0
202109080000,54857.0,1.0,9.0,4.0,64.0,180.0,1.0,23.3,19.0,76.8,1012.8,2.0,0.2,2.0,cma,20.0
202109080100,54857.0,1.0,9.0,4.0,64.0,180.0,1.0,23.3,19.0,76.8,1012.8,2.0,0.2,2.0,cma,20.0
202109080200,54857.0,1.0,9.0,4.0,64.0,180.0,1.0,23.3,19.0,76.8,1012.8,2.0,0.2,2.0,cma,20.0
202109080300,54857.0,1.0,9.0,4.0,60.0,200.0,3.0,25.6,18.0,62.9,1012.5,7.0,0.3,2.0,cma,37.0
202109080400,54857.0,1.0,9.0,4.0,60.0,200.0,3.0,25.6,18.0,62.9,1012.5,7.0,0.3,2.0,cma,37.0
202109080500,54857.0,1.0,9.0,4.0,60.0,200.0,3.0,25.6,18.0,62.9,1012.5,7.0,0.3,2.0,cma,37.0
202109080600,54857.0,1.0,9.0,4.0,71.0,190.0,5.0,26.0,16.3,55.1,1011.4,7.0,1.1,2.0,cma,37.0
202109080700,54857.0,1.0,9.0,4.0,71.0,190.0,5.0,26.0,16.3,55.1,1011.4,7.0,1.1,2.0,cma,37.0
202109080800,54857.0,1.0,9.0,4.0,71.0,190.0,5.0,26.0,16.3,55.1,1011.4,7.0,1.1,2.0,cma,37.0
202109080900,54857.0,1.0,9.0,4.0,72.0,180.0,3.0,24.9,17.1,61.9,1011.2,7.0,0.2,2.0,cma,45.0
202109081000,54857.0,1.0,9.0,4.0,72.0,180.0,3.0,24.9,17.1,61.9,1011.2,7.0,0.2,2.0,cma,45.0
202109081100,54857.0,1.0,9.0,4.0,72.0,180.0,3.0,24.9,17.1,61.9,1011.2,7.0,0.2,2.0,cma,45.0
202109081200,54857.0,1.0,9.0,4.0,64.0,150.0,2.0,23.0,19.0,78.2,1012.1,2.0,0.9,2.0,cma,30.0
202109081300,54857.0,1.0,9.0,4.0,64.0,150.0,2.0,23.0,19.0,78.2,1012.1,2.0,0.9,2.0,cma,30.0
202109081400,54857.0,1.0,9.0,4.0,64.0,150.0,2.0,23.0,19.0,78.2,1012.1,2.0,0.9,2.0,cma,30.0
202109081500,54857.0,1.0,9.0,4.0,65.0,180.0,3.0,23.0,19.4,80.2,1012.7,2.0,0.7,2.0,cma,51.0
202109081600,54857.0,1.0,9.0,4.0,65.0,180.0,3.0,23.0,19.4,80.2,1012.7,2.0,0.7,2.0,cma,51.0
202109081700,54857.0,1.0,9.0,4.0,65.0,180.0,3.0,23.0,19.4,80.2,1012.7,2.0,0.7,2.0,cma,51.0
202109081800,54857.0,1.0,9.0,4.0,64.0,200.0,2.0,22.9,20.8,88.0,1012.8,2.0,0.1,2.0,cma,94.0
202109081900,54857.0,1.0,9.0,4.0,64.0,200.0,2.0,22.9,20.8,88.0,1012.8,2.0,0.1,2.0,cma,94.0
202109082000,54857.0,1.0,9.0,4.0,64.0,200.0,2.0,22.9,20.8,88.0,1012.8,2.0,0.1,2.0,cma,94.0
202109082100,54857.0,1.0,9.0,4.0,59.0,190.0,2.0,22.9,21.5,91.8,1012.0,7.0,0.8,2.0,cma,37.0
202109082200,54857.0,1.0,9.0,4.0,59.0,190.0,2.0,22.9,21.5,91.8,1012.0,7.0,0.8,2.0,cma,37.0
202109082300,54857.0,1.0,9.0,4.0,59.0,190.0,2.0,22.9,21.5,91.8,1012.0,7.0,0.8,2.0,cma,37.0
202109090000,54857.0,1.0,9.0,4.0,64.0,200.0,3.0,24.5,21.4,82.9,1012.1,2.0,0.1,2.0,cma,46.0
202109090100,54857.0,1.0,9.0,4.0,64.0,200.0,3.0,24.5,21.4,82.9,1012.1,2.0,0.1,2.0,cma,46.0
202109090200,54857.0,1.0,9.0,4.0,64.0,200.0,3.0,24.5,21.4,82.9,1012.1,2.0,0.1,2.0,cma,46.0
202109090300,54857.0,1.0,9.0,4.0,70.0,170.0,5.0,25.9,22.2,80.1,1011.8,7.0,0.3,2.0,cma,42.0
202109090400,54857.0,1.0,9.0,4.0,70.0,170.0,5.0,25.9,22.2,80.1,1011.8,7.0,0.3,2.0,cma,42.0
202109090500,54857.0,1.0,9.0,4.0,70.0,170.0,5.0,25.9,22.2,80.1,1011.8,7.0,0.3,2.0,cma,42.0
202109090600,54857.0,1.0,9.0,4.0,69.0,170.0,5.0,25.4,23.1,87.1,1010.7,7.0,1.1,2.0,cma,24.0
202109090700,54857.0,1.0,9.0,4.0,69.0,170.0,5.0,25.4,23.1,87.1,1010.7,7.0,1.1,2.0,cma,24.0
202109090800,54857.0,1.0,9.0,4.0,69.0,170.0,5.0,25.4,23.1,87.1,1010.7,7.0,1.1,2.0,cma,24.0
202109090900,54857.0,1.0,9.0,4.0,60.0,160.0,5.0,24.3,23.3,94.2,1010.4,7.0,0.3,2.0,cma,42.0
202109091000,54857.0,1.0,9.0,4.0,60.0,160.0,5.0,24.3,23.3,94.2,1010.4,7.0,0.3,2.0,cma,42.0
202109091100,54857.0,1.0,9.0,4.0,60.0,160.0,5.0,24.3,23.3,94.2,1010.4,7.0,0.3,2.0,cma,42.0
202109091200,54857.0,1.0,9.0,4.0,62.0,170.0,4.0,24.0,23.1,94.7,1010.9,2.0,0.5,2.0,cma,21.0
202109091300,54857.0,1.0,9.0,4.0,62.0,170.0,4.0,24.0,23.1,94.7,1010.9,2.0,0.5,2.0,cma,21.0
202109091400,54857.0,1.0,9.0,4.0,62.0,170.0,4.0,24.0,23.1,94.7,1010.9,2.0,0.5,2.0,cma,21.0
202109091500,54857.0,1.0,9.0,4.0,58.0,190.0,3.0,24.0,23.5,97.0,1011.6,2.0,0.7,2.0,cma,27.0
202109091600,54857.0,1.0,9.0,4.0,58.0,190.0,3.0,24.0,23.5,97.0,1011.6,2.0,0.7,2.0,cma,27.0
202109091700,54857.0,1.0,9.0,4.0,58.0,190.0,3.0,24.0,23.5,97.0,1011.6,2.0,0.7,2.0,cma,27.0
202109091800,54857.0,1.0,9.0,4.0,57.0,170.0,2.0,23.7,23.2,97.0,1011.2,7.0,0.4,2.0,cma,26.0
202109091900,54857.0,1.0,9.0,4.0,57.0,170.0,2.0,23.7,23.2,97.0,1011.2,7.0,0.4,2.0,cma,26.0
202109092000,54857.0,1.0,9.0,4.0,57.0,170.0,2.0,23.7,23.2,97.0,1011.2,7.0,0.4,2.0,cma,26.0
202109092100,54857.0,1.0,9.0,4.0,31.0,150.0,2.0,23.5,23.3,98.8,1011.0,7.0,0.2,2.0,cma,42.0
202109092200,54857.0,1.0,9.0,4.0,31.0,150.0,2.0,23.5,23.3,98.8,1011.0,7.0,0.2,2.0,cma,42.0
202109092300,54857.0,1.0,9.0,4.0,31.0,150.0,2.0,23.5,23.3,98.8,1011.0,7.0,0.2,2.0,cma,42.0
202109100000,54857.0,1.0,9.0,4.0,48.0,170.0,2.0,24.2,23.9,98.2,1011.7,2.0,0.7,2.0,cma,24.0
202109100100,54857.0,1.0,9.0,4.0,48.0,170.0,2.0,24.2,23.9,98.2,1011.7,2.0,0.7,2.0,cma,24.0
202109100200,54857.0,1.0,9.0,4.0,48.0,170.0,2.0,24.2,23.9,98.2,1011.7,2.0,0.7,2.0,cma,24.0
202109100300,54857.0,1.0,9.0,4.0,58.0,170.0,2.0,26.8,23.5,82.2,1012.2,2.0,0.5,2.0,cma,28.0
202109100400,54857.0,1.0,9.0,4.0,58.0,170.0,2.0,26.8,23.5,82.2,1012.2,2.0,0.5,2.0,cma,28.0
202109100500,54857.0,1.0,9.0,4.0,58.0,170.0,2.0,26.8,23.5,82.2,1012.2,2.0,0.5,2.0,cma,28.0
202109100600,54857.0,1.0,9.0,4.0,61.0,150.0,4.0,26.7,23.0,80.2,1011.3,7.0,0.9,2.0,cma,25.0
202109100700,54857.0,1.0,9.0,4.0,61.0,150.0,4.0,26.7,23.0,80.2,1011.3,7.0,0.9,2.0,cma,25.0
202109100800,54857.0,1.0,9.0,4.0,61.0,150.0,4.0,26.7,23.0,80.2,1011.3,7.0,0.9,2.0,cma,25.0
202109100900,54857.0,1.0,9.0,4.0,61.0,140.0,3.0,25.3,23.5,89.8,1011.1,7.0,0.2,2.0,cma,53.0
202109101000,54857.0,1.0,9.0,4.0,61.0,140.0,3.0,25.3,23.5,89.8,1011.1,7.0,0.2,2.0,cma,53.0
202109101100,54857.0,1.0,9.0,4.0,61.0,140.0,3.0,25.3,23.5,89.8,1011.1,7.0,0.2,2.0,cma,53.0
202109101200,54857.0,1.0,9.0,4.0,58.0,150.0,3.0,24.3,23.6,95.9,1012.0,2.0,0.9,2.0,cma,20.0
202109101300,54857.0,1.0,9.0,4.0,58.0,150.0,3.0,24.3,23.6,95.9,1012.0,2.0,0.9,2.0,cma,20.0
202109101400,54857.0,1.0,9.0,4.0,58.0,150.0,3.0,24.3,23.6,95.9,1012.0,2.0,0.9,2.0,cma,20.0
202109101500,54857.0,1.0,9.0,4.0,59.0,160.0,3.0,24.0,23.5,97.0,1012.1,2.0,0.1,2.0,cma,52.0
202109101600,54857.0,1.0,9.0,4.0,59.0,160.0,3.0,24.0,23.5,97.0,1012.1,2.0,0.1,2.0,cma,52.0
202109101700,54857.0,1.0,9.0,4.0,59.0,160.0,3.0,24.0,23.5,97.0,1012.1,2.0,0.1,2.0,cma,52.0
202109101800,54857.0,1.0,9.0,4.0,66.0,180.0,3.0,23.8,22.8,94.1,1012.0,7.0,0.1,2.0,cma,28.0
202109101900,54857.0,1.0,9.0,4.0,66.0,180.0,3.0,23.8,22.8,94.1,1012.0,7.0,0.1,2.0,cma,28.0
202109102000,54857.0,1.0,9.0,4.0,66.0,180.0,3.0,23.8,22.8,94.1,1012.0,7.0,0.1,2.0,cma,28.0
202109102100,54857.0,1.0,9.0,4.0,63.0,160.0,2.0,23.3,22.5,95.3,1011.6,7.0,0.4,2.0,cma,47.0
202109102200,54857.0,1.0,9.0,4.0,63.0,160.0,2.0,23.3,22.5,95.3,1011.6,7.0,0.4,2.0,cma,47.0
202109102300,54857.0,1.0,9.0,4.0,63.0,160.0,2.0,23.3,22.5,95.3,1011.6,7.0,0.4,2.0,cma,47.0
202109110000,54857.0,1.0,9.0,4.0,66.0,160.0,4.0,24.5,23.1,91.9,1011.8,2.0,0.2,2.0,cma,23.0
202109110100,54857.0,1.0,9.0,4.0,66.0,160.0,4.0,24.5,23.1,91.9,1011.8,2.0,0.2,2.0,cma,23.0
202109110200,54857.0,1.0,9.0,4.0,66.0,160.0,4.0,24.5,23.1,91.9,1011.8,2.0,0.2,2.0,cma,23.0
202109110300,54857.0,1.0,9.0,4.0,68.0,170.0,4.0,25.6,23.5,88.2,1011.4,7.0,0.4,2.0,cma,26.0
202109110400,54857.0,1.0,9.0,4.0,68.0,170.0,4.0,25.6,23.5,88.2,1011.4,7.0,0.4,2.0,cma,26.0
202109110500,54857.0,1.0,9.0,4.0,68.0,170.0,4.0,25.6,23.5,88.2,1011.4,7.0,0.4,2.0,cma,26.0
202109110600,54857.0,1.0,9.0,4.0,66.0,180.0,3.0,26.9,23.2,80.2,1009.9,7.0,1.5,2.0,cma,20.0
202109110700,54857.0,1.0,9.0,4.0,66.0,180.0,3.0,26.9,23.2,80.2,1009.9,7.0,1.5,2.0,cma,20.0
202109110800,54857.0,1.0,9.0,4.0,66.0,180.0,3.0,26.9,23.2,80.2,1009.9,7.0,1.5,2.0,cma,20.0
202109110900,54857.0,1.0,9.0,4.0,60.0,160.0,5.0,25.2,23.8,92.0,1009.7,7.0,0.2,2.0,cma,26.0
202109111000,54857.0,1.0,9.0,4.0,60.0,160.0,5.0,25.2,23.8,92.0,1009.7,7.0,0.2,2.0,cma,26.0
202109111100,54857.0,1.0,9.0,4.0,60.0,160.0,5.0,25.2,23.8,92.0,1009.7,7.0,0.2,2.0,cma,26.0
202109111200,54857.0,1.0,9.0,4.0,57.0,160.0,3.0,24.4,23.7,95.9,1010.8,2.0,1.1,2.0,cma,12.0
202109111300,54857.0,1.0,9.0,4.0,57.0,160.0,3.0,24.4,23.7,95.9,1010.8,2.0,1.1,2.0,cma,12.0
202109111400,54857.0,1.0,9.0,4.0,57.0,160.0,3.0,24.4,23.7,95.9,1010.8,2.0,1.1,2.0,cma,12.0
202109111500,54857.0,1.0,9.0,4.0,43.0,160.0,2.0,24.2,24.0,98.8,1011.0,2.0,0.2,2.0,cma,27.0
202109111600,54857.0,1.0,9.0,4.0,43.0,160.0,2.0,24.2,24.0,98.8,1011.0,2.0,0.2,2.0,cma,27.0
202109111700,54857.0,1.0,9.0,4.0,43.0,160.0,2.0,24.2,24.0,98.8,1011.0,2.0,0.2,2.0,cma,27.0
202109111800,54857.0,1.0,9.0,4.0,36.0,140.0,2.0,23.7,23.5,98.8,1011.3,2.0,0.3,2.0,cma,24.0
202109111900,54857.0,1.0,9.0,4.0,36.0,140.0,2.0,23.7,23.5,98.8,1011.3,2.0,0.3,2.0,cma,24.0
202109112000,54857.0,1.0,9.0,4.0,36.0,140.0,2.0,23.7,23.5,98.8,1011.3,2.0,0.3,2.0,cma,24.0
202109112100,54857.0,1.0,9.0,4.0,50.0,160.0,2.0,23.7,23.5,98.8,1011.6,2.0,0.3,2.0,cma,50.0
202109112200,54857.0,1.0,9.0,4.0,50.0,160.0,2.0,23.7,23.5,98.8,1011.6,2.0,0.3,2.0,cma,50.0
202109112300,54857.0,1.0,9.0,4.0,50.0,160.0,2.0,23.7,23.5,98.8,1011.6,2.0,0.3,2.0,cma,50.0
202109120000,54857.0,1.0,9.0,4.0,66.0,160.0,2.0,24.3,22.9,91.9,1013.0,2.0,1.4,2.0,cma,29.0
202109120100,54857.0,1.0,9.0,4.0,66.0,160.0,2.0,24.3,22.9,91.9,1013.0,2.0,1.4,2.0,cma,29.0
202109120200,54857.0,1.0,9.0,4.0,66.0,160.0,2.0,24.3,22.9,91.9,1013.0,2.0,1.4,2.0,cma,29.0
202109120300,54857.0,1.0,9.0,4.0,73.0,180.0,2.0,27.2,22.2,74.2,1013.0,4.0,0.0,2.0,cma,42.0
202109120400,54857.0,1.0,9.0,4.0,73.0,180.0,2.0,27.2,22.2,74.2,1013.0,4.0,0.0,2.0,cma,42.0
202109120500,54857.0,1.0,9.0,4.0,73.0,180.0,2.0,27.2,22.2,74.2,1013.0,4.0,0.0,2.0,cma,42.0
202109120600,54857.0,1.0,9.0,4.0,79.0,140.0,4.0,26.3,22.4,79.2,1012.5,7.0,0.5,2.0,cma,19.0
202109120700,54857.0,1.0,9.0,4.0,79.0,140.0,4.0,26.3,22.4,79.2,1012.5,7.0,0.5,2.0,cma,19.0
202109120800,54857.0,1.0,9.0,4.0,79.0,140.0,4.0,26.3,22.4,79.2,1012.5,7.0,0.5,2.0,cma,19.0
202109120900,54857.0,1.0,9.0,4.0,75.0,140.0,4.0,25.2,21.9,82.0,1012.7,2.0,0.2,2.0,cma,32.0
202109121000,54857.0,1.0,9.0,4.0,75.0,140.0,4.0,25.2,21.9,82.0,1012.7,2.0,0.2,2.0,cma,32.0
202109121100,54857.0,1.0,9.0,4.0,75.0,140.0,4.0,25.2,21.9,82.0,1012.7,2.0,0.2,2.0,cma,32.0
202109121200,54857.0,1.0,9.0,4.0,77.0,120.0,3.0,24.0,22.3,90.2,1014.3,2.0,1.5,2.0,cma,8.0
202109121300,54857.0,1.0,9.0,4.0,77.0,120.0,3.0,24.0,22.3,90.2,1014.3,2.0,1.5,2.0,cma,8.0
202109121400,54857.0,1.0,9.0,4.0,77.0,120.0,3.0,24.0,22.3,90.2,1014.3,2.0,1.5,2.0,cma,8.0
202109121500,54857.0,1.0,9.0,4.0,75.0,120.0,4.0,23.9,21.8,88.1,1014.5,2.0,0.3,2.0,cma,28.0
202109121600,54857.0,1.0,9.0,4.0,75.0,120.0,4.0,23.9,21.8,88.1,1014.5,2.0,0.3,2.0,cma,28.0
202109121700,54857.0,1.0,9.0,4.0,75.0,120.0,4.0,23.9,21.8,88.1,1014.5,2.0,0.3,2.0,cma,28.0
202109121800,54857.0,1.0,9.0,4.0,67.0,90.0,2.0,23.1,21.5,90.7,1014.3,7.0,0.2,2.0,cma,18.0
202109121900,54857.0,1.0,9.0,4.0,67.0,90.0,2.0,23.1,21.5,90.7,1014.3,7.0,0.2,2.0,cma,18.0
202109122000,54857.0,1.0,9.0,4.0,67.0,90.0,2.0,23.1,21.5,90.7,1014.3,7.0,0.2,2.0,cma,18.0
202109122100,54857.0,1.0,9.0,4.0,59.0,60.0,1.0,22.0,20.8,92.9,1014.1,7.0,0.3,2.0,cma,30.0
202109122200,54857.0,1.0,9.0,4.0,59.0,60.0,1.0,22.0,20.8,92.9,1014.1,7.0,0.3,2.0,cma,30.0
202109122300,54857.0,1.0,9.0,4.0,59.0,60.0,1.0,22.0,20.8,92.9,1014.1,7.0,0.3,2.0,cma,30.0
202109130000,54857.0,1.0,9.0,4.0,61.0,350.0,2.0,24.4,20.7,79.9,1015.4,2.0,1.3,2.0,cma,17.0
202109130100,54857.0,1.0,9.0,4.0,61.0,350.0,2.0,24.4,20.7,79.9,1015.4,2.0,1.3,2.0,cma,17.0
202109130200,54857.0,1.0,9.0,4.0,61.0,350.0,2.0,24.4,20.7,79.9,1015.4,2.0,1.3,2.0,cma,17.0
202109130300,54857.0,1.0,9.0,4.0,69.0,70.0,1.0,27.1,20.0,65.2,1016.1,2.0,0.8,2.0,cma,24.0
202109130400,54857.0,1.0,9.0,4.0,69.0,70.0,1.0,27.1,20.0,65.2,1016.1,2.0,0.8,2.0,cma,24.0
202109130500,54857.0,1.0,9.0,4.0,69.0,70.0,1.0,27.1,20.0,65.2,1016.1,2.0,0.8,2.0,cma,24.0
202109130600,54857.0,1.0,9.0,4.0,76.0,140.0,4.0,27.4,16.4,51.1,1014.6,7.0,1.5,2.0,cma,24.0
202109130700,54857.0,1.0,9.0,4.0,76.0,140.0,4.0,27.4,16.4,51.1,1014.6,7.0,1.5,2.0,cma,24.0
202109130800,54857.0,1.0,9.0,4.0,76.0,140.0,4.0,27.4,16.4,51.1,1014.6,7.0,1.5,2.0,cma,24.0
202109130900,54857.0,1.0,9.0,4.0,80.0,360.0,2.0,29.1,14.5,41.0,1014.2,7.0,0.4,2.0,cma,54.0
202109131000,54857.0,1.0,9.0,4.0,80.0,360.0,2.0,29.1,14.5,41.0,1014.2,7.0,0.4,2.0,cma,54.0
202109131100,54857.0,1.0,9.0,4.0,80.0,360.0,2.0,29.1,14.5,41.0,1014.2,7.0,0.4,2.0,cma,54.0
202109131200,54857.0,1.0,9.0,4.0,80.0,120.0,2.0,24.8,11.4,43.0,1015.5,2.0,1.2,2.0,cma,25.0
202109131300,54857.0,1.0,9.0,4.0,80.0,120.0,2.0,24.8,11.4,43.0,1015.5,2.0,1.2,2.0,cma,25.0
202109131400,54857.0,1.0,9.0,4.0,80.0,120.0,2.0,24.8,11.4,43.0,1015.5,2.0,1.2,2.0,cma,25.0
202109131500,54857.0,1.0,9.0,4.0,80.0,50.0,1.0,23.7,13.6,53.1,1015.7,2.0,0.3,2.0,cma,33.0
202109131600,54857.0,1.0,9.0,4.0,80.0,50.0,1.0,23.7,13.6,53.1,1015.7,2.0,0.3,2.0,cma,33.0
202109131700,54857.0,1.0,9.0,4.0,80.0,50.0,1.0,23.7,13.6,53.1,1015.7,2.0,0.3,2.0,cma,33.0
202109131800,54857.0,1.0,9.0,4.0,80.0,20.0,3.0,22.6,15.7,65.0,1014.8,7.0,0.9,2.0,cma,413.0
202109131900,54857.0,1.0,9.0,4.0,80.0,20.0,3.0,22.6,15.7,65.0,1014.8,7.0,0.9,2.0,cma,413.0
202109132000,54857.0,1.0,9.0,4.0,80.0,20.0,3.0,22.6,15.7,65.0,1014.8,7.0,0.9,2.0,cma,413.0
202109132100,54857.0,1.0,9.0,4.0,65.0,10.0,5.0,20.9,16.1,74.0,1015.5,2.0,0.7,2.0,cma,72.0
202109132200,54857.0,1.0,9.0,4.0,65.0,10.0,5.0,20.9,16.1,74.0,1015.5,2.0,0.7,2.0,cma,72.0
202109132300,54857.0,1.0,9.0,4.0,65.0,10.0,5.0,20.9,16.1,74.0,1015.5,2.0,0.7,2.0,cma,72.0
202109140000,54857.0,1.0,9.0,4.0,61.0,350.0,5.0,22.5,17.6,73.8,1016.4,2.0,0.8,2.0,cma,226.0
202109140100,54857.0,1.0,9.0,4.0,61.0,350.0,5.0,22.5,17.6,73.8,1016.4,2.0,0.8,2.0,cma,226.0
202109140200,54857.0,1.0,9.0,4.0,61.0,350.0,5.0,22.5,17.6,73.8,1016.4,2.0,0.8,2.0,cma,226.0
202109140300,54857.0,1.0,9.0,4.0,73.0,350.0,4.0,27.3,17.2,54.1,1016.5,2.0,0.2,2.0,cma,30.0
202109140400,54857.0,1.0,9.0,4.0,73.0,350.0,4.0,27.3,17.2,54.1,1016.5,2.0,0.2,2.0,cma,30.0
202109140500,54857.0,1.0,9.0,4.0,73.0,350.0,4.0,27.3,17.2,54.1,1016.5,2.0,0.2,2.0,cma,30.0
202109140600,54857.0,1.0,9.0,4.0,74.0,340.0,5.0,29.0,17.8,50.9,1015.4,7.0,1.1,2.0,cma,30.0
202109140700,54857.0,1.0,9.0,4.0,74.0,340.0,5.0,29.0,17.8,50.9,1015.4,7.0,1.1,2.0,cma,30.0
202109140800,54857.0,1.0,9.0,4.0,74.0,340.0,5.0,29.0,17.8,50.9,1015.4,7.0,1.1,2.0,cma,30.0
202109140900,54857.0,1.0,9.0,4.0,77.0,20.0,4.0,28.2,18.0,54.0,1015.4,7.0,0.1,2.0,cma,49.0
202109141000,54857.0,1.0,9.0,4.0,77.0,20.0,4.0,28.2,18.0,54.0,1015.4,7.0,0.1,2.0,cma,49.0
202109141100,54857.0,1.0,9.0,4.0,77.0,20.0,4.0,28.2,18.0,54.0,1015.4,7.0,0.1,2.0,cma,49.0
202109141200,54857.0,1.0,9.0,4.0,67.0,20.0,4.0,25.5,17.2,60.1,1015.9,2.0,0.5,2.0,cma,19.0
202109141300,54857.0,1.0,9.0,4.0,67.0,20.0,4.0,25.5,17.2,60.1,1015.9,2.0,0.5,2.0,cma,19.0
202109141400,54857.0,1.0,9.0,4.0,67.0,20.0,4.0,25.5,17.2,60.1,1015.9,2.0,0.5,2.0,cma,19.0
202109141500,54857.0,1.0,9.0,4.0,69.0,360.0,5.0,22.9,14.7,59.9,1016.4,2.0,0.6,2.0,cma,48.0
202109141600,54857.0,1.0,9.0,4.0,69.0,360.0,5.0,22.9,14.7,59.9,1016.4,2.0,0.6,2.0,cma,48.0
202109141700,54857.0,1.0,9.0,4.0,69.0,360.0,5.0,22.9,14.7,59.9,1016.4,2.0,0.6,2.0,cma,48.0
202109141800,54857.0,1.0,9.0,4.0,57.0,340.0,4.0,21.2,16.8,76.0,1016.2,7.0,0.2,2.0,cma,46.0
202109141900,54857.0,1.0,9.0,4.0,57.0,340.0,4.0,21.2,16.8,76.0,1016.2,7.0,0.2,2.0,cma,46.0
202109142000,54857.0,1.0,9.0,4.0,57.0,340.0,4.0,21.2,16.8,76.0,1016.2,7.0,0.2,2.0,cma,46.0
202109142100,54857.0,1.0,9.0,4.0,56.0,350.0,4.0,20.1,16.9,81.8,1016.3,4.0,0.0,2.0,cma,41.0
202109142200,54857.0,1.0,9.0,4.0,56.0,350.0,4.0,20.1,16.9,81.8,1016.3,4.0,0.0,2.0,cma,41.0
202109142300,54857.0,1.0,9.0,4.0,56.0,350.0,4.0,20.1,16.9,81.8,1016.3,4.0,0.0,2.0,cma,41.0
202109150000,54857.0,1.0,9.0,4.0,50.0,350.0,4.0,21.2,18.2,83.0,1016.8,2.0,0.5,2.0,cma,64.0
202109150100,54857.0,1.0,9.0,4.0,50.0,350.0,4.0,21.2,18.2,83.0,1016.8,2.0,0.5,2.0,cma,64.0
202109150200,54857.0,1.0,9.0,4.0,50.0,350.0,4.0,21.2,18.2,83.0,1016.8,2.0,0.5,2.0,cma,64.0
202109150300,54857.0,1.0,9.0,4.0,59.0,340.0,3.0,25.8,16.6,56.8,1016.5,7.0,0.3,2.0,cma,50.0
202109150400,54857.0,1.0,9.0,4.0,59.0,340.0,3.0,25.8,16.6,56.8,1016.5,7.0,0.3,2.0,cma,50.0
202109150500,54857.0,1.0,9.0,4.0,59.0,340.0,3.0,25.8,16.6,56.8,1016.5,7.0,0.3,2.0,cma,50.0
202109150600,54857.0,1.0,9.0,4.0,75.0,140.0,3.0,27.1,18.1,57.9,1014.7,7.0,1.8,2.0,cma,74.0
202109150700,54857.0,1.0,9.0,4.0,75.0,140.0,3.0,27.1,18.1,57.9,1014.7,7.0,1.8,2.0,cma,74.0
202109150800,54857.0,1.0,9.0,4.0,75.0,140.0,3.0,27.1,18.1,57.9,1014.7,7.0,1.8,2.0,cma,74.0
202109150900,54857.0,1.0,9.0,4.0,79.0,130.0,3.0,25.2,18.2,65.2,1014.6,7.0,0.1,2.0,cma,79.0
202109151000,54857.0,1.0,9.0,4.0,79.0,130.0,3.0,25.2,18.2,65.2,1014.6,7.0,0.1,2.0,cma,79.0
202109151100,54857.0,1.0,9.0,4.0,79.0,130.0,3.0,25.2,18.2,65.2,1014.6,7.0,0.1,2.0,cma,79.0
202109151200,54857.0,1.0,9.0,4.0,80.0,120.0,3.0,23.5,18.4,73.1,1015.5,2.0,0.9,2.0,cma,62.0
202109151300,54857.0,1.0,9.0,4.0,80.0,120.0,3.0,23.5,18.4,73.1,1015.5,2.0,0.9,2.0,cma,62.0
202109151400,54857.0,1.0,9.0,4.0,80.0,120.0,3.0,23.5,18.4,73.1,1015.5,2.0,0.9,2.0,cma,62.0
202109151500,54857.0,1.0,9.0,4.0,80.0,110.0,2.0,22.6,20.0,85.3,1015.3,7.0,0.2,2.0,cma,298.0
202109151600,54857.0,1.0,9.0,4.0,80.0,110.0,2.0,22.6,20.0,85.3,1015.3,7.0,0.2,2.0,cma,298.0
202109151700,54857.0,1.0,9.0,4.0,80.0,110.0,2.0,22.6,20.0,85.3,1015.3,7.0,0.2,2.0,cma,298.0
202109151800,54857.0,1.0,9.0,4.0,80.0,120.0,2.0,22.0,19.4,85.2,1014.2,7.0,1.0,2.0,cma,34.0
202109151900,54857.0,1.0,9.0,4.0,80.0,120.0,2.0,22.0,19.4,85.2,1014.2,7.0,1.0,2.0,cma,34.0
202109152000,54857.0,1.0,9.0,4.0,80.0,120.0,2.0,22.0,19.4,85.2,1014.2,7.0,1.0,2.0,cma,34.0
202109152100,54857.0,1.0,9.0,4.0,75.0,50.0,1.0,20.9,19.2,90.0,1013.8,7.0,0.5,2.0,cma,38.0
202109152200,54857.0,1.0,9.0,4.0,75.0,50.0,1.0,20.9,19.2,90.0,1013.8,7.0,0.5,2.0,cma,38.0
202109152300,54857.0,1.0,9.0,4.0,75.0,50.0,1.0,20.9,19.2,90.0,1013.8,7.0,0.5,2.0,cma,38.0
202109160000,54857.0,1.0,9.0,4.0,58.0,340.0,4.0,22.5,19.3,82.1,1013.9,2.0,0.1,2.0,cma,22.0
202109160100,54857.0,1.0,9.0,4.0,58.0,340.0,4.0,22.5,19.3,82.1,1013.9,2.0,0.1,2.0,cma,22.0
202109160200,54857.0,1.0,9.0,4.0,58.0,340.0,4.0,22.5,19.3,82.1,1013.9,2.0,0.1,2.0,cma,22.0
202109160300,54857.0,1.0,9.0,4.0,60.0,320.0,3.0,25.6,18.3,64.1,1013.2,7.0,0.6,2.0,cma,21.0
202109160400,54857.0,1.0,9.0,4.0,60.0,320.0,3.0,25.6,18.3,64.1,1013.2,7.0,0.6,2.0,cma,21.0
202109160500,54857.0,1.0,9.0,4.0,60.0,320.0,3.0,25.6,18.3,64.1,1013.2,7.0,0.6,2.0,cma,21.0
202109160600,54857.0,1.0,9.0,4.0,78.0,170.0,3.0,26.4,16.1,53.1,1011.5,7.0,1.7,2.0,cma,25.0
202109160700,54857.0,1.0,9.0,4.0,78.0,170.0,3.0,26.4,16.1,53.1,1011.5,7.0,1.7,2.0,cma,25.0
202109160800,54857.0,1.0,9.0,4.0,78.0,170.0,3.0,26.4,16.1,53.1,1011.5,7.0,1.7,2.0,cma,25.0
202109160900,54857.0,1.0,9.0,4.0,80.0,140.0,3.0,24.7,17.9,65.9,1011.3,7.0,0.3,2.0,cma,30.0
202109161000,54857.0,1.0,9.0,4.0,80.0,140.0,3.0,24.7,17.9,65.9,1011.3,7.0,0.3,2.0,cma,30.0
202109161100,54857.0,1.0,9.0,4.0,80.0,140.0,3.0,24.7,17.9,65.9,1011.3,7.0,0.3,2.0,cma,30.0
202109161200,54857.0,1.0,9.0,4.0,80.0,140.0,3.0,24.7,17.9,65.9,1011.3,7.0,0.3,2.0,cma,30.0
202109161300,54857.0,1.0,9.0,4.0,80.0,140.0,3.0,24.7,17.9,65.9,1011.3,7.0,0.3,2.0,cma,30.0
202109161400,54857.0,1.0,9.0,4.0,80.0,140.0,3.0,24.7,17.9,65.9,1011.3,7.0,0.3,2.0,cma,30.0
202109161500,54857.0,1.0,9.0,4.0,80.0,140.0,3.0,24.7,17.9,65.9,1011.3,7.0,0.3,2.0,cma,30.0
202109161600,54857.0,1.0,9.0,4.0,80.0,140.0,3.0,24.7,17.9,65.9,1011.3,7.0,0.3,2.0,cma,30.0
202109161700,54857.0,1.0,9.0,4.0,80.0,140.0,3.0,24.7,17.9,65.9,1011.3,7.0,0.3,2.0,cma,30.0
202109161800,54857.0,1.0,9.0,4.0,80.0,140.0,3.0,24.7,17.9,65.9,1011.3,7.0,0.3,2.0,cma,30.0
202109161900,54857.0,1.0,9.0,4.0,80.0,140.0,3.0,24.7,17.9,65.9,1011.3,7.0,0.3,2.0,cma,30.0
202109162000,54857.0,1.0,9.0,4.0,80.0,140.0,3.0,24.7,17.9,65.9,1011.3,7.0,0.3,2.0,cma,30.0
202109162100,54857.0,1.0,9.0,4.0,80.0,140.0,3.0,24.7,17.9,65.9,1011.3,7.0,0.3,2.0,cma,30.0
202109162200,54857.0,1.0,9.0,4.0,80.0,140.0,3.0,24.7,17.9,65.9,1011.3,7.0,0.3,2.0,cma,30.0
202109162300,54857.0,1.0,9.0,4.0,80.0,140.0,3.0,24.7,17.9,65.9,1011.3,7.0,0.3,2.0,cma,30.0
202109170000,54857.0,1.0,9.0,4.0,80.0,140.0,3.0,24.7,17.9,65.9,1011.3,7.0,0.3,2.0,cma,30.0
202109170100,54857.0,1.0,9.0,4.0,80.0,140.0,3.0,24.7,17.9,65.9,1011.3,7.0,0.3,2.0,cma,30.0
202109170200,54857.0,1.0,9.0,4.0,80.0,140.0,3.0,24.7,17.9,65.9,1011.3,7.0,0.3,2.0,cma,30.0
202109170300,54857.0,1.0,9.0,4.0,80.0,140.0,3.0,24.7,17.9,65.9,1011.3,7.0,0.3,2.0,cma,30.0
202109170400,54857.0,1.0,9.0,4.0,80.0,140.0,3.0,24.7,17.9,65.9,1011.3,7.0,0.3,2.0,cma,30.0
202109170500,54857.0,1.0,9.0,4.0,80.0,140.0,3.0,24.7,17.9,65.9,1011.3,7.0,0.3,2.0,cma,30.0
202109170600,54857.0,1.0,9.0,4.0,80.0,140.0,3.0,24.7,17.9,65.9,1011.3,7.0,0.3,2.0,cma,30.0
202109170700,54857.0,1.0,9.0,4.0,80.0,140.0,3.0,24.7,17.9,65.9,1011.3,7.0,0.3,2.0,cma,30.0
202109170800,54857.0,1.0,9.0,4.0,80.0,140.0,3.0,24.7,17.9,65.9,1011.3,7.0,0.3,2.0,cma,30.0
202109170900,54857.0,1.0,9.0,4.0,80.0,140.0,3.0,24.7,17.9,65.9,1011.3,7.0,0.3,2.0,cma,30.0
202109171000,54857.0,1.0,9.0,4.0,80.0,140.0,3.0,24.7,17.9,65.9,1011.3,7.0,0.3,2.0,cma,30.0
202109171100,54857.0,1.0,9.0,4.0,80.0,140.0,3.0,24.7,17.9,65.9,1011.3,7.0,0.3,2.0,cma,30.0
202109171200,54857.0,1.0,9.0,4.0,80.0,140.0,3.0,24.7,17.9,65.9,1011.3,7.0,0.3,2.0,cma,30.0
202109171300,54857.0,1.0,9.0,4.0,80.0,140.0,3.0,24.7,17.9,65.9,1011.3,7.0,0.3,2.0,cma,30.0
202109171400,54857.0,1.0,9.0,4.0,80.0,140.0,3.0,24.7,17.9,65.9,1011.3,7.0,0.3,2.0,cma,30.0
202109171500,54857.0,1.0,9.0,4.0,80.0,140.0,3.0,24.7,17.9,65.9,1011.3,7.0,0.3,2.0,cma,30.0
202109171600,54857.0,1.0,9.0,4.0,80.0,140.0,3.0,24.7,17.9,65.9,1011.3,7.0,0.3,2.0,cma,30.0
202109171700,54857.0,1.0,9.0,4.0,80.0,140.0,3.0,24.7,17.9,65.9,1011.3,7.0,0.3,2.0,cma,30.0
202109171800,54857.0,1.0,9.0,4.0,80.0,140.0,3.0,24.7,17.9,65.9,1011.3,7.0,0.3,2.0,cma,30.0
202109171900,54857.0,1.0,9.0,4.0,80.0,140.0,3.0,24.7,17.9,65.9,1011.3,7.0,0.3,2.0,cma,30.0
202109172000,54857.0,1.0,9.0,4.0,80.0,140.0,3.0,24.7,17.9,65.9,1011.3,7.0,0.3,2.0,cma,30.0
202109172100,54857.0,1.0,9.0,4.0,80.0,140.0,3.0,24.7,17.9,65.9,1011.3,7.0,0.3,2.0,cma,30.0
202109172200,54857.0,1.0,9.0,4.0,80.0,140.0,3.0,24.7,17.9,65.9,1011.3,7.0,0.3,2.0,cma,30.0
202109172300,54857.0,1.0,9.0,4.0,80.0,140.0,3.0,24.7,17.9,65.9,1011.3,7.0,0.3,2.0,cma,30.0
202109180000,54857.0,1.0,9.0,4.0,80.0,140.0,3.0,24.7,17.9,65.9,1011.3,7.0,0.3,2.0,cma,30.0
202109180100,54857.0,1.0,9.0,4.0,80.0,140.0,3.0,24.7,17.9,65.9,1011.3,7.0,0.3,2.0,cma,30.0
202109180200,54857.0,1.0,9.0,4.0,80.0,140.0,3.0,24.7,17.9,65.9,1011.3,7.0,0.3,2.0,cma,30.0
202109180300,54857.0,1.0,9.0,4.0,80.0,140.0,3.0,24.7,17.9,65.9,1011.3,7.0,0.3,2.0,cma,30.0
202109180400,54857.0,1.0,9.0,4.0,80.0,140.0,3.0,24.7,17.9,65.9,1011.3,7.0,0.3,2.0,cma,30.0
202109180500,54857.0,1.0,9.0,4.0,80.0,140.0,3.0,24.7,17.9,65.9,1011.3,7.0,0.3,2.0,cma,30.0
202109180600,54857.0,1.0,9.0,4.0,80.0,140.0,3.0,24.7,17.9,65.9,1011.3,7.0,0.3,2.0,cma,30.0
202109180700,54857.0,1.0,9.0,4.0,80.0,140.0,3.0,24.7,17.9,65.9,1011.3,7.0,0.3,2.0,cma,30.0
202109180800,54857.0,1.0,9.0,4.0,80.0,140.0,3.0,24.7,17.9,65.9,1011.3,7.0,0.3,2.0,cma,30.0
202109180900,54857.0,1.0,9.0,4.0,80.0,140.0,3.0,24.7,17.9,65.9,1011.3,7.0,0.3,2.0,cma,30.0
202109181000,54857.0,1.0,9.0,4.0,80.0,140.0,3.0,24.7,17.9,65.9,1011.3,7.0,0.3,2.0,cma,30.0
202109181100,54857.0,1.0,9.0,4.0,80.0,140.0,3.0,24.7,17.9,65.9,1011.3,7.0,0.3,2.0,cma,30.0
202109181200,54857.0,1.0,9.0,4.0,80.0,140.0,3.0,24.7,17.9,65.9,1011.3,7.0,0.3,2.0,cma,30.0
202109181300,54857.0,1.0,9.0,4.0,80.0,140.0,3.0,24.7,17.9,65.9,1011.3,7.0,0.3,2.0,cma,30.0
202109181400,54857.0,1.0,9.0,4.0,80.0,140.0,3.0,24.7,17.9,65.9,1011.3,7.0,0.3,2.0,cma,30.0
202109181500,54857.0,1.0,9.0,4.0,80.0,140.0,3.0,24.7,17.9,65.9,1011.3,7.0,0.3,2.0,cma,30.0
202109181600,54857.0,1.0,9.0,4.0,80.0,140.0,3.0,24.7,17.9,65.9,1011.3,7.0,0.3,2.0,cma,30.0
202109181700,54857.0,1.0,9.0,4.0,80.0,140.0,3.0,24.7,17.9,65.9,1011.3,7.0,0.3,2.0,cma,30.0
202109181800,54857.0,1.0,9.0,4.0,80.0,140.0,3.0,24.7,17.9,65.9,1011.3,7.0,0.3,2.0,cma,30.0
202109181900,54857.0,1.0,9.0,4.0,80.0,140.0,3.0,24.7,17.9,65.9,1011.3,7.0,0.3,2.0,cma,30.0
202109182000,54857.0,1.0,9.0,4.0,80.0,140.0,3.0,24.7,17.9,65.9,1011.3,7.0,0.3,2.0,cma,30.0
202109182100,54857.0,1.0,9.0,4.0,80.0,140.0,3.0,24.7,17.9,65.9,1011.3,7.0,0.3,2.0,cma,30.0
202109182200,54857.0,1.0,9.0,4.0,80.0,140.0,3.0,24.7,17.9,65.9,1011.3,7.0,0.3,2.0,cma,30.0
202109182300,54857.0,1.0,9.0,4.0,80.0,140.0,3.0,24.7,17.9,65.9,1011.3,7.0,0.3,2.0,cma,30.0
202109190000,54857.0,1.0,9.0,4.0,80.0,140.0,3.0,24.7,17.9,65.9,1011.3,7.0,0.3,2.0,cma,30.0
202109190100,54857.0,1.0,9.0,4.0,80.0,140.0,3.0,24.7,17.9,65.9,1011.3,7.0,0.3,2.0,cma,30.0
202109190200,54857.0,1.0,9.0,4.0,80.0,140.0,3.0,24.7,17.9,65.9,1011.3,7.0,0.3,2.0,cma,30.0
202109190300,54857.0,1.0,9.0,4.0,80.0,140.0,3.0,24.7,17.9,65.9,1011.3,7.0,0.3,2.0,cma,30.0
202109190400,54857.0,1.0,9.0,4.0,80.0,140.0,3.0,24.7,17.9,65.9,1011.3,7.0,0.3,2.0,cma,30.0
202109190500,54857.0,1.0,9.0,4.0,80.0,140.0,3.0,24.7,17.9,65.9,1011.3,7.0,0.3,2.0,cma,30.0
202109190600,54857.0,1.0,9.0,4.0,80.0,140.0,3.0,24.7,17.9,65.9,1011.3,7.0,0.3,2.0,cma,30.0
202109190700,54857.0,1.0,9.0,4.0,80.0,140.0,3.0,24.7,17.9,65.9,1011.3,7.0,0.3,2.0,cma,30.0
202109190800,54857.0,1.0,9.0,4.0,80.0,140.0,3.0,24.7,17.9,65.9,1011.3,7.0,0.3,2.0,cma,30.0
202109190900,54857.0,1.0,9.0,4.0,80.0,140.0,3.0,24.7,17.9,65.9,1011.3,7.0,0.3,2.0,cma,30.0
202109191000,54857.0,1.0,9.0,4.0,80.0,140.0,3.0,24.7,17.9,65.9,1011.3,7.0,0.3,2.0,cma,30.0
202109191100,54857.0,1.0,9.0,4.0,80.0,140.0,3.0,24.7,17.9,65.9,1011.3,7.0,0.3,2.0,cma,30.0
202109191200,54857.0,1.0,9.0,4.0,80.0,140.0,3.0,24.7,17.9,65.9,1011.3,7.0,0.3,2.0,cma,30.0
202109191300,54857.0,1.0,9.0,4.0,80.0,140.0,3.0,24.7,17.9,65.9,1011.3,7.0,0.3,2.0,cma,30.0
202109191400,54857.0,1.0,9.0,4.0,80.0,140.0,3.0,24.7,17.9,65.9,1011.3,7.0,0.3,2.0,cma,30.0
202109191500,54857.0,1.0,9.0,4.0,80.0,140.0,3.0,24.7,17.9,65.9,1011.3,7.0,0.3,2.0,cma,30.0
202109191600,54857.0,1.0,9.0,4.0,80.0,140.0,3.0,24.7,17.9,65.9,1011.3,7.0,0.3,2.0,cma,30.0
202109191700,54857.0,1.0,9.0,4.0,80.0,140.0,3.0,24.7,17.9,65.9,1011.3,7.0,0.3,2.0,cma,30.0
202109191800,54857.0,1.0,9.0,4.0,80.0,140.0,3.0,24.7,17.9,65.9,1011.3,7.0,0.3,2.0,cma,30.0
202109191900,54857.0,1.0,9.0,4.0,80.0,140.0,3.0,24.7,17.9,65.9,1011.3,7.0,0.3,2.0,cma,30.0
202109192000,54857.0,1.0,9.0,4.0,80.0,140.0,3.0,24.7,17.9,65.9,1011.3,7.0,0.3,2.0,cma,30.0
202109192100,54857.0,1.0,9.0,4.0,80.0,140.0,3.0,24.7,17.9,65.9,1011.3,7.0,0.3,2.0,cma,30.0
202109192200,54857.0,1.0,9.0,4.0,80.0,140.0,3.0,24.7,17.9,65.9,1011.3,7.0,0.3,2.0,cma,30.0
202109192300,54857.0,1.0,9.0,4.0,80.0,140.0,3.0,24.7,17.9,65.9,1011.3,7.0,0.3,2.0,cma,30.0
202109200000,54857.0,1.0,9.0,4.0,80.0,140.0,3.0,24.7,17.9,65.9,1011.3,7.0,0.3,2.0,cma,30.0
202109200100,54857.0,1.0,9.0,4.0,80.0,140.0,3.0,24.7,17.9,65.9,1011.3,7.0,0.3,2.0,cma,30.0
202109200200,54857.0,1.0,9.0,4.0,80.0,140.0,3.0,24.7,17.9,65.9,1011.3,7.0,0.3,2.0,cma,30.0
202109200300,54857.0,1.0,9.0,4.0,80.0,140.0,3.0,24.7,17.9,65.9,1011.3,7.0,0.3,2.0,cma,30.0
202109200400,54857.0,1.0,9.0,4.0,80.0,140.0,3.0,24.7,17.9,65.9,1011.3,7.0,0.3,2.0,cma,30.0
202109200500,54857.0,1.0,9.0,4.0,80.0,140.0,3.0,24.7,17.9,65.9,1011.3,7.0,0.3,2.0,cma,30.0
202109200600,54857.0,1.0,9.0,4.0,80.0,140.0,3.0,24.7,17.9,65.9,1011.3,7.0,0.3,2.0,cma,30.0
202109200700,54857.0,1.0,9.0,4.0,80.0,140.0,3.0,24.7,17.9,65.9,1011.3,7.0,0.3,2.0,cma,30.0
202109200800,54857.0,1.0,9.0,4.0,80.0,140.0,3.0,24.7,17.9,65.9,1011.3,7.0,0.3,2.0,cma,30.0
202109200900,54857.0,1.0,9.0,4.0,80.0,140.0,3.0,24.7,17.9,65.9,1011.3,7.0,0.3,2.0,cma,30.0
202109201000,54857.0,1.0,9.0,4.0,80.0,140.0,3.0,24.7,17.9,65.9,1011.3,7.0,0.3,2.0,cma,30.0
202109201100,54857.0,1.0,9.0,4.0,80.0,140.0,3.0,24.7,17.9,65.9,1011.3,7.0,0.3,2.0,cma,30.0
202109201200,54857.0,1.0,9.0,4.0,80.0,140.0,3.0,24.7,17.9,65.9,1011.3,7.0,0.3,2.0,cma,30.0
202109201300,54857.0,1.0,9.0,4.0,80.0,140.0,3.0,24.7,17.9,65.9,1011.3,7.0,0.3,2.0,cma,30.0
202109201400,54857.0,1.0,9.0,4.0,80.0,140.0,3.0,24.7,17.9,65.9,1011.3,7.0,0.3,2.0,cma,30.0
202109201500,54857.0,1.0,9.0,4.0,80.0,140.0,3.0,24.7,17.9,65.9,1011.3,7.0,0.3,2.0,cma,30.0
202109201600,54857.0,1.0,9.0,4.0,80.0,140.0,3.0,24.7,17.9,65.9,1011.3,7.0,0.3,2.0,cma,30.0
202109201700,54857.0,1.0,9.0,4.0,80.0,140.0,3.0,24.7,17.9,65.9,1011.3,7.0,0.3,2.0,cma,30.0
202109201800,54857.0,1.0,9.0,4.0,80.0,140.0,3.0,24.7,17.9,65.9,1011.3,7.0,0.3,2.0,cma,30.0
202109201900,54857.0,1.0,9.0,4.0,80.0,140.0,3.0,24.7,17.9,65.9,1011.3,7.0,0.3,2.0,cma,30.0
202109202000,54857.0,1.0,9.0,4.0,80.0,140.0,3.0,24.7,17.9,65.9,1011.3,7.0,0.3,2.0,cma,30.0
202109202100,54857.0,1.0,9.0,4.0,80.0,140.0,3.0,24.7,17.9,65.9,1011.3,7.0,0.3,2.0,cma,30.0
202109202200,54857.0,1.0,9.0,4.0,80.0,140.0,3.0,24.7,17.9,65.9,1011.3,7.0,0.3,2.0,cma,30.0
202109202300,54857.0,1.0,9.0,4.0,80.0,140.0,3.0,24.7,17.9,65.9,1011.3,7.0,0.3,2.0,cma,30.0
202109210000,54857.0,1.0,9.0,4.0,80.0,140.0,3.0,24.7,17.9,65.9,1011.3,7.0,0.3,2.0,cma,30.0
202109210100,54857.0,1.0,9.0,4.0,80.0,140.0,3.0,24.7,17.9,65.9,1011.3,7.0,0.3,2.0,cma,30.0
202109210200,54857.0,1.0,9.0,4.0,80.0,140.0,3.0,24.7,17.9,65.9,1011.3,7.0,0.3,2.0,cma,30.0
202109210300,54857.0,1.0,9.0,4.0,80.0,140.0,3.0,24.7,17.9,65.9,1011.3,7.0,0.3,2.0,cma,30.0
202109210400,54857.0,1.0,9.0,4.0,80.0,140.0,3.0,24.7,17.9,65.9,1011.3,7.0,0.3,2.0,cma,30.0
202109210500,54857.0,1.0,9.0,4.0,80.0,140.0,3.0,24.7,17.9,65.9,1011.3,7.0,0.3,2.0,cma,30.0
202109210600,54857.0,1.0,9.0,4.0,80.0,140.0,3.0,24.7,17.9,65.9,1011.3,7.0,0.3,2.0,cma,30.0
202109210700,54857.0,1.0,9.0,4.0,80.0,140.0,3.0,24.7,17.9,65.9,1011.3,7.0,0.3,2.0,cma,30.0
202109210800,54857.0,1.0,9.0,4.0,80.0,140.0,3.0,24.7,17.9,65.9,1011.3,7.0,0.3,2.0,cma,30.0
202109210900,54857.0,1.0,9.0,4.0,80.0,140.0,3.0,24.7,17.9,65.9,1011.3,7.0,0.3,2.0,cma,30.0
202109211000,54857.0,1.0,9.0,4.0,80.0,140.0,3.0,24.7,17.9,65.9,1011.3,7.0,0.3,2.0,cma,30.0
202109211100,54857.0,1.0,9.0,4.0,80.0,140.0,3.0,24.7,17.9,65.9,1011.3,7.0,0.3,2.0,cma,30.0
202109211200,54857.0,1.0,9.0,4.0,80.0,140.0,3.0,24.7,17.9,65.9,1011.3,7.0,0.3,2.0,cma,30.0
202109211300,54857.0,1.0,9.0,4.0,80.0,140.0,3.0,24.7,17.9,65.9,1011.3,7.0,0.3,2.0,cma,30.0
202109211400,54857.0,1.0,9.0,4.0,80.0,140.0,3.0,24.7,17.9,65.9,1011.3,7.0,0.3,2.0,cma,30.0
202109211500,54857.0,1.0,9.0,4.0,80.0,140.0,3.0,24.7,17.9,65.9,1011.3,7.0,0.3,2.0,cma,30.0
202109211600,54857.0,1.0,9.0,4.0,80.0,140.0,3.0,24.7,17.9,65.9,1011.3,7.0,0.3,2.0,cma,30.0
202109211700,54857.0,1.0,9.0,4.0,80.0,140.0,3.0,24.7,17.9,65.9,1011.3,7.0,0.3,2.0,cma,30.0
202109211800,54857.0,1.0,9.0,4.0,80.0,140.0,3.0,24.7,17.9,65.9,1011.3,7.0,0.3,2.0,cma,30.0
202109211900,54857.0,1.0,9.0,4.0,80.0,140.0,3.0,24.7,17.9,65.9,1011.3,7.0,0.3,2.0,cma,30.0
202109212000,54857.0,1.0,9.0,4.0,80.0,140.0,3.0,24.7,17.9,65.9,1011.3,7.0,0.3,2.0,cma,30.0
202109212100,54857.0,1.0,9.0,4.0,80.0,140.0,3.0,24.7,17.9,65.9,1011.3,7.0,0.3,2.0,cma,30.0
202109212200,54857.0,1.0,9.0,4.0,80.0,140.0,3.0,24.7,17.9,65.9,1011.3,7.0,0.3,2.0,cma,30.0
202109212300,54857.0,1.0,9.0,4.0,80.0,140.0,3.0,24.7,17.9,65.9,1011.3,7.0,0.3,2.0,cma,30.0
202109220000,54857.0,1.0,9.0,4.0,80.0,140.0,3.0,24.7,17.9,65.9,1011.3,7.0,0.3,2.0,cma,30.0
202109220100,54857.0,1.0,9.0,4.0,80.0,140.0,3.0,24.7,17.9,65.9,1011.3,7.0,0.3,2.0,cma,30.0
202109220200,54857.0,1.0,9.0,4.0,80.0,140.0,3.0,24.7,17.9,65.9,1011.3,7.0,0.3,2.0,cma,30.0
202109220300,54857.0,1.0,9.0,4.0,80.0,140.0,3.0,24.7,17.9,65.9,1011.3,7.0,0.3,2.0,cma,30.0
202109220400,54857.0,1.0,9.0,4.0,80.0,140.0,3.0,24.7,17.9,65.9,1011.3,7.0,0.3,2.0,cma,30.0
202109220500,54857.0,1.0,9.0,4.0,80.0,140.0,3.0,24.7,17.9,65.9,1011.3,7.0,0.3,2.0,cma,30.0
202109220600,54857.0,1.0,9.0,4.0,80.0,140.0,3.0,24.7,17.9,65.9,1011.3,7.0,0.3,2.0,cma,30.0
202109220700,54857.0,1.0,9.0,4.0,80.0,140.0,3.0,24.7,17.9,65.9,1011.3,7.0,0.3,2.0,cma,30.0
202109220800,54857.0,1.0,9.0,4.0,80.0,140.0,3.0,24.7,17.9,65.9,1011.3,7.0,0.3,2.0,cma,30.0
202109220900,54857.0,1.0,9.0,4.0,80.0,140.0,3.0,24.7,17.9,65.9,1011.3,7.0,0.3,2.0,cma,30.0
202109221000,54857.0,1.0,9.0,4.0,80.0,140.0,3.0,24.7,17.9,65.9,1011.3,7.0,0.3,2.0,cma,30.0
202109221100,54857.0,1.0,9.0,4.0,80.0,140.0,3.0,24.7,17.9,65.9,1011.3,7.0,0.3,2.0,cma,30.0
202109221200,54857.0,1.0,9.0,4.0,80.0,140.0,3.0,24.7,17.9,65.9,1011.3,7.0,0.3,2.0,cma,30.0
202109221300,54857.0,1.0,9.0,4.0,80.0,140.0,3.0,24.7,17.9,65.9,1011.3,7.0,0.3,2.0,cma,30.0
202109221400,54857.0,1.0,9.0,4.0,80.0,140.0,3.0,24.7,17.9,65.9,1011.3,7.0,0.3,2.0,cma,30.0
202109221500,54857.0,1.0,9.0,4.0,80.0,140.0,3.0,24.7,17.9,65.9,1011.3,7.0,0.3,2.0,cma,30.0
202109221600,54857.0,1.0,9.0,4.0,80.0,140.0,3.0,24.7,17.9,65.9,1011.3,7.0,0.3,2.0,cma,30.0
202109221700,54857.0,1.0,9.0,4.0,80.0,140.0,3.0,24.7,17.9,65.9,1011.3,7.0,0.3,2.0,cma,30.0
202109221800,54857.0,1.0,9.0,4.0,80.0,140.0,3.0,24.7,17.9,65.9,1011.3,7.0,0.3,2.0,cma,30.0
202109221900,54857.0,1.0,9.0,4.0,80.0,140.0,3.0,24.7,17.9,65.9,1011.3,7.0,0.3,2.0,cma,30.0
202109222000,54857.0,1.0,9.0,4.0,80.0,140.0,3.0,24.7,17.9,65.9,1011.3,7.0,0.3,2.0,cma,30.0
202109222100,54857.0,1.0,9.0,4.0,80.0,140.0,3.0,24.7,17.9,65.9,1011.3,7.0,0.3,2.0,cma,30.0
202109222200,54857.0,1.0,9.0,4.0,80.0,140.0,3.0,24.7,17.9,65.9,1011.3,7.0,0.3,2.0,cma,30.0
202109222300,54857.0,1.0,9.0,4.0,80.0,140.0,3.0,24.7,17.9,65.9,1011.3,7.0,0.3,2.0,cma,30.0
202109230000,54857.0,1.0,9.0,4.0,80.0,140.0,3.0,24.7,17.9,65.9,1011.3,7.0,0.3,2.0,cma,30.0
202109230100,54857.0,1.0,9.0,4.0,80.0,140.0,3.0,24.7,17.9,65.9,1011.3,7.0,0.3,2.0,cma,30.0
202109230200,54857.0,1.0,9.0,4.0,80.0,140.0,3.0,24.7,17.9,65.9,1011.3,7.0,0.3,2.0,cma,30.0
202109230300,54857.0,1.0,9.0,4.0,80.0,140.0,3.0,24.7,17.9,65.9,1011.3,7.0,0.3,2.0,cma,30.0
202109230400,54857.0,1.0,9.0,4.0,80.0,140.0,3.0,24.7,17.9,65.9,1011.3,7.0,0.3,2.0,cma,30.0
202109230500,54857.0,1.0,9.0,4.0,80.0,140.0,3.0,24.7,17.9,65.9,1011.3,7.0,0.3,2.0,cma,30.0
202109230600,54857.0,1.0,9.0,4.0,80.0,140.0,3.0,24.7,17.9,65.9,1011.3,7.0,0.3,2.0,cma,30.0
202109230700,54857.0,1.0,9.0,4.0,80.0,140.0,3.0,24.7,17.9,65.9,1011.3,7.0,0.3,2.0,cma,30.0
202109230800,54857.0,1.0,9.0,4.0,80.0,140.0,3.0,24.7,17.9,65.9,1011.3,7.0,0.3,2.0,cma,30.0
202109230900,54857.0,1.0,9.0,4.0,80.0,140.0,3.0,24.7,17.9,65.9,1011.3,7.0,0.3,2.0,cma,30.0
202109231000,54857.0,1.0,9.0,4.0,80.0,140.0,3.0,24.7,17.9,65.9,1011.3,7.0,0.3,2.0,cma,30.0
202109231100,54857.0,1.0,9.0,4.0,80.0,140.0,3.0,24.7,17.9,65.9,1011.3,7.0,0.3,2.0,cma,30.0
202109231200,54857.0,1.0,9.0,4.0,80.0,140.0,3.0,24.7,17.9,65.9,1011.3,7.0,0.3,2.0,cma,30.0
202109231300,54857.0,1.0,9.0,4.0,80.0,140.0,3.0,24.7,17.9,65.9,1011.3,7.0,0.3,2.0,cma,30.0
202109231400,54857.0,1.0,9.0,4.0,80.0,140.0,3.0,24.7,17.9,65.9,1011.3,7.0,0.3,2.0,cma,30.0
202109231500,54857.0,1.0,9.0,4.0,80.0,140.0,3.0,24.7,17.9,65.9,1011.3,7.0,0.3,2.0,cma,30.0
202109231600,54857.0,1.0,9.0,4.0,80.0,140.0,3.0,24.7,17.9,65.9,1011.3,7.0,0.3,2.0,cma,30.0
202109231700,54857.0,1.0,9.0,4.0,80.0,140.0,3.0,24.7,17.9,65.9,1011.3,7.0,0.3,2.0,cma,30.0
202109231800,54857.0,1.0,9.0,4.0,80.0,140.0,3.0,24.7,17.9,65.9,1011.3,7.0,0.3,2.0,cma,30.0
202109231900,54857.0,1.0,9.0,4.0,80.0,140.0,3.0,24.7,17.9,65.9,1011.3,7.0,0.3,2.0,cma,30.0
202109232000,54857.0,1.0,9.0,4.0,80.0,140.0,3.0,24.7,17.9,65.9,1011.3,7.0,0.3,2.0,cma,30.0
202109232100,54857.0,1.0,9.0,4.0,80.0,140.0,3.0,24.7,17.9,65.9,1011.3,7.0,0.3,2.0,cma,30.0
202109232200,54857.0,1.0,9.0,4.0,80.0,140.0,3.0,24.7,17.9,65.9,1011.3,7.0,0.3,2.0,cma,30.0
202109232300,54857.0,1.0,9.0,4.0,80.0,140.0,3.0,24.7,17.9,65.9,1011.3,7.0,0.3,2.0,cma,30.0
202109240000,54857.0,1.0,9.0,4.0,80.0,140.0,3.0,24.7,17.9,65.9,1011.3,7.0,0.3,2.0,cma,30.0
202109240100,54857.0,1.0,9.0,4.0,80.0,140.0,3.0,24.7,17.9,65.9,1011.3,7.0,0.3,2.0,cma,30.0
202109240200,54857.0,1.0,9.0,4.0,80.0,140.0,3.0,24.7,17.9,65.9,1011.3,7.0,0.3,2.0,cma,30.0
202109240300,54857.0,1.0,9.0,4.0,80.0,140.0,3.0,24.7,17.9,65.9,1011.3,7.0,0.3,2.0,cma,30.0
202109240400,54857.0,1.0,9.0,4.0,80.0,140.0,3.0,24.7,17.9,65.9,1011.3,7.0,0.3,2.0,cma,30.0
202109240500,54857.0,1.0,9.0,4.0,80.0,140.0,3.0,24.7,17.9,65.9,1011.3,7.0,0.3,2.0,cma,30.0
202109240600,54857.0,1.0,9.0,4.0,80.0,140.0,3.0,24.7,17.9,65.9,1011.3,7.0,0.3,2.0,cma,30.0
202109240700,54857.0,1.0,9.0,4.0,80.0,140.0,3.0,24.7,17.9,65.9,1011.3,7.0,0.3,2.0,cma,30.0
202109240800,54857.0,1.0,9.0,4.0,80.0,140.0,3.0,24.7,17.9,65.9,1011.3,7.0,0.3,2.0,cma,30.0
202109240900,54857.0,1.0,9.0,4.0,80.0,140.0,3.0,24.7,17.9,65.9,1011.3,7.0,0.3,2.0,cma,30.0
202109241000,54857.0,1.0,9.0,4.0,80.0,140.0,3.0,24.7,17.9,65.9,1011.3,7.0,0.3,2.0,cma,30.0
202109241100,54857.0,1.0,9.0,4.0,80.0,140.0,3.0,24.7,17.9,65.9,1011.3,7.0,0.3,2.0,cma,30.0
202109241200,54857.0,1.0,9.0,4.0,80.0,140.0,3.0,24.7,17.9,65.9,1011.3,7.0,0.3,2.0,cma,30.0
202109241300,54857.0,1.0,9.0,4.0,80.0,140.0,3.0,24.7,17.9,65.9,1011.3,7.0,0.3,2.0,cma,30.0
202109241400,54857.0,1.0,9.0,4.0,80.0,140.0,3.0,24.7,17.9,65.9,1011.3,7.0,0.3,2.0,cma,30.0
202109241500,54857.0,1.0,9.0,4.0,80.0,140.0,3.0,24.7,17.9,65.9,1011.3,7.0,0.3,2.0,cma,30.0
202109241600,54857.0,1.0,9.0,4.0,80.0,140.0,3.0,24.7,17.9,65.9,1011.3,7.0,0.3,2.0,cma,30.0
202109241700,54857.0,1.0,9.0,4.0,80.0,140.0,3.0,24.7,17.9,65.9,1011.3,7.0,0.3,2.0,cma,30.0
202109241800,54857.0,1.0,9.0,4.0,80.0,140.0,3.0,24.7,17.9,65.9,1011.3,7.0,0.3,2.0,cma,30.0
202109241900,54857.0,1.0,9.0,4.0,80.0,140.0,3.0,24.7,17.9,65.9,1011.3,7.0,0.3,2.0,cma,30.0
202109242000,54857.0,1.0,9.0,4.0,80.0,140.0,3.0,24.7,17.9,65.9,1011.3,7.0,0.3,2.0,cma,30.0
202109242100,54857.0,1.0,9.0,4.0,80.0,140.0,3.0,24.7,17.9,65.9,1011.3,7.0,0.3,2.0,cma,30.0
202109242200,54857.0,1.0,9.0,4.0,80.0,140.0,3.0,24.7,17.9,65.9,1011.3,7.0,0.3,2.0,cma,30.0
202109242300,54857.0,1.0,9.0,4.0,80.0,140.0,3.0,24.7,17.9,65.9,1011.3,7.0,0.3,2.0,cma,30.0
202109250000,54857.0,1.0,9.0,4.0,80.0,140.0,3.0,24.7,17.9,65.9,1011.3,7.0,0.3,2.0,cma,30.0
202109250100,54857.0,1.0,9.0,4.0,80.0,140.0,3.0,24.7,17.9,65.9,1011.3,7.0,0.3,2.0,cma,30.0
202109250200,54857.0,1.0,9.0,4.0,80.0,140.0,3.0,24.7,17.9,65.9,1011.3,7.0,0.3,2.0,cma,30.0
202109250300,54857.0,1.0,9.0,4.0,80.0,140.0,3.0,24.7,17.9,65.9,1011.3,7.0,0.3,2.0,cma,30.0
202109250400,54857.0,1.0,9.0,4.0,80.0,140.0,3.0,24.7,17.9,65.9,1011.3,7.0,0.3,2.0,cma,30.0
202109250500,54857.0,1.0,9.0,4.0,80.0,140.0,3.0,24.7,17.9,65.9,1011.3,7.0,0.3,2.0,cma,30.0
202109250600,54857.0,1.0,9.0,4.0,80.0,140.0,3.0,24.7,17.9,65.9,1011.3,7.0,0.3,2.0,cma,30.0
202109250700,54857.0,1.0,9.0,4.0,80.0,140.0,3.0,24.7,17.9,65.9,1011.3,7.0,0.3,2.0,cma,30.0
202109250800,54857.0,1.0,9.0,4.0,80.0,140.0,3.0,24.7,17.9,65.9,1011.3,7.0,0.3,2.0,cma,30.0
202109250900,54857.0,1.0,9.0,4.0,80.0,140.0,3.0,24.7,17.9,65.9,1011.3,7.0,0.3,2.0,cma,30.0
202109251000,54857.0,1.0,9.0,4.0,80.0,140.0,3.0,24.7,17.9,65.9,1011.3,7.0,0.3,2.0,cma,30.0
202109251100,54857.0,1.0,9.0,4.0,80.0,140.0,3.0,24.7,17.9,65.9,1011.3,7.0,0.3,2.0,cma,30.0
202109251200,54857.0,1.0,9.0,4.0,80.0,140.0,3.0,24.7,17.9,65.9,1011.3,7.0,0.3,2.0,cma,30.0
202109251300,54857.0,1.0,9.0,4.0,80.0,140.0,3.0,24.7,17.9,65.9,1011.3,7.0,0.3,2.0,cma,30.0
202109251400,54857.0,1.0,9.0,4.0,80.0,140.0,3.0,24.7,17.9,65.9,1011.3,7.0,0.3,2.0,cma,30.0
202109251500,54857.0,1.0,9.0,4.0,80.0,140.0,3.0,24.7,17.9,65.9,1011.3,7.0,0.3,2.0,cma,30.0
202109251600,54857.0,1.0,9.0,4.0,80.0,140.0,3.0,24.7,17.9,65.9,1011.3,7.0,0.3,2.0,cma,30.0
202109251700,54857.0,1.0,9.0,4.0,80.0,140.0,3.0,24.7,17.9,65.9,1011.3,7.0,0.3,2.0,cma,30.0
202109251800,54857.0,1.0,9.0,4.0,80.0,140.0,3.0,24.7,17.9,65.9,1011.3,7.0,0.3,2.0,cma,30.0
202109251900,54857.0,1.0,9.0,4.0,80.0,140.0,3.0,24.7,17.9,65.9,1011.3,7.0,0.3,2.0,cma,30.0
202109252000,54857.0,1.0,9.0,4.0,80.0,140.0,3.0,24.7,17.9,65.9,1011.3,7.0,0.3,2.0,cma,30.0
202109252100,54857.0,1.0,9.0,4.0,80.0,140.0,3.0,24.7,17.9,65.9,1011.3,7.0,0.3,2.0,cma,30.0
202109252200,54857.0,1.0,9.0,4.0,80.0,140.0,3.0,24.7,17.9,65.9,1011.3,7.0,0.3,2.0,cma,30.0
202109252300,54857.0,1.0,9.0,4.0,80.0,140.0,3.0,24.7,17.9,65.9,1011.3,7.0,0.3,2.0,cma,30.0
202109260000,54857.0,1.0,9.0,4.0,80.0,140.0,3.0,24.7,17.9,65.9,1011.3,7.0,0.3,2.0,cma,30.0
202109260100,54857.0,1.0,9.0,4.0,80.0,140.0,3.0,24.7,17.9,65.9,1011.3,7.0,0.3,2.0,cma,30.0
202109260200,54857.0,1.0,9.0,4.0,80.0,140.0,3.0,24.7,17.9,65.9,1011.3,7.0,0.3,2.0,cma,30.0
202109260300,54857.0,1.0,9.0,4.0,80.0,140.0,3.0,24.7,17.9,65.9,1011.3,7.0,0.3,2.0,cma,30.0
202109260400,54857.0,1.0,9.0,4.0,80.0,140.0,3.0,24.7,17.9,65.9,1011.3,7.0,0.3,2.0,cma,30.0
202109260500,54857.0,1.0,9.0,4.0,80.0,140.0,3.0,24.7,17.9,65.9,1011.3,7.0,0.3,2.0,cma,30.0
202109260600,54857.0,1.0,9.0,4.0,80.0,140.0,3.0,24.7,17.9,65.9,1011.3,7.0,0.3,2.0,cma,30.0
202109260700,54857.0,1.0,9.0,4.0,80.0,140.0,3.0,24.7,17.9,65.9,1011.3,7.0,0.3,2.0,cma,30.0
202109260800,54857.0,1.0,9.0,4.0,80.0,140.0,3.0,24.7,17.9,65.9,1011.3,7.0,0.3,2.0,cma,30.0
202109260900,54857.0,1.0,9.0,4.0,80.0,140.0,3.0,24.7,17.9,65.9,1011.3,7.0,0.3,2.0,cma,30.0
202109261000,54857.0,1.0,9.0,4.0,80.0,140.0,3.0,24.7,17.9,65.9,1011.3,7.0,0.3,2.0,cma,30.0
202109261100,54857.0,1.0,9.0,4.0,80.0,140.0,3.0,24.7,17.9,65.9,1011.3,7.0,0.3,2.0,cma,30.0
202109261200,54857.0,1.0,9.0,4.0,80.0,140.0,3.0,24.7,17.9,65.9,1011.3,7.0,0.3,2.0,cma,30.0
202109261300,54857.0,1.0,9.0,4.0,80.0,140.0,3.0,24.7,17.9,65.9,1011.3,7.0,0.3,2.0,cma,30.0
202109261400,54857.0,1.0,9.0,4.0,80.0,140.0,3.0,24.7,17.9,65.9,1011.3,7.0,0.3,2.0,cma,30.0
202109261500,54857.0,1.0,9.0,4.0,80.0,140.0,3.0,24.7,17.9,65.9,1011.3,7.0,0.3,2.0,cma,30.0
202109261600,54857.0,1.0,9.0,4.0,80.0,140.0,3.0,24.7,17.9,65.9,1011.3,7.0,0.3,2.0,cma,30.0
202109261700,54857.0,1.0,9.0,4.0,80.0,140.0,3.0,24.7,17.9,65.9,1011.3,7.0,0.3,2.0,cma,30.0
202109261800,54857.0,1.0,9.0,4.0,80.0,140.0,3.0,24.7,17.9,65.9,1011.3,7.0,0.3,2.0,cma,30.0
202109261900,54857.0,1.0,9.0,4.0,80.0,140.0,3.0,24.7,17.9,65.9,1011.3,7.0,0.3,2.0,cma,30.0
202109262000,54857.0,1.0,9.0,4.0,80.0,140.0,3.0,24.7,17.9,65.9,1011.3,7.0,0.3,2.0,cma,30.0
202109262100,54857.0,1.0,9.0,4.0,80.0,140.0,3.0,24.7,17.9,65.9,1011.3,7.0,0.3,2.0,cma,30.0
202109262200,54857.0,1.0,9.0,4.0,80.0,140.0,3.0,24.7,17.9,65.9,1011.3,7.0,0.3,2.0,cma,30.0
202109262300,54857.0,1.0,9.0,4.0,80.0,140.0,3.0,24.7,17.9,65.9,1011.3,7.0,0.3,2.0,cma,30.0
202109270000,54857.0,1.0,9.0,4.0,80.0,140.0,3.0,24.7,17.9,65.9,1011.3,7.0,0.3,2.0,cma,30.0
202109270100,54857.0,1.0,9.0,4.0,80.0,140.0,3.0,24.7,17.9,65.9,1011.3,7.0,0.3,2.0,cma,30.0
202109270200,54857.0,1.0,9.0,4.0,80.0,140.0,3.0,24.7,17.9,65.9,1011.3,7.0,0.3,2.0,cma,30.0
202109270300,54857.0,1.0,9.0,4.0,80.0,140.0,3.0,24.7,17.9,65.9,1011.3,7.0,0.3,2.0,cma,30.0
202109270400,54857.0,1.0,9.0,4.0,80.0,140.0,3.0,24.7,17.9,65.9,1011.3,7.0,0.3,2.0,cma,30.0
202109270500,54857.0,1.0,9.0,4.0,80.0,140.0,3.0,24.7,17.9,65.9,1011.3,7.0,0.3,2.0,cma,30.0
202109270600,54857.0,1.0,9.0,4.0,80.0,140.0,3.0,24.7,17.9,65.9,1011.3,7.0,0.3,2.0,cma,30.0
202109270700,54857.0,1.0,9.0,4.0,80.0,140.0,3.0,24.7,17.9,65.9,1011.3,7.0,0.3,2.0,cma,30.0
202109270800,54857.0,1.0,9.0,4.0,80.0,140.0,3.0,24.7,17.9,65.9,1011.3,7.0,0.3,2.0,cma,30.0
202109270900,54857.0,1.0,9.0,4.0,80.0,140.0,3.0,24.7,17.9,65.9,1011.3,7.0,0.3,2.0,cma,30.0
202109271000,54857.0,1.0,9.0,4.0,80.0,140.0,3.0,24.7,17.9,65.9,1011.3,7.0,0.3,2.0,cma,30.0
202109271100,54857.0,1.0,9.0,4.0,80.0,140.0,3.0,24.7,17.9,65.9,1011.3,7.0,0.3,2.0,cma,30.0
202109271200,54857.0,1.0,9.0,4.0,80.0,140.0,3.0,24.7,17.9,65.9,1011.3,7.0,0.3,2.0,cma,30.0
202109271300,54857.0,1.0,9.0,4.0,80.0,140.0,3.0,24.7,17.9,65.9,1011.3,7.0,0.3,2.0,cma,30.0
202109271400,54857.0,1.0,9.0,4.0,80.0,140.0,3.0,24.7,17.9,65.9,1011.3,7.0,0.3,2.0,cma,30.0
202109271500,54857.0,1.0,9.0,4.0,80.0,140.0,3.0,24.7,17.9,65.9,1011.3,7.0,0.3,2.0,cma,30.0
202109271600,54857.0,1.0,9.0,4.0,80.0,140.0,3.0,24.7,17.9,65.9,1011.3,7.0,0.3,2.0,cma,30.0
202109271700,54857.0,1.0,9.0,4.0,80.0,140.0,3.0,24.7,17.9,65.9,1011.3,7.0,0.3,2.0,cma,30.0
202109271800,54857.0,1.0,9.0,4.0,80.0,140.0,3.0,24.7,17.9,65.9,1011.3,7.0,0.3,2.0,cma,30.0
202109271900,54857.0,1.0,9.0,4.0,80.0,140.0,3.0,24.7,17.9,65.9,1011.3,7.0,0.3,2.0,cma,30.0
202109272000,54857.0,1.0,9.0,4.0,80.0,140.0,3.0,24.7,17.9,65.9,1011.3,7.0,0.3,2.0,cma,30.0
202109272100,54857.0,1.0,9.0,4.0,80.0,140.0,3.0,24.7,17.9,65.9,1011.3,7.0,0.3,2.0,cma,30.0
202109272200,54857.0,1.0,9.0,4.0,80.0,140.0,3.0,24.7,17.9,65.9,1011.3,7.0,0.3,2.0,cma,30.0
202109272300,54857.0,1.0,9.0,4.0,80.0,140.0,3.0,24.7,17.9,65.9,1011.3,7.0,0.3,2.0,cma,30.0
202109280000,54857.0,1.0,9.0,4.0,80.0,140.0,3.0,24.7,17.9,65.9,1011.3,7.0,0.3,2.0,cma,30.0
202109280100,54857.0,1.0,9.0,4.0,80.0,140.0,3.0,24.7,17.9,65.9,1011.3,7.0,0.3,2.0,cma,30.0
202109280200,54857.0,1.0,9.0,4.0,80.0,140.0,3.0,24.7,17.9,65.9,1011.3,7.0,0.3,2.0,cma,30.0
202109280300,54857.0,1.0,9.0,4.0,80.0,140.0,3.0,24.7,17.9,65.9,1011.3,7.0,0.3,2.0,cma,30.0
202109280400,54857.0,1.0,9.0,4.0,80.0,140.0,3.0,24.7,17.9,65.9,1011.3,7.0,0.3,2.0,cma,30.0
202109280500,54857.0,1.0,9.0,4.0,80.0,140.0,3.0,24.7,17.9,65.9,1011.3,7.0,0.3,2.0,cma,30.0
202109280600,54857.0,1.0,9.0,4.0,80.0,140.0,3.0,24.7,17.9,65.9,1011.3,7.0,0.3,2.0,cma,30.0
202109280700,54857.0,1.0,9.0,4.0,80.0,140.0,3.0,24.7,17.9,65.9,1011.3,7.0,0.3,2.0,cma,30.0
202109280800,54857.0,1.0,9.0,4.0,80.0,140.0,3.0,24.7,17.9,65.9,1011.3,7.0,0.3,2.0,cma,30.0
202109280900,54857.0,1.0,9.0,4.0,80.0,140.0,3.0,24.7,17.9,65.9,1011.3,7.0,0.3,2.0,cma,30.0
202109281000,54857.0,1.0,9.0,4.0,80.0,140.0,3.0,24.7,17.9,65.9,1011.3,7.0,0.3,2.0,cma,30.0
202109281100,54857.0,1.0,9.0,4.0,80.0,140.0,3.0,24.7,17.9,65.9,1011.3,7.0,0.3,2.0,cma,30.0
202109281200,54857.0,1.0,9.0,4.0,80.0,140.0,3.0,24.7,17.9,65.9,1011.3,7.0,0.3,2.0,cma,30.0
202109281300,54857.0,1.0,9.0,4.0,80.0,140.0,3.0,24.7,17.9,65.9,1011.3,7.0,0.3,2.0,cma,30.0
202109281400,54857.0,1.0,9.0,4.0,80.0,140.0,3.0,24.7,17.9,65.9,1011.3,7.0,0.3,2.0,cma,30.0
202109281500,54857.0,1.0,9.0,4.0,80.0,140.0,3.0,24.7,17.9,65.9,1011.3,7.0,0.3,2.0,cma,30.0
202109281600,54857.0,1.0,9.0,4.0,80.0,140.0,3.0,24.7,17.9,65.9,1011.3,7.0,0.3,2.0,cma,30.0
202109281700,54857.0,1.0,9.0,4.0,80.0,140.0,3.0,24.7,17.9,65.9,1011.3,7.0,0.3,2.0,cma,30.0
202109281800,54857.0,1.0,9.0,4.0,80.0,140.0,3.0,24.7,17.9,65.9,1011.3,7.0,0.3,2.0,cma,30.0
202109281900,54857.0,1.0,9.0,4.0,80.0,140.0,3.0,24.7,17.9,65.9,1011.3,7.0,0.3,2.0,cma,30.0
202109282000,54857.0,1.0,9.0,4.0,80.0,140.0,3.0,24.7,17.9,65.9,1011.3,7.0,0.3,2.0,cma,30.0
202109282100,54857.0,1.0,9.0,4.0,80.0,140.0,3.0,24.7,17.9,65.9,1011.3,7.0,0.3,2.0,cma,30.0
202109282200,54857.0,1.0,9.0,4.0,80.0,140.0,3.0,24.7,17.9,65.9,1011.3,7.0,0.3,2.0,cma,30.0
202109282300,54857.0,1.0,9.0,4.0,80.0,140.0,3.0,24.7,17.9,65.9,1011.3,7.0,0.3,2.0,cma,30.0
202109290000,54857.0,1.0,9.0,4.0,80.0,140.0,3.0,24.7,17.9,65.9,1011.3,7.0,0.3,2.0,cma,30.0
202109290100,54857.0,1.0,9.0,4.0,80.0,140.0,3.0,24.7,17.9,65.9,1011.3,7.0,0.3,2.0,cma,30.0
202109290200,54857.0,1.0,9.0,4.0,80.0,140.0,3.0,24.7,17.9,65.9,1011.3,7.0,0.3,2.0,cma,30.0
202109290300,54857.0,1.0,9.0,4.0,80.0,140.0,3.0,24.7,17.9,65.9,1011.3,7.0,0.3,2.0,cma,30.0
202109290400,54857.0,1.0,9.0,4.0,80.0,140.0,3.0,24.7,17.9,65.9,1011.3,7.0,0.3,2.0,cma,30.0
202109290500,54857.0,1.0,9.0,4.0,80.0,140.0,3.0,24.7,17.9,65.9,1011.3,7.0,0.3,2.0,cma,30.0
202109290600,54857.0,1.0,9.0,4.0,80.0,140.0,3.0,24.7,17.9,65.9,1011.3,7.0,0.3,2.0,cma,30.0
202109290700,54857.0,1.0,9.0,4.0,80.0,140.0,3.0,24.7,17.9,65.9,1011.3,7.0,0.3,2.0,cma,30.0
202109290800,54857.0,1.0,9.0,4.0,80.0,140.0,3.0,24.7,17.9,65.9,1011.3,7.0,0.3,2.0,cma,30.0
202109290900,54857.0,1.0,9.0,4.0,80.0,140.0,3.0,24.7,17.9,65.9,1011.3,7.0,0.3,2.0,cma,30.0
202109291000,54857.0,1.0,9.0,4.0,80.0,140.0,3.0,24.7,17.9,65.9,1011.3,7.0,0.3,2.0,cma,30.0
202109291100,54857.0,1.0,9.0,4.0,80.0,140.0,3.0,24.7,17.9,65.9,1011.3,7.0,0.3,2.0,cma,30.0
202109291200,54857.0,1.0,9.0,4.0,80.0,140.0,3.0,24.7,17.9,65.9,1011.3,7.0,0.3,2.0,cma,30.0
202109291300,54857.0,1.0,9.0,4.0,80.0,140.0,3.0,24.7,17.9,65.9,1011.3,7.0,0.3,2.0,cma,30.0
202109291400,54857.0,1.0,9.0,4.0,80.0,140.0,3.0,24.7,17.9,65.9,1011.3,7.0,0.3,2.0,cma,30.0
202109291500,54857.0,1.0,9.0,4.0,80.0,140.0,3.0,24.7,17.9,65.9,1011.3,7.0,0.3,2.0,cma,30.0
202109291600,54857.0,1.0,9.0,4.0,80.0,140.0,3.0,24.7,17.9,65.9,1011.3,7.0,0.3,2.0,cma,30.0
202109291700,54857.0,1.0,9.0,4.0,80.0,140.0,3.0,24.7,17.9,65.9,1011.3,7.0,0.3,2.0,cma,30.0
202109291800,54857.0,1.0,9.0,4.0,80.0,140.0,3.0,24.7,17.9,65.9,1011.3,7.0,0.3,2.0,cma,30.0
202109291900,54857.0,1.0,9.0,4.0,80.0,140.0,3.0,24.7,17.9,65.9,1011.3,7.0,0.3,2.0,cma,30.0
202109292000,54857.0,1.0,9.0,4.0,80.0,140.0,3.0,24.7,17.9,65.9,1011.3,7.0,0.3,2.0,cma,30.0
202109292100,54857.0,1.0,9.0,4.0,80.0,140.0,3.0,24.7,17.9,65.9,1011.3,7.0,0.3,2.0,cma,30.0
202109292200,54857.0,1.0,9.0,4.0,80.0,140.0,3.0,24.7,17.9,65.9,1011.3,7.0,0.3,2.0,cma,30.0
202109292300,54857.0,1.0,9.0,4.0,80.0,140.0,3.0,24.7,17.9,65.9,1011.3,7.0,0.3,2.0,cma,30.0
202109300000,54857.0,1.0,9.0,4.0,80.0,140.0,3.0,24.7,17.9,65.9,1011.3,7.0,0.3,2.0,cma,30.0
202109300100,54857.0,1.0,9.0,4.0,80.0,140.0,3.0,24.7,17.9,65.9,1011.3,7.0,0.3,2.0,cma,30.0
202109300200,54857.0,1.0,9.0,4.0,80.0,140.0,3.0,24.7,17.9,65.9,1011.3,7.0,0.3,2.0,cma,30.0
202109300300,54857.0,1.0,9.0,4.0,80.0,140.0,3.0,24.7,17.9,65.9,1011.3,7.0,0.3,2.0,cma,30.0
202109300400,54857.0,1.0,9.0,4.0,80.0,140.0,3.0,24.7,17.9,65.9,1011.3,7.0,0.3,2.0,cma,30.0
202109300500,54857.0,1.0,9.0,4.0,80.0,140.0,3.0,24.7,17.9,65.9,1011.3,7.0,0.3,2.0,cma,30.0
202109300600,54857.0,1.0,9.0,4.0,80.0,140.0,3.0,24.7,17.9,65.9,1011.3,7.0,0.3,2.0,cma,30.0
202109300700,54857.0,1.0,9.0,4.0,80.0,140.0,3.0,24.7,17.9,65.9,1011.3,7.0,0.3,2.0,cma,30.0
202109300800,54857.0,1.0,9.0,4.0,80.0,140.0,3.0,24.7,17.9,65.9,1011.3,7.0,0.3,2.0,cma,30.0
202109300900,54857.0,1.0,9.0,4.0,80.0,140.0,3.0,24.7,17.9,65.9,1011.3,7.0,0.3,2.0,cma,30.0
202109301000,54857.0,1.0,9.0,4.0,80.0,140.0,3.0,24.7,17.9,65.9,1011.3,7.0,0.3,2.0,cma,30.0
202109301100,54857.0,1.0,9.0,4.0,80.0,140.0,3.0,24.7,17.9,65.9,1011.3,7.0,0.3,2.0,cma,30.0
202109301200,54857.0,1.0,9.0,4.0,80.0,140.0,3.0,24.7,17.9,65.9,1011.3,7.0,0.3,2.0,cma,30.0
202109301300,54857.0,1.0,9.0,4.0,80.0,140.0,3.0,24.7,17.9,65.9,1011.3,7.0,0.3,2.0,cma,30.0
202109301400,54857.0,1.0,9.0,4.0,80.0,140.0,3.0,24.7,17.9,65.9,1011.3,7.0,0.3,2.0,cma,30.0
202109301500,54857.0,1.0,9.0,4.0,80.0,140.0,3.0,24.7,17.9,65.9,1011.3,7.0,0.3,2.0,cma,30.0
202109301600,54857.0,1.0,9.0,4.0,80.0,140.0,3.0,24.7,17.9,65.9,1011.3,7.0,0.3,2.0,cma,30.0
202109301700,54857.0,1.0,9.0,4.0,80.0,140.0,3.0,24.7,17.9,65.9,1011.3,7.0,0.3,2.0,cma,30.0
202109301800,54857.0,1.0,9.0,4.0,80.0,140.0,3.0,24.7,17.9,65.9,1011.3,7.0,0.3,2.0,cma,30.0
202109301900,54857.0,1.0,9.0,4.0,80.0,140.0,3.0,24.7,17.9,65.9,1011.3,7.0,0.3,2.0,cma,30.0
202109302000,54857.0,1.0,9.0,4.0,80.0,140.0,3.0,24.7,17.9,65.9,1011.3,7.0,0.3,2.0,cma,30.0
202109302100,54857.0,1.0,9.0,4.0,80.0,140.0,3.0,24.7,17.9,65.9,1011.3,7.0,0.3,2.0,cma,30.0
202109302200,54857.0,1.0,9.0,4.0,80.0,140.0,3.0,24.7,17.9,65.9,1011.3,7.0,0.3,2.0,cma,30.0
202109302300,54857.0,1.0,9.0,4.0,80.0,140.0,3.0,24.7,17.9,65.9,1011.3,7.0,0.3,2.0,cma,30.0
202110010000,54857.0,1.0,9.0,4.0,80.0,140.0,3.0,24.7,17.9,65.9,1011.3,7.0,0.3,2.0,cma,30.0
202110010100,54857.0,1.0,9.0,4.0,80.0,140.0,3.0,24.7,17.9,65.9,1011.3,7.0,0.3,2.0,cma,30.0
202110010200,54857.0,1.0,9.0,4.0,80.0,140.0,3.0,24.7,17.9,65.9,1011.3,7.0,0.3,2.0,cma,30.0
202110010300,54857.0,1.0,9.0,4.0,80.0,140.0,3.0,24.7,17.9,65.9,1011.3,7.0,0.3,2.0,cma,30.0
202110010400,54857.0,1.0,9.0,4.0,80.0,140.0,3.0,24.7,17.9,65.9,1011.3,7.0,0.3,2.0,cma,30.0
202110010500,54857.0,1.0,9.0,4.0,80.0,140.0,3.0,24.7,17.9,65.9,1011.3,7.0,0.3,2.0,cma,30.0
202110010600,54857.0,1.0,9.0,4.0,80.0,140.0,3.0,24.7,17.9,65.9,1011.3,7.0,0.3,2.0,cma,30.0
202110010700,54857.0,1.0,9.0,4.0,80.0,140.0,3.0,24.7,17.9,65.9,1011.3,7.0,0.3,2.0,cma,30.0
202110010800,54857.0,1.0,9.0,4.0,80.0,140.0,3.0,24.7,17.9,65.9,1011.3,7.0,0.3,2.0,cma,30.0
202110010900,54857.0,1.0,9.0,4.0,80.0,140.0,3.0,24.7,17.9,65.9,1011.3,7.0,0.3,2.0,cma,30.0
202110011000,54857.0,1.0,9.0,4.0,80.0,140.0,3.0,24.7,17.9,65.9,1011.3,7.0,0.3,2.0,cma,30.0
202110011100,54857.0,1.0,9.0,4.0,80.0,140.0,3.0,24.7,17.9,65.9,1011.3,7.0,0.3,2.0,cma,30.0
202110011200,54857.0,1.0,9.0,4.0,80.0,140.0,3.0,24.7,17.9,65.9,1011.3,7.0,0.3,2.0,cma,30.0
202110011300,54857.0,1.0,9.0,4.0,80.0,140.0,3.0,24.7,17.9,65.9,1011.3,7.0,0.3,2.0,cma,30.0
202110011400,54857.0,1.0,9.0,4.0,80.0,140.0,3.0,24.7,17.9,65.9,1011.3,7.0,0.3,2.0,cma,30.0
202110011500,54857.0,1.0,9.0,4.0,80.0,140.0,3.0,24.7,17.9,65.9,1011.3,7.0,0.3,2.0,cma,30.0
202110011600,54857.0,1.0,9.0,4.0,80.0,140.0,3.0,24.7,17.9,65.9,1011.3,7.0,0.3,2.0,cma,30.0
202110011700,54857.0,1.0,9.0,4.0,80.0,140.0,3.0,24.7,17.9,65.9,1011.3,7.0,0.3,2.0,cma,30.0
202110011800,54857.0,1.0,9.0,4.0,80.0,140.0,3.0,24.7,17.9,65.9,1011.3,7.0,0.3,2.0,cma,30.0
202110011900,54857.0,1.0,9.0,4.0,80.0,140.0,3.0,24.7,17.9,65.9,1011.3,7.0,0.3,2.0,cma,30.0
202110012000,54857.0,1.0,9.0,4.0,80.0,140.0,3.0,24.7,17.9,65.9,1011.3,7.0,0.3,2.0,cma,30.0
202110012100,54857.0,1.0,9.0,4.0,80.0,140.0,3.0,24.7,17.9,65.9,1011.3,7.0,0.3,2.0,cma,30.0
202110012200,54857.0,1.0,9.0,4.0,80.0,140.0,3.0,24.7,17.9,65.9,1011.3,7.0,0.3,2.0,cma,30.0
202110012300,54857.0,1.0,9.0,4.0,80.0,140.0,3.0,24.7,17.9,65.9,1011.3,7.0,0.3,2.0,cma,30.0
202110020000,54857.0,1.0,9.0,4.0,80.0,140.0,3.0,24.7,17.9,65.9,1011.3,7.0,0.3,2.0,cma,30.0
202110020100,54857.0,1.0,9.0,4.0,80.0,140.0,3.0,24.7,17.9,65.9,1011.3,7.0,0.3,2.0,cma,30.0
202110020200,54857.0,1.0,9.0,4.0,80.0,140.0,3.0,24.7,17.9,65.9,1011.3,7.0,0.3,2.0,cma,30.0
202110020300,54857.0,1.0,9.0,4.0,80.0,140.0,3.0,24.7,17.9,65.9,1011.3,7.0,0.3,2.0,cma,30.0
202110020400,54857.0,1.0,9.0,4.0,80.0,140.0,3.0,24.7,17.9,65.9,1011.3,7.0,0.3,2.0,cma,30.0
202110020500,54857.0,1.0,9.0,4.0,80.0,140.0,3.0,24.7,17.9,65.9,1011.3,7.0,0.3,2.0,cma,30.0
202110020600,54857.0,1.0,9.0,4.0,80.0,140.0,3.0,24.7,17.9,65.9,1011.3,7.0,0.3,2.0,cma,30.0
202110020700,54857.0,1.0,9.0,4.0,80.0,140.0,3.0,24.7,17.9,65.9,1011.3,7.0,0.3,2.0,cma,30.0
202110020800,54857.0,1.0,9.0,4.0,80.0,140.0,3.0,24.7,17.9,65.9,1011.3,7.0,0.3,2.0,cma,30.0
202110020900,54857.0,1.0,9.0,4.0,80.0,140.0,3.0,24.7,17.9,65.9,1011.3,7.0,0.3,2.0,cma,30.0
202110021000,54857.0,1.0,9.0,4.0,80.0,140.0,3.0,24.7,17.9,65.9,1011.3,7.0,0.3,2.0,cma,30.0
202110021100,54857.0,1.0,9.0,4.0,80.0,140.0,3.0,24.7,17.9,65.9,1011.3,7.0,0.3,2.0,cma,30.0
202110021200,54857.0,1.0,9.0,4.0,80.0,140.0,3.0,24.7,17.9,65.9,1011.3,7.0,0.3,2.0,cma,30.0
202110021300,54857.0,1.0,9.0,4.0,80.0,140.0,3.0,24.7,17.9,65.9,1011.3,7.0,0.3,2.0,cma,30.0
202110021400,54857.0,1.0,9.0,4.0,80.0,140.0,3.0,24.7,17.9,65.9,1011.3,7.0,0.3,2.0,cma,30.0
202110021500,54857.0,1.0,9.0,4.0,80.0,140.0,3.0,24.7,17.9,65.9,1011.3,7.0,0.3,2.0,cma,30.0
202110021600,54857.0,1.0,9.0,4.0,80.0,140.0,3.0,24.7,17.9,65.9,1011.3,7.0,0.3,2.0,cma,30.0
202110021700,54857.0,1.0,9.0,4.0,80.0,140.0,3.0,24.7,17.9,65.9,1011.3,7.0,0.3,2.0,cma,30.0
202110021800,54857.0,1.0,9.0,4.0,80.0,140.0,3.0,24.7,17.9,65.9,1011.3,7.0,0.3,2.0,cma,30.0
202110021900,54857.0,1.0,9.0,4.0,80.0,140.0,3.0,24.7,17.9,65.9,1011.3,7.0,0.3,2.0,cma,30.0
202110022000,54857.0,1.0,9.0,4.0,80.0,140.0,3.0,24.7,17.9,65.9,1011.3,7.0,0.3,2.0,cma,30.0
202110022100,54857.0,1.0,9.0,4.0,80.0,140.0,3.0,24.7,17.9,65.9,1011.3,7.0,0.3,2.0,cma,30.0
202110022200,54857.0,1.0,9.0,4.0,80.0,140.0,3.0,24.7,17.9,65.9,1011.3,7.0,0.3,2.0,cma,30.0
202110022300,54857.0,1.0,9.0,4.0,80.0,140.0,3.0,24.7,17.9,65.9,1011.3,7.0,0.3,2.0,cma,30.0
202110030000,54857.0,1.0,9.0,4.0,80.0,140.0,3.0,24.7,17.9,65.9,1011.3,7.0,0.3,2.0,cma,30.0
202110030100,54857.0,1.0,9.0,4.0,80.0,140.0,3.0,24.7,17.9,65.9,1011.3,7.0,0.3,2.0,cma,30.0
202110030200,54857.0,1.0,9.0,4.0,80.0,140.0,3.0,24.7,17.9,65.9,1011.3,7.0,0.3,2.0,cma,30.0
202110030300,54857.0,1.0,9.0,4.0,80.0,140.0,3.0,24.7,17.9,65.9,1011.3,7.0,0.3,2.0,cma,30.0
202110030400,54857.0,1.0,9.0,4.0,80.0,140.0,3.0,24.7,17.9,65.9,1011.3,7.0,0.3,2.0,cma,30.0
202110030500,54857.0,1.0,9.0,4.0,80.0,140.0,3.0,24.7,17.9,65.9,1011.3,7.0,0.3,2.0,cma,30.0
202110030600,54857.0,1.0,9.0,4.0,80.0,140.0,3.0,24.7,17.9,65.9,1011.3,7.0,0.3,2.0,cma,30.0
202110030700,54857.0,1.0,9.0,4.0,80.0,140.0,3.0,24.7,17.9,65.9,1011.3,7.0,0.3,2.0,cma,30.0
202110030800,54857.0,1.0,9.0,4.0,80.0,140.0,3.0,24.7,17.9,65.9,1011.3,7.0,0.3,2.0,cma,30.0
202110030900,54857.0,1.0,9.0,4.0,80.0,140.0,3.0,24.7,17.9,65.9,1011.3,7.0,0.3,2.0,cma,30.0
202110031000,54857.0,1.0,9.0,4.0,80.0,140.0,3.0,24.7,17.9,65.9,1011.3,7.0,0.3,2.0,cma,30.0
202110031100,54857.0,1.0,9.0,4.0,80.0,140.0,3.0,24.7,17.9,65.9,1011.3,7.0,0.3,2.0,cma,30.0
202110031200,54857.0,1.0,9.0,4.0,80.0,140.0,3.0,24.7,17.9,65.9,1011.3,7.0,0.3,2.0,cma,30.0
202110031300,54857.0,1.0,9.0,4.0,80.0,140.0,3.0,24.7,17.9,65.9,1011.3,7.0,0.3,2.0,cma,30.0
202110031400,54857.0,1.0,9.0,4.0,80.0,140.0,3.0,24.7,17.9,65.9,1011.3,7.0,0.3,2.0,cma,30.0
202110031500,54857.0,1.0,9.0,4.0,80.0,140.0,3.0,24.7,17.9,65.9,1011.3,7.0,0.3,2.0,cma,30.0
202110031600,54857.0,1.0,9.0,4.0,80.0,140.0,3.0,24.7,17.9,65.9,1011.3,7.0,0.3,2.0,cma,30.0
202110031700,54857.0,1.0,9.0,4.0,80.0,140.0,3.0,24.7,17.9,65.9,1011.3,7.0,0.3,2.0,cma,30.0
202110031800,54857.0,1.0,9.0,4.0,80.0,140.0,3.0,24.7,17.9,65.9,1011.3,7.0,0.3,2.0,cma,30.0
202110031900,54857.0,1.0,9.0,4.0,80.0,140.0,3.0,24.7,17.9,65.9,1011.3,7.0,0.3,2.0,cma,30.0
202110032000,54857.0,1.0,9.0,4.0,80.0,140.0,3.0,24.7,17.9,65.9,1011.3,7.0,0.3,2.0,cma,30.0
202110032100,54857.0,1.0,9.0,4.0,80.0,140.0,3.0,24.7,17.9,65.9,1011.3,7.0,0.3,2.0,cma,30.0
202110032200,54857.0,1.0,9.0,4.0,80.0,140.0,3.0,24.7,17.9,65.9,1011.3,7.0,0.3,2.0,cma,30.0
202110032300,54857.0,1.0,9.0,4.0,80.0,140.0,3.0,24.7,17.9,65.9,1011.3,7.0,0.3,2.0,cma,30.0
202110040000,54857.0,1.0,9.0,4.0,80.0,140.0,3.0,24.7,17.9,65.9,1011.3,7.0,0.3,2.0,cma,30.0
202110040100,54857.0,1.0,9.0,4.0,80.0,140.0,3.0,24.7,17.9,65.9,1011.3,7.0,0.3,2.0,cma,30.0
202110040200,54857.0,1.0,9.0,4.0,80.0,140.0,3.0,24.7,17.9,65.9,1011.3,7.0,0.3,2.0,cma,30.0
202110040300,54857.0,1.0,9.0,4.0,80.0,140.0,3.0,24.7,17.9,65.9,1011.3,7.0,0.3,2.0,cma,30.0
202110040400,54857.0,1.0,9.0,4.0,80.0,140.0,3.0,24.7,17.9,65.9,1011.3,7.0,0.3,2.0,cma,30.0
202110040500,54857.0,1.0,9.0,4.0,80.0,140.0,3.0,24.7,17.9,65.9,1011.3,7.0,0.3,2.0,cma,30.0
202110040600,54857.0,1.0,9.0,4.0,80.0,140.0,3.0,24.7,17.9,65.9,1011.3,7.0,0.3,2.0,cma,30.0
202110040700,54857.0,1.0,9.0,4.0,80.0,140.0,3.0,24.7,17.9,65.9,1011.3,7.0,0.3,2.0,cma,30.0
202110040800,54857.0,1.0,9.0,4.0,80.0,140.0,3.0,24.7,17.9,65.9,1011.3,7.0,0.3,2.0,cma,30.0
202110040900,54857.0,1.0,9.0,4.0,80.0,140.0,3.0,24.7,17.9,65.9,1011.3,7.0,0.3,2.0,cma,30.0
202110041000,54857.0,1.0,9.0,4.0,80.0,140.0,3.0,24.7,17.9,65.9,1011.3,7.0,0.3,2.0,cma,30.0
202110041100,54857.0,1.0,9.0,4.0,80.0,140.0,3.0,24.7,17.9,65.9,1011.3,7.0,0.3,2.0,cma,30.0
202110041200,54857.0,1.0,9.0,4.0,80.0,140.0,3.0,24.7,17.9,65.9,1011.3,7.0,0.3,2.0,cma,30.0
202110041300,54857.0,1.0,9.0,4.0,80.0,140.0,3.0,24.7,17.9,65.9,1011.3,7.0,0.3,2.0,cma,30.0
202110041400,54857.0,1.0,9.0,4.0,80.0,140.0,3.0,24.7,17.9,65.9,1011.3,7.0,0.3,2.0,cma,30.0
202110041500,54857.0,1.0,9.0,4.0,80.0,140.0,3.0,24.7,17.9,65.9,1011.3,7.0,0.3,2.0,cma,30.0
202110041600,54857.0,1.0,9.0,4.0,80.0,140.0,3.0,24.7,17.9,65.9,1011.3,7.0,0.3,2.0,cma,30.0
202110041700,54857.0,1.0,9.0,4.0,80.0,140.0,3.0,24.7,17.9,65.9,1011.3,7.0,0.3,2.0,cma,30.0
202110041800,54857.0,1.0,9.0,4.0,80.0,140.0,3.0,24.7,17.9,65.9,1011.3,7.0,0.3,2.0,cma,30.0
202110041900,54857.0,1.0,9.0,4.0,80.0,140.0,3.0,24.7,17.9,65.9,1011.3,7.0,0.3,2.0,cma,30.0
202110042000,54857.0,1.0,9.0,4.0,80.0,140.0,3.0,24.7,17.9,65.9,1011.3,7.0,0.3,2.0,cma,30.0
202110042100,54857.0,1.0,9.0,4.0,80.0,140.0,3.0,24.7,17.9,65.9,1011.3,7.0,0.3,2.0,cma,30.0
202110042200,54857.0,1.0,9.0,4.0,80.0,140.0,3.0,24.7,17.9,65.9,1011.3,7.0,0.3,2.0,cma,30.0
202110042300,54857.0,1.0,9.0,4.0,80.0,140.0,3.0,24.7,17.9,65.9,1011.3,7.0,0.3,2.0,cma,30.0
202110050000,54857.0,1.0,9.0,4.0,80.0,140.0,3.0,24.7,17.9,65.9,1011.3,7.0,0.3,2.0,cma,30.0
202110050100,54857.0,1.0,9.0,4.0,80.0,140.0,3.0,24.7,17.9,65.9,1011.3,7.0,0.3,2.0,cma,30.0
202110050200,54857.0,1.0,9.0,4.0,80.0,140.0,3.0,24.7,17.9,65.9,1011.3,7.0,0.3,2.0,cma,30.0
202110050300,54857.0,1.0,9.0,4.0,80.0,140.0,3.0,24.7,17.9,65.9,1011.3,7.0,0.3,2.0,cma,30.0
202110050400,54857.0,1.0,9.0,4.0,80.0,140.0,3.0,24.7,17.9,65.9,1011.3,7.0,0.3,2.0,cma,30.0
202110050500,54857.0,1.0,9.0,4.0,80.0,140.0,3.0,24.7,17.9,65.9,1011.3,7.0,0.3,2.0,cma,30.0
202110050600,54857.0,1.0,9.0,4.0,80.0,140.0,3.0,24.7,17.9,65.9,1011.3,7.0,0.3,2.0,cma,30.0
202110050700,54857.0,1.0,9.0,4.0,80.0,140.0,3.0,24.7,17.9,65.9,1011.3,7.0,0.3,2.0,cma,30.0
202110050800,54857.0,1.0,9.0,4.0,80.0,140.0,3.0,24.7,17.9,65.9,1011.3,7.0,0.3,2.0,cma,30.0
202110050900,54857.0,1.0,9.0,4.0,80.0,140.0,3.0,24.7,17.9,65.9,1011.3,7.0,0.3,2.0,cma,30.0
202110051000,54857.0,1.0,9.0,4.0,80.0,140.0,3.0,24.7,17.9,65.9,1011.3,7.0,0.3,2.0,cma,30.0
202110051100,54857.0,1.0,9.0,4.0,80.0,140.0,3.0,24.7,17.9,65.9,1011.3,7.0,0.3,2.0,cma,30.0
202110051200,54857.0,1.0,9.0,4.0,80.0,140.0,3.0,24.7,17.9,65.9,1011.3,7.0,0.3,2.0,cma,30.0
202110051300,54857.0,1.0,9.0,4.0,80.0,140.0,3.0,24.7,17.9,65.9,1011.3,7.0,0.3,2.0,cma,30.0
202110051400,54857.0,1.0,9.0,4.0,80.0,140.0,3.0,24.7,17.9,65.9,1011.3,7.0,0.3,2.0,cma,30.0
202110051500,54857.0,1.0,9.0,4.0,80.0,140.0,3.0,24.7,17.9,65.9,1011.3,7.0,0.3,2.0,cma,30.0
202110051600,54857.0,1.0,9.0,4.0,80.0,140.0,3.0,24.7,17.9,65.9,1011.3,7.0,0.3,2.0,cma,30.0
202110051700,54857.0,1.0,9.0,4.0,80.0,140.0,3.0,24.7,17.9,65.9,1011.3,7.0,0.3,2.0,cma,30.0
202110051800,54857.0,1.0,9.0,4.0,80.0,140.0,3.0,24.7,17.9,65.9,1011.3,7.0,0.3,2.0,cma,30.0
202110051900,54857.0,1.0,9.0,4.0,80.0,140.0,3.0,24.7,17.9,65.9,1011.3,7.0,0.3,2.0,cma,30.0
202110052000,54857.0,1.0,9.0,4.0,80.0,140.0,3.0,24.7,17.9,65.9,1011.3,7.0,0.3,2.0,cma,30.0
202110052100,54857.0,1.0,9.0,4.0,80.0,140.0,3.0,24.7,17.9,65.9,1011.3,7.0,0.3,2.0,cma,30.0
202110052200,54857.0,1.0,9.0,4.0,80.0,140.0,3.0,24.7,17.9,65.9,1011.3,7.0,0.3,2.0,cma,30.0
202110052300,54857.0,1.0,9.0,4.0,80.0,140.0,3.0,24.7,17.9,65.9,1011.3,7.0,0.3,2.0,cma,30.0
202110060000,54857.0,1.0,9.0,4.0,80.0,140.0,3.0,24.7,17.9,65.9,1011.3,7.0,0.3,2.0,cma,30.0
202110060100,54857.0,1.0,9.0,4.0,80.0,140.0,3.0,24.7,17.9,65.9,1011.3,7.0,0.3,2.0,cma,30.0
202110060200,54857.0,1.0,9.0,4.0,80.0,140.0,3.0,24.7,17.9,65.9,1011.3,7.0,0.3,2.0,cma,30.0
202110060300,54857.0,1.0,9.0,4.0,80.0,140.0,3.0,24.7,17.9,65.9,1011.3,7.0,0.3,2.0,cma,30.0
202110060400,54857.0,1.0,9.0,4.0,80.0,140.0,3.0,24.7,17.9,65.9,1011.3,7.0,0.3,2.0,cma,30.0
202110060500,54857.0,1.0,9.0,4.0,80.0,140.0,3.0,24.7,17.9,65.9,1011.3,7.0,0.3,2.0,cma,30.0
202110060600,54857.0,1.0,9.0,4.0,80.0,140.0,3.0,24.7,17.9,65.9,1011.3,7.0,0.3,2.0,cma,30.0
202110060700,54857.0,1.0,9.0,4.0,80.0,140.0,3.0,24.7,17.9,65.9,1011.3,7.0,0.3,2.0,cma,30.0
202110060800,54857.0,1.0,9.0,4.0,80.0,140.0,3.0,24.7,17.9,65.9,1011.3,7.0,0.3,2.0,cma,30.0
202110060900,54857.0,1.0,9.0,4.0,80.0,140.0,3.0,24.7,17.9,65.9,1011.3,7.0,0.3,2.0,cma,30.0
202110061000,54857.0,1.0,9.0,4.0,80.0,140.0,3.0,24.7,17.9,65.9,1011.3,7.0,0.3,2.0,cma,30.0
202110061100,54857.0,1.0,9.0,4.0,80.0,140.0,3.0,24.7,17.9,65.9,1011.3,7.0,0.3,2.0,cma,30.0
202110061200,54857.0,1.0,9.0,4.0,80.0,140.0,3.0,24.7,17.9,65.9,1011.3,7.0,0.3,2.0,cma,30.0
202110061300,54857.0,1.0,9.0,4.0,80.0,140.0,3.0,24.7,17.9,65.9,1011.3,7.0,0.3,2.0,cma,30.0
202110061400,54857.0,1.0,9.0,4.0,80.0,140.0,3.0,24.7,17.9,65.9,1011.3,7.0,0.3,2.0,cma,30.0
202110061500,54857.0,1.0,9.0,4.0,80.0,140.0,3.0,24.7,17.9,65.9,1011.3,7.0,0.3,2.0,cma,30.0
202110061600,54857.0,1.0,9.0,4.0,80.0,140.0,3.0,24.7,17.9,65.9,1011.3,7.0,0.3,2.0,cma,30.0
202110061700,54857.0,1.0,9.0,4.0,80.0,140.0,3.0,24.7,17.9,65.9,1011.3,7.0,0.3,2.0,cma,30.0
202110061800,54857.0,1.0,9.0,4.0,80.0,140.0,3.0,24.7,17.9,65.9,1011.3,7.0,0.3,2.0,cma,30.0
202110061900,54857.0,1.0,9.0,4.0,80.0,140.0,3.0,24.7,17.9,65.9,1011.3,7.0,0.3,2.0,cma,30.0
202110062000,54857.0,1.0,9.0,4.0,80.0,140.0,3.0,24.7,17.9,65.9,1011.3,7.0,0.3,2.0,cma,30.0
202110062100,54857.0,1.0,9.0,4.0,80.0,140.0,3.0,24.7,17.9,65.9,1011.3,7.0,0.3,2.0,cma,30.0
202110062200,54857.0,1.0,9.0,4.0,80.0,140.0,3.0,24.7,17.9,65.9,1011.3,7.0,0.3,2.0,cma,30.0
202110062300,54857.0,1.0,9.0,4.0,80.0,140.0,3.0,24.7,17.9,65.9,1011.3,7.0,0.3,2.0,cma,30.0
202110070000,54857.0,1.0,9.0,4.0,80.0,140.0,3.0,24.7,17.9,65.9,1011.3,7.0,0.3,2.0,cma,30.0
202110070100,54857.0,1.0,9.0,4.0,80.0,140.0,3.0,24.7,17.9,65.9,1011.3,7.0,0.3,2.0,cma,30.0
202110070200,54857.0,1.0,9.0,4.0,80.0,140.0,3.0,24.7,17.9,65.9,1011.3,7.0,0.3,2.0,cma,30.0
202110070300,54857.0,1.0,9.0,4.0,80.0,140.0,3.0,24.7,17.9,65.9,1011.3,7.0,0.3,2.0,cma,30.0
202110070400,54857.0,1.0,9.0,4.0,80.0,140.0,3.0,24.7,17.9,65.9,1011.3,7.0,0.3,2.0,cma,30.0
202110070500,54857.0,1.0,9.0,4.0,80.0,140.0,3.0,24.7,17.9,65.9,1011.3,7.0,0.3,2.0,cma,30.0
202110070600,54857.0,1.0,9.0,4.0,80.0,140.0,3.0,24.7,17.9,65.9,1011.3,7.0,0.3,2.0,cma,30.0
202110070700,54857.0,1.0,9.0,4.0,80.0,140.0,3.0,24.7,17.9,65.9,1011.3,7.0,0.3,2.0,cma,30.0
202110070800,54857.0,1.0,9.0,4.0,80.0,140.0,3.0,24.7,17.9,65.9,1011.3,7.0,0.3,2.0,cma,30.0
202110070900,54857.0,1.0,9.0,4.0,80.0,140.0,3.0,24.7,17.9,65.9,1011.3,7.0,0.3,2.0,cma,30.0
202110071000,54857.0,1.0,9.0,4.0,80.0,140.0,3.0,24.7,17.9,65.9,1011.3,7.0,0.3,2.0,cma,30.0
202110071100,54857.0,1.0,9.0,4.0,80.0,140.0,3.0,24.7,17.9,65.9,1011.3,7.0,0.3,2.0,cma,30.0
202110071200,54857.0,1.0,9.0,4.0,80.0,140.0,3.0,24.7,17.9,65.9,1011.3,7.0,0.3,2.0,cma,30.0
202110071300,54857.0,1.0,9.0,4.0,80.0,140.0,3.0,24.7,17.9,65.9,1011.3,7.0,0.3,2.0,cma,30.0
202110071400,54857.0,1.0,9.0,4.0,80.0,140.0,3.0,24.7,17.9,65.9,1011.3,7.0,0.3,2.0,cma,30.0
202110071500,54857.0,1.0,9.0,4.0,80.0,140.0,3.0,24.7,17.9,65.9,1011.3,7.0,0.3,2.0,cma,30.0
202110071600,54857.0,1.0,9.0,4.0,80.0,140.0,3.0,24.7,17.9,65.9,1011.3,7.0,0.3,2.0,cma,30.0
202110071700,54857.0,1.0,9.0,4.0,80.0,140.0,3.0,24.7,17.9,65.9,1011.3,7.0,0.3,2.0,cma,30.0
202110071800,54857.0,1.0,9.0,4.0,80.0,140.0,3.0,24.7,17.9,65.9,1011.3,7.0,0.3,2.0,cma,30.0
202110071900,54857.0,1.0,9.0,4.0,80.0,140.0,3.0,24.7,17.9,65.9,1011.3,7.0,0.3,2.0,cma,30.0
202110072000,54857.0,1.0,9.0,4.0,80.0,140.0,3.0,24.7,17.9,65.9,1011.3,7.0,0.3,2.0,cma,30.0
202110072100,54857.0,1.0,9.0,4.0,80.0,140.0,3.0,24.7,17.9,65.9,1011.3,7.0,0.3,2.0,cma,30.0
202110072200,54857.0,1.0,9.0,4.0,80.0,140.0,3.0,24.7,17.9,65.9,1011.3,7.0,0.3,2.0,cma,30.0
202110072300,54857.0,1.0,9.0,4.0,80.0,140.0,3.0,24.7,17.9,65.9,1011.3,7.0,0.3,2.0,cma,30.0
202110080000,54857.0,1.0,9.0,4.0,80.0,140.0,3.0,24.7,17.9,65.9,1011.3,7.0,0.3,2.0,cma,30.0
202110080100,54857.0,1.0,9.0,4.0,80.0,140.0,3.0,24.7,17.9,65.9,1011.3,7.0,0.3,2.0,cma,30.0
202110080200,54857.0,1.0,9.0,4.0,80.0,140.0,3.0,24.7,17.9,65.9,1011.3,7.0,0.3,2.0,cma,30.0
202110080300,54857.0,1.0,9.0,4.0,80.0,140.0,3.0,24.7,17.9,65.9,1011.3,7.0,0.3,2.0,cma,30.0
202110080400,54857.0,1.0,9.0,4.0,80.0,140.0,3.0,24.7,17.9,65.9,1011.3,7.0,0.3,2.0,cma,30.0
202110080500,54857.0,1.0,9.0,4.0,80.0,140.0,3.0,24.7,17.9,65.9,1011.3,7.0,0.3,2.0,cma,30.0
202110080600,54857.0,1.0,9.0,4.0,80.0,140.0,3.0,24.7,17.9,65.9,1011.3,7.0,0.3,2.0,cma,30.0
202110080700,54857.0,1.0,9.0,4.0,80.0,140.0,3.0,24.7,17.9,65.9,1011.3,7.0,0.3,2.0,cma,30.0
202110080800,54857.0,1.0,9.0,4.0,80.0,140.0,3.0,24.7,17.9,65.9,1011.3,7.0,0.3,2.0,cma,30.0
202110080900,54857.0,1.0,9.0,4.0,80.0,140.0,3.0,24.7,17.9,65.9,1011.3,7.0,0.3,2.0,cma,30.0
202110081000,54857.0,1.0,9.0,4.0,80.0,140.0,3.0,24.7,17.9,65.9,1011.3,7.0,0.3,2.0,cma,30.0
202110081100,54857.0,1.0,9.0,4.0,80.0,140.0,3.0,24.7,17.9,65.9,1011.3,7.0,0.3,2.0,cma,30.0
202110081200,54857.0,1.0,9.0,4.0,80.0,140.0,3.0,24.7,17.9,65.9,1011.3,7.0,0.3,2.0,cma,30.0
202110081300,54857.0,1.0,9.0,4.0,80.0,140.0,3.0,24.7,17.9,65.9,1011.3,7.0,0.3,2.0,cma,30.0
202110081400,54857.0,1.0,9.0,4.0,80.0,140.0,3.0,24.7,17.9,65.9,1011.3,7.0,0.3,2.0,cma,30.0
202110081500,54857.0,1.0,9.0,4.0,80.0,140.0,3.0,24.7,17.9,65.9,1011.3,7.0,0.3,2.0,cma,30.0
202110081600,54857.0,1.0,9.0,4.0,80.0,140.0,3.0,24.7,17.9,65.9,1011.3,7.0,0.3,2.0,cma,30.0
202110081700,54857.0,1.0,9.0,4.0,80.0,140.0,3.0,24.7,17.9,65.9,1011.3,7.0,0.3,2.0,cma,30.0
202110081800,54857.0,1.0,9.0,4.0,80.0,140.0,3.0,24.7,17.9,65.9,1011.3,7.0,0.3,2.0,cma,30.0
202110081900,54857.0,1.0,9.0,4.0,80.0,140.0,3.0,24.7,17.9,65.9,1011.3,7.0,0.3,2.0,cma,30.0
202110082000,54857.0,1.0,9.0,4.0,80.0,140.0,3.0,24.7,17.9,65.9,1011.3,7.0,0.3,2.0,cma,30.0
202110082100,54857.0,1.0,9.0,4.0,80.0,140.0,3.0,24.7,17.9,65.9,1011.3,7.0,0.3,2.0,cma,30.0
202110082200,54857.0,1.0,9.0,4.0,80.0,140.0,3.0,24.7,17.9,65.9,1011.3,7.0,0.3,2.0,cma,30.0
202110082300,54857.0,1.0,9.0,4.0,80.0,140.0,3.0,24.7,17.9,65.9,1011.3,7.0,0.3,2.0,cma,30.0
202110090000,54857.0,1.0,9.0,4.0,80.0,140.0,3.0,24.7,17.9,65.9,1011.3,7.0,0.3,2.0,cma,30.0
202110090100,54857.0,1.0,9.0,4.0,80.0,140.0,3.0,24.7,17.9,65.9,1011.3,7.0,0.3,2.0,cma,30.0
202110090200,54857.0,1.0,9.0,4.0,80.0,140.0,3.0,24.7,17.9,65.9,1011.3,7.0,0.3,2.0,cma,30.0
202110090300,54857.0,1.0,9.0,4.0,80.0,140.0,3.0,24.7,17.9,65.9,1011.3,7.0,0.3,2.0,cma,30.0
202110090400,54857.0,1.0,9.0,4.0,80.0,140.0,3.0,24.7,17.9,65.9,1011.3,7.0,0.3,2.0,cma,30.0
202110090500,54857.0,1.0,9.0,4.0,80.0,140.0,3.0,24.7,17.9,65.9,1011.3,7.0,0.3,2.0,cma,30.0
202110090600,54857.0,1.0,9.0,4.0,80.0,140.0,3.0,24.7,17.9,65.9,1011.3,7.0,0.3,2.0,cma,30.0
202110090700,54857.0,1.0,9.0,4.0,80.0,140.0,3.0,24.7,17.9,65.9,1011.3,7.0,0.3,2.0,cma,30.0
202110090800,54857.0,1.0,9.0,4.0,80.0,140.0,3.0,24.7,17.9,65.9,1011.3,7.0,0.3,2.0,cma,30.0
202110090900,54857.0,1.0,9.0,4.0,80.0,140.0,3.0,24.7,17.9,65.9,1011.3,7.0,0.3,2.0,cma,30.0
202110091000,54857.0,1.0,9.0,4.0,80.0,140.0,3.0,24.7,17.9,65.9,1011.3,7.0,0.3,2.0,cma,30.0
202110091100,54857.0,1.0,9.0,4.0,80.0,140.0,3.0,24.7,17.9,65.9,1011.3,7.0,0.3,2.0,cma,30.0
202110091200,54857.0,1.0,9.0,4.0,80.0,140.0,3.0,24.7,17.9,65.9,1011.3,7.0,0.3,2.0,cma,30.0
202110091300,54857.0,1.0,9.0,4.0,80.0,140.0,3.0,24.7,17.9,65.9,1011.3,7.0,0.3,2.0,cma,30.0
202110091400,54857.0,1.0,9.0,4.0,80.0,140.0,3.0,24.7,17.9,65.9,1011.3,7.0,0.3,2.0,cma,30.0
202110091500,54857.0,1.0,9.0,4.0,80.0,140.0,3.0,24.7,17.9,65.9,1011.3,7.0,0.3,2.0,cma,30.0
202110091600,54857.0,1.0,9.0,4.0,80.0,140.0,3.0,24.7,17.9,65.9,1011.3,7.0,0.3,2.0,cma,30.0
202110091700,54857.0,1.0,9.0,4.0,80.0,140.0,3.0,24.7,17.9,65.9,1011.3,7.0,0.3,2.0,cma,30.0
202110091800,54857.0,1.0,9.0,4.0,80.0,140.0,3.0,24.7,17.9,65.9,1011.3,7.0,0.3,2.0,cma,30.0
202110091900,54857.0,1.0,9.0,4.0,80.0,140.0,3.0,24.7,17.9,65.9,1011.3,7.0,0.3,2.0,cma,30.0
202110092000,54857.0,1.0,9.0,4.0,80.0,140.0,3.0,24.7,17.9,65.9,1011.3,7.0,0.3,2.0,cma,30.0
202110092100,54857.0,1.0,9.0,4.0,80.0,140.0,3.0,24.7,17.9,65.9,1011.3,7.0,0.3,2.0,cma,30.0
202110092200,54857.0,1.0,9.0,4.0,80.0,140.0,3.0,24.7,17.9,65.9,1011.3,7.0,0.3,2.0,cma,30.0
202110092300,54857.0,1.0,9.0,4.0,80.0,140.0,3.0,24.7,17.9,65.9,1011.3,7.0,0.3,2.0,cma,30.0
202110100000,54857.0,1.0,9.0,4.0,80.0,140.0,3.0,24.7,17.9,65.9,1011.3,7.0,0.3,2.0,cma,30.0
202110100100,54857.0,1.0,9.0,4.0,80.0,140.0,3.0,24.7,17.9,65.9,1011.3,7.0,0.3,2.0,cma,30.0
202110100200,54857.0,1.0,9.0,4.0,80.0,140.0,3.0,24.7,17.9,65.9,1011.3,7.0,0.3,2.0,cma,30.0
202110100300,54857.0,1.0,9.0,4.0,80.0,140.0,3.0,24.7,17.9,65.9,1011.3,7.0,0.3,2.0,cma,30.0
202110100400,54857.0,1.0,9.0,4.0,80.0,140.0,3.0,24.7,17.9,65.9,1011.3,7.0,0.3,2.0,cma,30.0
202110100500,54857.0,1.0,9.0,4.0,80.0,140.0,3.0,24.7,17.9,65.9,1011.3,7.0,0.3,2.0,cma,30.0
202110100600,54857.0,1.0,9.0,4.0,80.0,140.0,3.0,24.7,17.9,65.9,1011.3,7.0,0.3,2.0,cma,30.0
202110100700,54857.0,1.0,9.0,4.0,80.0,140.0,3.0,24.7,17.9,65.9,1011.3,7.0,0.3,2.0,cma,30.0
202110100800,54857.0,1.0,9.0,4.0,80.0,140.0,3.0,24.7,17.9,65.9,1011.3,7.0,0.3,2.0,cma,30.0
202110100900,54857.0,1.0,9.0,4.0,80.0,140.0,3.0,24.7,17.9,65.9,1011.3,7.0,0.3,2.0,cma,30.0
202110101000,54857.0,1.0,9.0,4.0,80.0,140.0,3.0,24.7,17.9,65.9,1011.3,7.0,0.3,2.0,cma,30.0
202110101100,54857.0,1.0,9.0,4.0,80.0,140.0,3.0,24.7,17.9,65.9,1011.3,7.0,0.3,2.0,cma,30.0
202110101200,54857.0,1.0,9.0,4.0,80.0,140.0,3.0,24.7,17.9,65.9,1011.3,7.0,0.3,2.0,cma,30.0
202110101300,54857.0,1.0,9.0,4.0,80.0,140.0,3.0,24.7,17.9,65.9,1011.3,7.0,0.3,2.0,cma,30.0
202110101400,54857.0,1.0,9.0,4.0,80.0,140.0,3.0,24.7,17.9,65.9,1011.3,7.0,0.3,2.0,cma,30.0
202110101500,54857.0,1.0,9.0,4.0,80.0,140.0,3.0,24.7,17.9,65.9,1011.3,7.0,0.3,2.0,cma,30.0
202110101600,54857.0,1.0,9.0,4.0,80.0,140.0,3.0,24.7,17.9,65.9,1011.3,7.0,0.3,2.0,cma,30.0
202110101700,54857.0,1.0,9.0,4.0,80.0,140.0,3.0,24.7,17.9,65.9,1011.3,7.0,0.3,2.0,cma,30.0
202110101800,54857.0,1.0,9.0,4.0,80.0,140.0,3.0,24.7,17.9,65.9,1011.3,7.0,0.3,2.0,cma,30.0
202110101900,54857.0,1.0,9.0,4.0,80.0,140.0,3.0,24.7,17.9,65.9,1011.3,7.0,0.3,2.0,cma,30.0
202110102000,54857.0,1.0,9.0,4.0,80.0,140.0,3.0,24.7,17.9,65.9,1011.3,7.0,0.3,2.0,cma,30.0
202110102100,54857.0,1.0,9.0,4.0,80.0,140.0,3.0,24.7,17.9,65.9,1011.3,7.0,0.3,2.0,cma,30.0
202110102200,54857.0,1.0,9.0,4.0,80.0,140.0,3.0,24.7,17.9,65.9,1011.3,7.0,0.3,2.0,cma,30.0
202110102300,54857.0,1.0,9.0,4.0,80.0,140.0,3.0,24.7,17.9,65.9,1011.3,7.0,0.3,2.0,cma,30.0
202110110000,54857.0,1.0,9.0,4.0,80.0,140.0,3.0,24.7,17.9,65.9,1011.3,7.0,0.3,2.0,cma,30.0
202110110100,54857.0,1.0,9.0,4.0,80.0,140.0,3.0,24.7,17.9,65.9,1011.3,7.0,0.3,2.0,cma,30.0
202110110200,54857.0,1.0,9.0,4.0,80.0,140.0,3.0,24.7,17.9,65.9,1011.3,7.0,0.3,2.0,cma,30.0
202110110300,54857.0,1.0,9.0,4.0,80.0,140.0,3.0,24.7,17.9,65.9,1011.3,7.0,0.3,2.0,cma,30.0
202110110400,54857.0,1.0,9.0,4.0,80.0,140.0,3.0,24.7,17.9,65.9,1011.3,7.0,0.3,2.0,cma,30.0
202110110500,54857.0,1.0,9.0,4.0,80.0,140.0,3.0,24.7,17.9,65.9,1011.3,7.0,0.3,2.0,cma,30.0
202110110600,54857.0,1.0,9.0,4.0,80.0,140.0,3.0,24.7,17.9,65.9,1011.3,7.0,0.3,2.0,cma,30.0
202110110700,54857.0,1.0,9.0,4.0,80.0,140.0,3.0,24.7,17.9,65.9,1011.3,7.0,0.3,2.0,cma,30.0
202110110800,54857.0,1.0,9.0,4.0,80.0,140.0,3.0,24.7,17.9,65.9,1011.3,7.0,0.3,2.0,cma,30.0
202110110900,54857.0,1.0,9.0,4.0,80.0,140.0,3.0,24.7,17.9,65.9,1011.3,7.0,0.3,2.0,cma,30.0
202110111000,54857.0,1.0,9.0,4.0,80.0,140.0,3.0,24.7,17.9,65.9,1011.3,7.0,0.3,2.0,cma,30.0
202110111100,54857.0,1.0,9.0,4.0,80.0,140.0,3.0,24.7,17.9,65.9,1011.3,7.0,0.3,2.0,cma,30.0
202110111200,54857.0,1.0,9.0,4.0,80.0,140.0,3.0,24.7,17.9,65.9,1011.3,7.0,0.3,2.0,cma,30.0
202110111300,54857.0,1.0,9.0,4.0,80.0,140.0,3.0,24.7,17.9,65.9,1011.3,7.0,0.3,2.0,cma,30.0
202110111400,54857.0,1.0,9.0,4.0,80.0,140.0,3.0,24.7,17.9,65.9,1011.3,7.0,0.3,2.0,cma,30.0
202110111500,54857.0,1.0,9.0,4.0,80.0,140.0,3.0,24.7,17.9,65.9,1011.3,7.0,0.3,2.0,cma,30.0
202110111600,54857.0,1.0,9.0,4.0,80.0,140.0,3.0,24.7,17.9,65.9,1011.3,7.0,0.3,2.0,cma,30.0
202110111700,54857.0,1.0,9.0,4.0,80.0,140.0,3.0,24.7,17.9,65.9,1011.3,7.0,0.3,2.0,cma,30.0
202110111800,54857.0,1.0,9.0,4.0,80.0,140.0,3.0,24.7,17.9,65.9,1011.3,7.0,0.3,2.0,cma,30.0
202110111900,54857.0,1.0,9.0,4.0,80.0,140.0,3.0,24.7,17.9,65.9,1011.3,7.0,0.3,2.0,cma,30.0
202110112000,54857.0,1.0,9.0,4.0,80.0,140.0,3.0,24.7,17.9,65.9,1011.3,7.0,0.3,2.0,cma,30.0
202110112100,54857.0,1.0,9.0,4.0,80.0,140.0,3.0,24.7,17.9,65.9,1011.3,7.0,0.3,2.0,cma,30.0
202110112200,54857.0,1.0,9.0,4.0,80.0,140.0,3.0,24.7,17.9,65.9,1011.3,7.0,0.3,2.0,cma,30.0
202110112300,54857.0,1.0,9.0,4.0,80.0,140.0,3.0,24.7,17.9,65.9,1011.3,7.0,0.3,2.0,cma,30.0
202110120000,54857.0,1.0,9.0,4.0,80.0,140.0,3.0,24.7,17.9,65.9,1011.3,7.0,0.3,2.0,cma,30.0
202110120100,54857.0,1.0,9.0,4.0,80.0,140.0,3.0,24.7,17.9,65.9,1011.3,7.0,0.3,2.0,cma,30.0
202110120200,54857.0,1.0,9.0,4.0,80.0,140.0,3.0,24.7,17.9,65.9,1011.3,7.0,0.3,2.0,cma,30.0
202110120300,54857.0,1.0,9.0,4.0,80.0,140.0,3.0,24.7,17.9,65.9,1011.3,7.0,0.3,2.0,cma,30.0
202110120400,54857.0,1.0,9.0,4.0,80.0,140.0,3.0,24.7,17.9,65.9,1011.3,7.0,0.3,2.0,cma,30.0
202110120500,54857.0,1.0,9.0,4.0,80.0,140.0,3.0,24.7,17.9,65.9,1011.3,7.0,0.3,2.0,cma,30.0
202110120600,54857.0,1.0,9.0,4.0,80.0,140.0,3.0,24.7,17.9,65.9,1011.3,7.0,0.3,2.0,cma,30.0
202110120700,54857.0,1.0,9.0,4.0,80.0,140.0,3.0,24.7,17.9,65.9,1011.3,7.0,0.3,2.0,cma,30.0
202110120800,54857.0,1.0,9.0,4.0,80.0,140.0,3.0,24.7,17.9,65.9,1011.3,7.0,0.3,2.0,cma,30.0
202110120900,54857.0,1.0,9.0,4.0,80.0,140.0,3.0,24.7,17.9,65.9,1011.3,7.0,0.3,2.0,cma,30.0
202110121000,54857.0,1.0,9.0,4.0,80.0,140.0,3.0,24.7,17.9,65.9,1011.3,7.0,0.3,2.0,cma,30.0
202110121100,54857.0,1.0,9.0,4.0,80.0,140.0,3.0,24.7,17.9,65.9,1011.3,7.0,0.3,2.0,cma,30.0
202110121200,54857.0,1.0,9.0,4.0,80.0,140.0,3.0,24.7,17.9,65.9,1011.3,7.0,0.3,2.0,cma,30.0
202110121300,54857.0,1.0,9.0,4.0,80.0,140.0,3.0,24.7,17.9,65.9,1011.3,7.0,0.3,2.0,cma,30.0
202110121400,54857.0,1.0,9.0,4.0,80.0,140.0,3.0,24.7,17.9,65.9,1011.3,7.0,0.3,2.0,cma,30.0
202110121500,54857.0,1.0,9.0,4.0,80.0,140.0,3.0,24.7,17.9,65.9,1011.3,7.0,0.3,2.0,cma,30.0
202110121600,54857.0,1.0,9.0,4.0,80.0,140.0,3.0,24.7,17.9,65.9,1011.3,7.0,0.3,2.0,cma,30.0
202110121700,54857.0,1.0,9.0,4.0,80.0,140.0,3.0,24.7,17.9,65.9,1011.3,7.0,0.3,2.0,cma,30.0
202110121800,54857.0,1.0,9.0,4.0,80.0,140.0,3.0,24.7,17.9,65.9,1011.3,7.0,0.3,2.0,cma,30.0
202110121900,54857.0,1.0,9.0,4.0,80.0,140.0,3.0,24.7,17.9,65.9,1011.3,7.0,0.3,2.0,cma,30.0
202110122000,54857.0,1.0,9.0,4.0,80.0,140.0,3.0,24.7,17.9,65.9,1011.3,7.0,0.3,2.0,cma,30.0
202110122100,54857.0,1.0,9.0,4.0,80.0,140.0,3.0,24.7,17.9,65.9,1011.3,7.0,0.3,2.0,cma,30.0
202110122200,54857.0,1.0,9.0,4.0,80.0,140.0,3.0,24.7,17.9,65.9,1011.3,7.0,0.3,2.0,cma,30.0
202110122300,54857.0,1.0,9.0,4.0,80.0,140.0,3.0,24.7,17.9,65.9,1011.3,7.0,0.3,2.0,cma,30.0
202110130000,54857.0,1.0,9.0,4.0,80.0,140.0,3.0,24.7,17.9,65.9,1011.3,7.0,0.3,2.0,cma,30.0
202110130100,54857.0,1.0,9.0,4.0,80.0,140.0,3.0,24.7,17.9,65.9,1011.3,7.0,0.3,2.0,cma,30.0
202110130200,54857.0,1.0,9.0,4.0,80.0,140.0,3.0,24.7,17.9,65.9,1011.3,7.0,0.3,2.0,cma,30.0
202110130300,54857.0,1.0,9.0,4.0,80.0,140.0,3.0,24.7,17.9,65.9,1011.3,7.0,0.3,2.0,cma,30.0
202110130400,54857.0,1.0,9.0,4.0,80.0,140.0,3.0,24.7,17.9,65.9,1011.3,7.0,0.3,2.0,cma,30.0
202110130500,54857.0,1.0,9.0,4.0,80.0,140.0,3.0,24.7,17.9,65.9,1011.3,7.0,0.3,2.0,cma,30.0
202110130600,54857.0,1.0,9.0,4.0,80.0,140.0,3.0,24.7,17.9,65.9,1011.3,7.0,0.3,2.0,cma,30.0
202110130700,54857.0,1.0,9.0,4.0,80.0,140.0,3.0,24.7,17.9,65.9,1011.3,7.0,0.3,2.0,cma,30.0
202110130800,54857.0,1.0,9.0,4.0,80.0,140.0,3.0,24.7,17.9,65.9,1011.3,7.0,0.3,2.0,cma,30.0
202110130900,54857.0,1.0,9.0,4.0,80.0,140.0,3.0,24.7,17.9,65.9,1011.3,7.0,0.3,2.0,cma,30.0
202110131000,54857.0,1.0,9.0,4.0,80.0,140.0,3.0,24.7,17.9,65.9,1011.3,7.0,0.3,2.0,cma,30.0
202110131100,54857.0,1.0,9.0,4.0,80.0,140.0,3.0,24.7,17.9,65.9,1011.3,7.0,0.3,2.0,cma,30.0
202110131200,54857.0,1.0,9.0,4.0,80.0,140.0,3.0,24.7,17.9,65.9,1011.3,7.0,0.3,2.0,cma,30.0
202110131300,54857.0,1.0,9.0,4.0,80.0,140.0,3.0,24.7,17.9,65.9,1011.3,7.0,0.3,2.0,cma,30.0
202110131400,54857.0,1.0,9.0,4.0,80.0,140.0,3.0,24.7,17.9,65.9,1011.3,7.0,0.3,2.0,cma,30.0
202110131500,54857.0,1.0,9.0,4.0,80.0,140.0,3.0,24.7,17.9,65.9,1011.3,7.0,0.3,2.0,cma,30.0
202110131600,54857.0,1.0,9.0,4.0,80.0,140.0,3.0,24.7,17.9,65.9,1011.3,7.0,0.3,2.0,cma,30.0
202110131700,54857.0,1.0,9.0,4.0,80.0,140.0,3.0,24.7,17.9,65.9,1011.3,7.0,0.3,2.0,cma,30.0
202110131800,54857.0,1.0,9.0,4.0,80.0,140.0,3.0,24.7,17.9,65.9,1011.3,7.0,0.3,2.0,cma,30.0
202110131900,54857.0,1.0,9.0,4.0,80.0,140.0,3.0,24.7,17.9,65.9,1011.3,7.0,0.3,2.0,cma,30.0
202110132000,54857.0,1.0,9.0,4.0,80.0,140.0,3.0,24.7,17.9,65.9,1011.3,7.0,0.3,2.0,cma,30.0
202110132100,54857.0,1.0,9.0,4.0,80.0,140.0,3.0,24.7,17.9,65.9,1011.3,7.0,0.3,2.0,cma,30.0
202110132200,54857.0,1.0,9.0,4.0,80.0,140.0,3.0,24.7,17.9,65.9,1011.3,7.0,0.3,2.0,cma,30.0
202110132300,54857.0,1.0,9.0,4.0,80.0,140.0,3.0,24.7,17.9,65.9,1011.3,7.0,0.3,2.0,cma,30.0
202110140000,54857.0,1.0,9.0,4.0,80.0,140.0,3.0,24.7,17.9,65.9,1011.3,7.0,0.3,2.0,cma,30.0
202110140100,54857.0,1.0,9.0,4.0,80.0,140.0,3.0,24.7,17.9,65.9,1011.3,7.0,0.3,2.0,cma,30.0
202110140200,54857.0,1.0,9.0,4.0,80.0,140.0,3.0,24.7,17.9,65.9,1011.3,7.0,0.3,2.0,cma,30.0
202110140300,54857.0,1.0,9.0,4.0,80.0,140.0,3.0,24.7,17.9,65.9,1011.3,7.0,0.3,2.0,cma,30.0
202110140400,54857.0,1.0,9.0,4.0,80.0,140.0,3.0,24.7,17.9,65.9,1011.3,7.0,0.3,2.0,cma,30.0
202110140500,54857.0,1.0,9.0,4.0,80.0,140.0,3.0,24.7,17.9,65.9,1011.3,7.0,0.3,2.0,cma,30.0
202110140600,54857.0,1.0,9.0,4.0,80.0,140.0,3.0,24.7,17.9,65.9,1011.3,7.0,0.3,2.0,cma,30.0
202110140700,54857.0,1.0,9.0,4.0,80.0,140.0,3.0,24.7,17.9,65.9,1011.3,7.0,0.3,2.0,cma,30.0
202110140800,54857.0,1.0,9.0,4.0,80.0,140.0,3.0,24.7,17.9,65.9,1011.3,7.0,0.3,2.0,cma,30.0
202110140900,54857.0,1.0,9.0,4.0,80.0,140.0,3.0,24.7,17.9,65.9,1011.3,7.0,0.3,2.0,cma,30.0
202110141000,54857.0,1.0,9.0,4.0,80.0,140.0,3.0,24.7,17.9,65.9,1011.3,7.0,0.3,2.0,cma,30.0
202110141100,54857.0,1.0,9.0,4.0,80.0,140.0,3.0,24.7,17.9,65.9,1011.3,7.0,0.3,2.0,cma,30.0
202110141200,54857.0,1.0,9.0,4.0,80.0,140.0,3.0,24.7,17.9,65.9,1011.3,7.0,0.3,2.0,cma,30.0
202110141300,54857.0,1.0,9.0,4.0,80.0,140.0,3.0,24.7,17.9,65.9,1011.3,7.0,0.3,2.0,cma,30.0
202110141400,54857.0,1.0,9.0,4.0,80.0,140.0,3.0,24.7,17.9,65.9,1011.3,7.0,0.3,2.0,cma,30.0
202110141500,54857.0,1.0,9.0,4.0,80.0,140.0,3.0,24.7,17.9,65.9,1011.3,7.0,0.3,2.0,cma,30.0
202110141600,54857.0,1.0,9.0,4.0,80.0,140.0,3.0,24.7,17.9,65.9,1011.3,7.0,0.3,2.0,cma,30.0
202110141700,54857.0,1.0,9.0,4.0,80.0,140.0,3.0,24.7,17.9,65.9,1011.3,7.0,0.3,2.0,cma,30.0
202110141800,54857.0,1.0,9.0,4.0,80.0,140.0,3.0,24.7,17.9,65.9,1011.3,7.0,0.3,2.0,cma,30.0
202110141900,54857.0,1.0,9.0,4.0,80.0,140.0,3.0,24.7,17.9,65.9,1011.3,7.0,0.3,2.0,cma,30.0
202110142000,54857.0,1.0,9.0,4.0,80.0,140.0,3.0,24.7,17.9,65.9,1011.3,7.0,0.3,2.0,cma,30.0
202110142100,54857.0,1.0,9.0,4.0,80.0,140.0,3.0,24.7,17.9,65.9,1011.3,7.0,0.3,2.0,cma,30.0
202110142200,54857.0,1.0,9.0,4.0,80.0,140.0,3.0,24.7,17.9,65.9,1011.3,7.0,0.3,2.0,cma,30.0
202110142300,54857.0,1.0,9.0,4.0,80.0,140.0,3.0,24.7,17.9,65.9,1011.3,7.0,0.3,2.0,cma,30.0
202110150000,54857.0,1.0,9.0,4.0,80.0,140.0,3.0,24.7,17.9,65.9,1011.3,7.0,0.3,2.0,cma,30.0
202110150100,54857.0,1.0,9.0,4.0,80.0,140.0,3.0,24.7,17.9,65.9,1011.3,7.0,0.3,2.0,cma,30.0
202110150200,54857.0,1.0,9.0,4.0,80.0,140.0,3.0,24.7,17.9,65.9,1011.3,7.0,0.3,2.0,cma,30.0
202110150300,54857.0,1.0,9.0,4.0,80.0,140.0,3.0,24.7,17.9,65.9,1011.3,7.0,0.3,2.0,cma,30.0
202110150400,54857.0,1.0,9.0,4.0,80.0,140.0,3.0,24.7,17.9,65.9,1011.3,7.0,0.3,2.0,cma,30.0
202110150500,54857.0,1.0,9.0,4.0,80.0,140.0,3.0,24.7,17.9,65.9,1011.3,7.0,0.3,2.0,cma,30.0
202110150600,54857.0,1.0,9.0,4.0,80.0,140.0,3.0,24.7,17.9,65.9,1011.3,7.0,0.3,2.0,cma,30.0
202110150700,54857.0,1.0,9.0,4.0,80.0,140.0,3.0,24.7,17.9,65.9,1011.3,7.0,0.3,2.0,cma,30.0
202110150800,54857.0,1.0,9.0,4.0,80.0,140.0,3.0,24.7,17.9,65.9,1011.3,7.0,0.3,2.0,cma,30.0
202110150900,54857.0,1.0,9.0,4.0,80.0,140.0,3.0,24.7,17.9,65.9,1011.3,7.0,0.3,2.0,cma,30.0
202110151000,54857.0,1.0,9.0,4.0,80.0,140.0,3.0,24.7,17.9,65.9,1011.3,7.0,0.3,2.0,cma,30.0
202110151100,54857.0,1.0,9.0,4.0,80.0,140.0,3.0,24.7,17.9,65.9,1011.3,7.0,0.3,2.0,cma,30.0
202110151200,54857.0,1.0,9.0,4.0,80.0,140.0,3.0,24.7,17.9,65.9,1011.3,7.0,0.3,2.0,cma,30.0
202110151300,54857.0,1.0,9.0,4.0,80.0,140.0,3.0,24.7,17.9,65.9,1011.3,7.0,0.3,2.0,cma,30.0
202110151400,54857.0,1.0,9.0,4.0,80.0,140.0,3.0,24.7,17.9,65.9,1011.3,7.0,0.3,2.0,cma,30.0
202110151500,54857.0,1.0,9.0,4.0,80.0,140.0,3.0,24.7,17.9,65.9,1011.3,7.0,0.3,2.0,cma,30.0
202110151600,54857.0,1.0,9.0,4.0,80.0,140.0,3.0,24.7,17.9,65.9,1011.3,7.0,0.3,2.0,cma,30.0
202110151700,54857.0,1.0,9.0,4.0,80.0,140.0,3.0,24.7,17.9,65.9,1011.3,7.0,0.3,2.0,cma,30.0
202110151800,54857.0,1.0,9.0,4.0,80.0,140.0,3.0,24.7,17.9,65.9,1011.3,7.0,0.3,2.0,cma,30.0
202110151900,54857.0,1.0,9.0,4.0,80.0,140.0,3.0,24.7,17.9,65.9,1011.3,7.0,0.3,2.0,cma,30.0
202110152000,54857.0,1.0,9.0,4.0,80.0,140.0,3.0,24.7,17.9,65.9,1011.3,7.0,0.3,2.0,cma,30.0
202110152100,54857.0,1.0,9.0,4.0,80.0,140.0,3.0,24.7,17.9,65.9,1011.3,7.0,0.3,2.0,cma,30.0
202110152200,54857.0,1.0,9.0,4.0,80.0,140.0,3.0,24.7,17.9,65.9,1011.3,7.0,0.3,2.0,cma,30.0
202110152300,54857.0,1.0,9.0,4.0,80.0,140.0,3.0,24.7,17.9,65.9,1011.3,7.0,0.3,2.0,cma,30.0
202110160000,54857.0,1.0,9.0,4.0,80.0,140.0,3.0,24.7,17.9,65.9,1011.3,7.0,0.3,2.0,cma,30.0
202110160100,54857.0,1.0,9.0,4.0,80.0,140.0,3.0,24.7,17.9,65.9,1011.3,7.0,0.3,2.0,cma,30.0
202110160200,54857.0,1.0,9.0,4.0,80.0,140.0,3.0,24.7,17.9,65.9,1011.3,7.0,0.3,2.0,cma,30.0
202110160300,54857.0,1.0,9.0,4.0,80.0,140.0,3.0,24.7,17.9,65.9,1011.3,7.0,0.3,2.0,cma,30.0
202110160400,54857.0,1.0,9.0,4.0,80.0,140.0,3.0,24.7,17.9,65.9,1011.3,7.0,0.3,2.0,cma,30.0
202110160500,54857.0,1.0,9.0,4.0,80.0,140.0,3.0,24.7,17.9,65.9,1011.3,7.0,0.3,2.0,cma,30.0
202110160600,54857.0,1.0,9.0,4.0,80.0,140.0,3.0,24.7,17.9,65.9,1011.3,7.0,0.3,2.0,cma,30.0
202110160700,54857.0,1.0,9.0,4.0,80.0,140.0,3.0,24.7,17.9,65.9,1011.3,7.0,0.3,2.0,cma,30.0
202110160800,54857.0,1.0,9.0,4.0,80.0,140.0,3.0,24.7,17.9,65.9,1011.3,7.0,0.3,2.0,cma,30.0
202110160900,54857.0,1.0,9.0,4.0,80.0,140.0,3.0,24.7,17.9,65.9,1011.3,7.0,0.3,2.0,cma,30.0
202110161000,54857.0,1.0,9.0,4.0,80.0,140.0,3.0,24.7,17.9,65.9,1011.3,7.0,0.3,2.0,cma,30.0
202110161100,54857.0,1.0,9.0,4.0,80.0,140.0,3.0,24.7,17.9,65.9,1011.3,7.0,0.3,2.0,cma,30.0
202110161200,54857.0,1.0,9.0,4.0,80.0,140.0,3.0,24.7,17.9,65.9,1011.3,7.0,0.3,2.0,cma,30.0
202110161300,54857.0,1.0,9.0,4.0,80.0,140.0,3.0,24.7,17.9,65.9,1011.3,7.0,0.3,2.0,cma,30.0
202110161400,54857.0,1.0,9.0,4.0,80.0,140.0,3.0,24.7,17.9,65.9,1011.3,7.0,0.3,2.0,cma,30.0
202110161500,54857.0,1.0,9.0,4.0,80.0,140.0,3.0,24.7,17.9,65.9,1011.3,7.0,0.3,2.0,cma,30.0
202110161600,54857.0,1.0,9.0,4.0,80.0,140.0,3.0,24.7,17.9,65.9,1011.3,7.0,0.3,2.0,cma,30.0
202110161700,54857.0,1.0,9.0,4.0,80.0,140.0,3.0,24.7,17.9,65.9,1011.3,7.0,0.3,2.0,cma,30.0
202110161800,54857.0,1.0,9.0,4.0,80.0,140.0,3.0,24.7,17.9,65.9,1011.3,7.0,0.3,2.0,cma,30.0
202110161900,54857.0,1.0,9.0,4.0,80.0,140.0,3.0,24.7,17.9,65.9,1011.3,7.0,0.3,2.0,cma,30.0
202110162000,54857.0,1.0,9.0,4.0,80.0,140.0,3.0,24.7,17.9,65.9,1011.3,7.0,0.3,2.0,cma,30.0
202110162100,54857.0,1.0,9.0,4.0,80.0,140.0,3.0,24.7,17.9,65.9,1011.3,7.0,0.3,2.0,cma,30.0
202110162200,54857.0,1.0,9.0,4.0,80.0,140.0,3.0,24.7,17.9,65.9,1011.3,7.0,0.3,2.0,cma,30.0
202110162300,54857.0,1.0,9.0,4.0,80.0,140.0,3.0,24.7,17.9,65.9,1011.3,7.0,0.3,2.0,cma,30.0
202110170000,54857.0,1.0,9.0,4.0,80.0,140.0,3.0,24.7,17.9,65.9,1011.3,7.0,0.3,2.0,cma,30.0
202110170100,54857.0,1.0,9.0,4.0,80.0,140.0,3.0,24.7,17.9,65.9,1011.3,7.0,0.3,2.0,cma,30.0
202110170200,54857.0,1.0,9.0,4.0,80.0,140.0,3.0,24.7,17.9,65.9,1011.3,7.0,0.3,2.0,cma,30.0
202110170300,54857.0,1.0,9.0,4.0,80.0,140.0,3.0,24.7,17.9,65.9,1011.3,7.0,0.3,2.0,cma,30.0
202110170400,54857.0,1.0,9.0,4.0,80.0,140.0,3.0,24.7,17.9,65.9,1011.3,7.0,0.3,2.0,cma,30.0
202110170500,54857.0,1.0,9.0,4.0,80.0,140.0,3.0,24.7,17.9,65.9,1011.3,7.0,0.3,2.0,cma,30.0
202110170600,54857.0,1.0,9.0,4.0,80.0,140.0,3.0,24.7,17.9,65.9,1011.3,7.0,0.3,2.0,cma,30.0
202110170700,54857.0,1.0,9.0,4.0,80.0,140.0,3.0,24.7,17.9,65.9,1011.3,7.0,0.3,2.0,cma,30.0
202110170800,54857.0,1.0,9.0,4.0,80.0,140.0,3.0,24.7,17.9,65.9,1011.3,7.0,0.3,2.0,cma,30.0
202110170900,54857.0,1.0,9.0,4.0,80.0,140.0,3.0,24.7,17.9,65.9,1011.3,7.0,0.3,2.0,cma,30.0
202110171000,54857.0,1.0,9.0,4.0,80.0,140.0,3.0,24.7,17.9,65.9,1011.3,7.0,0.3,2.0,cma,30.0
202110171100,54857.0,1.0,9.0,4.0,80.0,140.0,3.0,24.7,17.9,65.9,1011.3,7.0,0.3,2.0,cma,30.0
202110171200,54857.0,1.0,9.0,4.0,80.0,140.0,3.0,24.7,17.9,65.9,1011.3,7.0,0.3,2.0,cma,30.0
202110171300,54857.0,1.0,9.0,4.0,80.0,140.0,3.0,24.7,17.9,65.9,1011.3,7.0,0.3,2.0,cma,30.0
202110171400,54857.0,1.0,9.0,4.0,80.0,140.0,3.0,24.7,17.9,65.9,1011.3,7.0,0.3,2.0,cma,30.0
202110171500,54857.0,1.0,9.0,4.0,80.0,140.0,3.0,24.7,17.9,65.9,1011.3,7.0,0.3,2.0,cma,30.0
202110171600,54857.0,1.0,9.0,4.0,80.0,140.0,3.0,24.7,17.9,65.9,1011.3,7.0,0.3,2.0,cma,30.0
202110171700,54857.0,1.0,9.0,4.0,80.0,140.0,3.0,24.7,17.9,65.9,1011.3,7.0,0.3,2.0,cma,30.0
202110171800,54857.0,1.0,9.0,4.0,80.0,140.0,3.0,24.7,17.9,65.9,1011.3,7.0,0.3,2.0,cma,30.0
202110171900,54857.0,1.0,9.0,4.0,80.0,140.0,3.0,24.7,17.9,65.9,1011.3,7.0,0.3,2.0,cma,30.0
202110172000,54857.0,1.0,9.0,4.0,80.0,140.0,3.0,24.7,17.9,65.9,1011.3,7.0,0.3,2.0,cma,30.0
202110172100,54857.0,1.0,9.0,4.0,80.0,140.0,3.0,24.7,17.9,65.9,1011.3,7.0,0.3,2.0,cma,30.0
202110172200,54857.0,1.0,9.0,4.0,80.0,140.0,3.0,24.7,17.9,65.9,1011.3,7.0,0.3,2.0,cma,30.0
202110172300,54857.0,1.0,9.0,4.0,80.0,140.0,3.0,24.7,17.9,65.9,1011.3,7.0,0.3,2.0,cma,30.0
202110180000,54857.0,1.0,9.0,4.0,80.0,140.0,3.0,24.7,17.9,65.9,1011.3,7.0,0.3,2.0,cma,30.0
202110180100,54857.0,1.0,9.0,4.0,80.0,140.0,3.0,24.7,17.9,65.9,1011.3,7.0,0.3,2.0,cma,30.0
202110180200,54857.0,1.0,9.0,4.0,80.0,140.0,3.0,24.7,17.9,65.9,1011.3,7.0,0.3,2.0,cma,30.0
202110180300,54857.0,1.0,9.0,4.0,80.0,140.0,3.0,24.7,17.9,65.9,1011.3,7.0,0.3,2.0,cma,30.0
202110180400,54857.0,1.0,9.0,4.0,80.0,140.0,3.0,24.7,17.9,65.9,1011.3,7.0,0.3,2.0,cma,30.0
202110180500,54857.0,1.0,9.0,4.0,80.0,140.0,3.0,24.7,17.9,65.9,1011.3,7.0,0.3,2.0,cma,30.0
202110180600,54857.0,1.0,9.0,4.0,80.0,140.0,3.0,24.7,17.9,65.9,1011.3,7.0,0.3,2.0,cma,30.0
202110180700,54857.0,1.0,9.0,4.0,80.0,140.0,3.0,24.7,17.9,65.9,1011.3,7.0,0.3,2.0,cma,30.0
202110180800,54857.0,1.0,9.0,4.0,80.0,140.0,3.0,24.7,17.9,65.9,1011.3,7.0,0.3,2.0,cma,30.0
202110180900,54857.0,1.0,9.0,4.0,80.0,140.0,3.0,24.7,17.9,65.9,1011.3,7.0,0.3,2.0,cma,30.0
202110181000,54857.0,1.0,9.0,4.0,80.0,140.0,3.0,24.7,17.9,65.9,1011.3,7.0,0.3,2.0,cma,30.0
202110181100,54857.0,1.0,9.0,4.0,80.0,140.0,3.0,24.7,17.9,65.9,1011.3,7.0,0.3,2.0,cma,30.0
202110181200,54857.0,1.0,9.0,4.0,80.0,140.0,3.0,24.7,17.9,65.9,1011.3,7.0,0.3,2.0,cma,30.0
202110181300,54857.0,1.0,9.0,4.0,80.0,140.0,3.0,24.7,17.9,65.9,1011.3,7.0,0.3,2.0,cma,30.0
202110181400,54857.0,1.0,9.0,4.0,80.0,140.0,3.0,24.7,17.9,65.9,1011.3,7.0,0.3,2.0,cma,30.0
202110181500,54857.0,1.0,9.0,4.0,80.0,140.0,3.0,24.7,17.9,65.9,1011.3,7.0,0.3,2.0,cma,30.0
202110181600,54857.0,1.0,9.0,4.0,80.0,140.0,3.0,24.7,17.9,65.9,1011.3,7.0,0.3,2.0,cma,30.0
202110181700,54857.0,1.0,9.0,4.0,80.0,140.0,3.0,24.7,17.9,65.9,1011.3,7.0,0.3,2.0,cma,30.0
202110181800,54857.0,1.0,9.0,4.0,80.0,140.0,3.0,24.7,17.9,65.9,1011.3,7.0,0.3,2.0,cma,30.0
202110181900,54857.0,1.0,9.0,4.0,80.0,140.0,3.0,24.7,17.9,65.9,1011.3,7.0,0.3,2.0,cma,30.0
202110182000,54857.0,1.0,9.0,4.0,80.0,140.0,3.0,24.7,17.9,65.9,1011.3,7.0,0.3,2.0,cma,30.0
202110182100,54857.0,1.0,9.0,4.0,80.0,140.0,3.0,24.7,17.9,65.9,1011.3,7.0,0.3,2.0,cma,30.0
202110182200,54857.0,1.0,9.0,4.0,80.0,140.0,3.0,24.7,17.9,65.9,1011.3,7.0,0.3,2.0,cma,30.0
202110182300,54857.0,1.0,9.0,4.0,80.0,140.0,3.0,24.7,17.9,65.9,1011.3,7.0,0.3,2.0,cma,30.0
202110190000,54857.0,1.0,9.0,4.0,80.0,140.0,3.0,24.7,17.9,65.9,1011.3,7.0,0.3,2.0,cma,30.0
202110190100,54857.0,1.0,9.0,4.0,80.0,140.0,3.0,24.7,17.9,65.9,1011.3,7.0,0.3,2.0,cma,30.0
202110190200,54857.0,1.0,9.0,4.0,80.0,140.0,3.0,24.7,17.9,65.9,1011.3,7.0,0.3,2.0,cma,30.0
202110190300,54857.0,1.0,9.0,4.0,80.0,140.0,3.0,24.7,17.9,65.9,1011.3,7.0,0.3,2.0,cma,30.0
202110190400,54857.0,1.0,9.0,4.0,80.0,140.0,3.0,24.7,17.9,65.9,1011.3,7.0,0.3,2.0,cma,30.0
202110190500,54857.0,1.0,9.0,4.0,80.0,140.0,3.0,24.7,17.9,65.9,1011.3,7.0,0.3,2.0,cma,30.0
202110190600,54857.0,1.0,9.0,4.0,80.0,140.0,3.0,24.7,17.9,65.9,1011.3,7.0,0.3,2.0,cma,30.0
202110190700,54857.0,1.0,9.0,4.0,80.0,140.0,3.0,24.7,17.9,65.9,1011.3,7.0,0.3,2.0,cma,30.0
202110190800,54857.0,1.0,9.0,4.0,80.0,140.0,3.0,24.7,17.9,65.9,1011.3,7.0,0.3,2.0,cma,30.0
202110190900,54857.0,1.0,9.0,4.0,80.0,140.0,3.0,24.7,17.9,65.9,1011.3,7.0,0.3,2.0,cma,30.0
202110191000,54857.0,1.0,9.0,4.0,80.0,140.0,3.0,24.7,17.9,65.9,1011.3,7.0,0.3,2.0,cma,30.0
202110191100,54857.0,1.0,9.0,4.0,80.0,140.0,3.0,24.7,17.9,65.9,1011.3,7.0,0.3,2.0,cma,30.0
202110191200,54857.0,1.0,9.0,4.0,80.0,140.0,3.0,24.7,17.9,65.9,1011.3,7.0,0.3,2.0,cma,30.0
202110191300,54857.0,1.0,9.0,4.0,80.0,140.0,3.0,24.7,17.9,65.9,1011.3,7.0,0.3,2.0,cma,30.0
202110191400,54857.0,1.0,9.0,4.0,80.0,140.0,3.0,24.7,17.9,65.9,1011.3,7.0,0.3,2.0,cma,30.0
202110191500,54857.0,1.0,9.0,4.0,80.0,140.0,3.0,24.7,17.9,65.9,1011.3,7.0,0.3,2.0,cma,30.0
202110191600,54857.0,1.0,9.0,4.0,80.0,140.0,3.0,24.7,17.9,65.9,1011.3,7.0,0.3,2.0,cma,30.0
202110191700,54857.0,1.0,9.0,4.0,80.0,140.0,3.0,24.7,17.9,65.9,1011.3,7.0,0.3,2.0,cma,30.0
202110191800,54857.0,1.0,9.0,4.0,80.0,140.0,3.0,24.7,17.9,65.9,1011.3,7.0,0.3,2.0,cma,30.0
202110191900,54857.0,1.0,9.0,4.0,80.0,140.0,3.0,24.7,17.9,65.9,1011.3,7.0,0.3,2.0,cma,30.0
202110192000,54857.0,1.0,9.0,4.0,80.0,140.0,3.0,24.7,17.9,65.9,1011.3,7.0,0.3,2.0,cma,30.0
202110192100,54857.0,1.0,9.0,4.0,80.0,140.0,3.0,24.7,17.9,65.9,1011.3,7.0,0.3,2.0,cma,30.0
202110192200,54857.0,1.0,9.0,4.0,80.0,140.0,3.0,24.7,17.9,65.9,1011.3,7.0,0.3,2.0,cma,30.0
202110192300,54857.0,1.0,9.0,4.0,80.0,140.0,3.0,24.7,17.9,65.9,1011.3,7.0,0.3,2.0,cma,30.0
202110200000,54857.0,1.0,9.0,4.0,80.0,140.0,3.0,24.7,17.9,65.9,1011.3,7.0,0.3,2.0,cma,30.0
202110200100,54857.0,1.0,9.0,4.0,80.0,140.0,3.0,24.7,17.9,65.9,1011.3,7.0,0.3,2.0,cma,30.0
202110200200,54857.0,1.0,9.0,4.0,80.0,140.0,3.0,24.7,17.9,65.9,1011.3,7.0,0.3,2.0,cma,30.0
202110200300,54857.0,1.0,9.0,4.0,80.0,140.0,3.0,24.7,17.9,65.9,1011.3,7.0,0.3,2.0,cma,30.0
202110200400,54857.0,1.0,9.0,4.0,80.0,140.0,3.0,24.7,17.9,65.9,1011.3,7.0,0.3,2.0,cma,30.0
202110200500,54857.0,1.0,9.0,4.0,80.0,140.0,3.0,24.7,17.9,65.9,1011.3,7.0,0.3,2.0,cma,30.0
202110200600,54857.0,1.0,9.0,4.0,80.0,140.0,3.0,24.7,17.9,65.9,1011.3,7.0,0.3,2.0,cma,30.0
202110200700,54857.0,1.0,9.0,4.0,80.0,140.0,3.0,24.7,17.9,65.9,1011.3,7.0,0.3,2.0,cma,30.0
202110200800,54857.0,1.0,9.0,4.0,80.0,140.0,3.0,24.7,17.9,65.9,1011.3,7.0,0.3,2.0,cma,30.0
202110200900,54857.0,1.0,9.0,4.0,80.0,140.0,3.0,24.7,17.9,65.9,1011.3,7.0,0.3,2.0,cma,30.0
202110201000,54857.0,1.0,9.0,4.0,80.0,140.0,3.0,24.7,17.9,65.9,1011.3,7.0,0.3,2.0,cma,30.0
202110201100,54857.0,1.0,9.0,4.0,80.0,140.0,3.0,24.7,17.9,65.9,1011.3,7.0,0.3,2.0,cma,30.0
202110201200,54857.0,1.0,9.0,4.0,80.0,140.0,3.0,24.7,17.9,65.9,1011.3,7.0,0.3,2.0,cma,30.0
202110201300,54857.0,1.0,9.0,4.0,80.0,140.0,3.0,24.7,17.9,65.9,1011.3,7.0,0.3,2.0,cma,30.0
202110201400,54857.0,1.0,9.0,4.0,80.0,140.0,3.0,24.7,17.9,65.9,1011.3,7.0,0.3,2.0,cma,30.0
202110201500,54857.0,1.0,9.0,4.0,80.0,140.0,3.0,24.7,17.9,65.9,1011.3,7.0,0.3,2.0,cma,30.0
202110201600,54857.0,1.0,9.0,4.0,80.0,140.0,3.0,24.7,17.9,65.9,1011.3,7.0,0.3,2.0,cma,30.0
202110201700,54857.0,1.0,9.0,4.0,80.0,140.0,3.0,24.7,17.9,65.9,1011.3,7.0,0.3,2.0,cma,30.0
202110201800,54857.0,1.0,9.0,4.0,80.0,140.0,3.0,24.7,17.9,65.9,1011.3,7.0,0.3,2.0,cma,30.0
202110201900,54857.0,1.0,9.0,4.0,80.0,140.0,3.0,24.7,17.9,65.9,1011.3,7.0,0.3,2.0,cma,30.0
202110202000,54857.0,1.0,9.0,4.0,80.0,140.0,3.0,24.7,17.9,65.9,1011.3,7.0,0.3,2.0,cma,30.0
202110202100,54857.0,1.0,9.0,4.0,80.0,140.0,3.0,24.7,17.9,65.9,1011.3,7.0,0.3,2.0,cma,30.0
202110202200,54857.0,1.0,9.0,4.0,80.0,140.0,3.0,24.7,17.9,65.9,1011.3,7.0,0.3,2.0,cma,30.0
202110202300,54857.0,1.0,9.0,4.0,80.0,140.0,3.0,24.7,17.9,65.9,1011.3,7.0,0.3,2.0,cma,30.0
202110210000,54857.0,1.0,9.0,4.0,80.0,140.0,3.0,24.7,17.9,65.9,1011.3,7.0,0.3,2.0,cma,30.0
202110210100,54857.0,1.0,9.0,4.0,80.0,140.0,3.0,24.7,17.9,65.9,1011.3,7.0,0.3,2.0,cma,30.0
202110210200,54857.0,1.0,9.0,4.0,80.0,140.0,3.0,24.7,17.9,65.9,1011.3,7.0,0.3,2.0,cma,30.0
202110210300,54857.0,1.0,9.0,4.0,80.0,140.0,3.0,24.7,17.9,65.9,1011.3,7.0,0.3,2.0,cma,30.0
202110210400,54857.0,1.0,9.0,4.0,80.0,140.0,3.0,24.7,17.9,65.9,1011.3,7.0,0.3,2.0,cma,30.0
202110210500,54857.0,1.0,9.0,4.0,80.0,140.0,3.0,24.7,17.9,65.9,1011.3,7.0,0.3,2.0,cma,30.0
202110210600,54857.0,1.0,9.0,4.0,80.0,140.0,3.0,24.7,17.9,65.9,1011.3,7.0,0.3,2.0,cma,30.0
202110210700,54857.0,1.0,9.0,4.0,80.0,140.0,3.0,24.7,17.9,65.9,1011.3,7.0,0.3,2.0,cma,30.0
202110210800,54857.0,1.0,9.0,4.0,80.0,140.0,3.0,24.7,17.9,65.9,1011.3,7.0,0.3,2.0,cma,30.0
202110210900,54857.0,1.0,9.0,4.0,80.0,140.0,3.0,24.7,17.9,65.9,1011.3,7.0,0.3,2.0,cma,30.0
202110211000,54857.0,1.0,9.0,4.0,80.0,140.0,3.0,24.7,17.9,65.9,1011.3,7.0,0.3,2.0,cma,30.0
202110211100,54857.0,1.0,9.0,4.0,80.0,140.0,3.0,24.7,17.9,65.9,1011.3,7.0,0.3,2.0,cma,30.0
202110211200,54857.0,1.0,9.0,4.0,80.0,140.0,3.0,24.7,17.9,65.9,1011.3,7.0,0.3,2.0,cma,30.0
202110211300,54857.0,1.0,9.0,4.0,80.0,140.0,3.0,24.7,17.9,65.9,1011.3,7.0,0.3,2.0,cma,30.0
202110211400,54857.0,1.0,9.0,4.0,80.0,140.0,3.0,24.7,17.9,65.9,1011.3,7.0,0.3,2.0,cma,30.0
202110211500,54857.0,1.0,9.0,4.0,80.0,140.0,3.0,24.7,17.9,65.9,1011.3,7.0,0.3,2.0,cma,30.0
202110211600,54857.0,1.0,9.0,4.0,80.0,140.0,3.0,24.7,17.9,65.9,1011.3,7.0,0.3,2.0,cma,30.0
202110211700,54857.0,1.0,9.0,4.0,80.0,140.0,3.0,24.7,17.9,65.9,1011.3,7.0,0.3,2.0,cma,30.0
202110211800,54857.0,1.0,9.0,4.0,80.0,140.0,3.0,24.7,17.9,65.9,1011.3,7.0,0.3,2.0,cma,30.0
202110211900,54857.0,1.0,9.0,4.0,80.0,140.0,3.0,24.7,17.9,65.9,1011.3,7.0,0.3,2.0,cma,30.0
202110212000,54857.0,1.0,9.0,4.0,80.0,140.0,3.0,24.7,17.9,65.9,1011.3,7.0,0.3,2.0,cma,30.0
202110212100,54857.0,1.0,9.0,4.0,80.0,140.0,3.0,24.7,17.9,65.9,1011.3,7.0,0.3,2.0,cma,30.0
202110212200,54857.0,1.0,9.0,4.0,80.0,140.0,3.0,24.7,17.9,65.9,1011.3,7.0,0.3,2.0,cma,30.0
202110212300,54857.0,1.0,9.0,4.0,80.0,140.0,3.0,24.7,17.9,65.9,1011.3,7.0,0.3,2.0,cma,30.0
202110220000,54857.0,1.0,9.0,4.0,80.0,140.0,3.0,24.7,17.9,65.9,1011.3,7.0,0.3,2.0,cma,30.0
202110220100,54857.0,1.0,9.0,4.0,80.0,140.0,3.0,24.7,17.9,65.9,1011.3,7.0,0.3,2.0,cma,30.0
202110220200,54857.0,1.0,9.0,4.0,80.0,140.0,3.0,24.7,17.9,65.9,1011.3,7.0,0.3,2.0,cma,30.0
202110220300,54857.0,1.0,9.0,4.0,80.0,140.0,3.0,24.7,17.9,65.9,1011.3,7.0,0.3,2.0,cma,30.0
202110220400,54857.0,1.0,9.0,4.0,80.0,140.0,3.0,24.7,17.9,65.9,1011.3,7.0,0.3,2.0,cma,30.0
202110220500,54857.0,1.0,9.0,4.0,80.0,140.0,3.0,24.7,17.9,65.9,1011.3,7.0,0.3,2.0,cma,30.0
202110220600,54857.0,1.0,9.0,4.0,80.0,140.0,3.0,24.7,17.9,65.9,1011.3,7.0,0.3,2.0,cma,30.0
202110220700,54857.0,1.0,9.0,4.0,80.0,140.0,3.0,24.7,17.9,65.9,1011.3,7.0,0.3,2.0,cma,30.0
202110220800,54857.0,1.0,9.0,4.0,80.0,140.0,3.0,24.7,17.9,65.9,1011.3,7.0,0.3,2.0,cma,30.0
202110220900,54857.0,1.0,9.0,4.0,80.0,140.0,3.0,24.7,17.9,65.9,1011.3,7.0,0.3,2.0,cma,30.0
202110221000,54857.0,1.0,9.0,4.0,80.0,140.0,3.0,24.7,17.9,65.9,1011.3,7.0,0.3,2.0,cma,30.0
202110221100,54857.0,1.0,9.0,4.0,80.0,140.0,3.0,24.7,17.9,65.9,1011.3,7.0,0.3,2.0,cma,30.0
202110221200,54857.0,1.0,9.0,4.0,80.0,140.0,3.0,24.7,17.9,65.9,1011.3,7.0,0.3,2.0,cma,30.0
202110221300,54857.0,1.0,9.0,4.0,80.0,140.0,3.0,24.7,17.9,65.9,1011.3,7.0,0.3,2.0,cma,30.0
202110221400,54857.0,1.0,9.0,4.0,80.0,140.0,3.0,24.7,17.9,65.9,1011.3,7.0,0.3,2.0,cma,30.0
202110221500,54857.0,1.0,9.0,4.0,80.0,140.0,3.0,24.7,17.9,65.9,1011.3,7.0,0.3,2.0,cma,30.0
202110221600,54857.0,1.0,9.0,4.0,80.0,140.0,3.0,24.7,17.9,65.9,1011.3,7.0,0.3,2.0,cma,30.0
202110221700,54857.0,1.0,9.0,4.0,80.0,140.0,3.0,24.7,17.9,65.9,1011.3,7.0,0.3,2.0,cma,30.0
202110221800,54857.0,1.0,9.0,4.0,80.0,140.0,3.0,24.7,17.9,65.9,1011.3,7.0,0.3,2.0,cma,30.0
202110221900,54857.0,1.0,9.0,4.0,80.0,140.0,3.0,24.7,17.9,65.9,1011.3,7.0,0.3,2.0,cma,30.0
202110222000,54857.0,1.0,9.0,4.0,80.0,140.0,3.0,24.7,17.9,65.9,1011.3,7.0,0.3,2.0,cma,30.0
202110222100,54857.0,1.0,9.0,4.0,80.0,140.0,3.0,24.7,17.9,65.9,1011.3,7.0,0.3,2.0,cma,30.0
202110222200,54857.0,1.0,9.0,4.0,80.0,140.0,3.0,24.7,17.9,65.9,1011.3,7.0,0.3,2.0,cma,30.0
202110222300,54857.0,1.0,9.0,4.0,80.0,140.0,3.0,24.7,17.9,65.9,1011.3,7.0,0.3,2.0,cma,30.0
202110230000,54857.0,1.0,9.0,4.0,80.0,140.0,3.0,24.7,17.9,65.9,1011.3,7.0,0.3,2.0,cma,30.0
202110230100,54857.0,1.0,9.0,4.0,80.0,140.0,3.0,24.7,17.9,65.9,1011.3,7.0,0.3,2.0,cma,30.0
202110230200,54857.0,1.0,9.0,4.0,80.0,140.0,3.0,24.7,17.9,65.9,1011.3,7.0,0.3,2.0,cma,30.0
202110230300,54857.0,1.0,9.0,4.0,80.0,140.0,3.0,24.7,17.9,65.9,1011.3,7.0,0.3,2.0,cma,30.0
202110230400,54857.0,1.0,9.0,4.0,80.0,140.0,3.0,24.7,17.9,65.9,1011.3,7.0,0.3,2.0,cma,30.0
202110230500,54857.0,1.0,9.0,4.0,80.0,140.0,3.0,24.7,17.9,65.9,1011.3,7.0,0.3,2.0,cma,30.0
202110230600,54857.0,1.0,9.0,4.0,80.0,140.0,3.0,24.7,17.9,65.9,1011.3,7.0,0.3,2.0,cma,30.0
202110230700,54857.0,1.0,9.0,4.0,80.0,140.0,3.0,24.7,17.9,65.9,1011.3,7.0,0.3,2.0,cma,30.0
202110230800,54857.0,1.0,9.0,4.0,80.0,140.0,3.0,24.7,17.9,65.9,1011.3,7.0,0.3,2.0,cma,30.0
202110230900,54857.0,1.0,9.0,4.0,80.0,140.0,3.0,24.7,17.9,65.9,1011.3,7.0,0.3,2.0,cma,30.0
202110231000,54857.0,1.0,9.0,4.0,80.0,140.0,3.0,24.7,17.9,65.9,1011.3,7.0,0.3,2.0,cma,30.0
202110231100,54857.0,1.0,9.0,4.0,80.0,140.0,3.0,24.7,17.9,65.9,1011.3,7.0,0.3,2.0,cma,30.0
202110231200,54857.0,1.0,9.0,4.0,80.0,140.0,3.0,24.7,17.9,65.9,1011.3,7.0,0.3,2.0,cma,30.0
202110231300,54857.0,1.0,9.0,4.0,80.0,140.0,3.0,24.7,17.9,65.9,1011.3,7.0,0.3,2.0,cma,30.0
202110231400,54857.0,1.0,9.0,4.0,80.0,140.0,3.0,24.7,17.9,65.9,1011.3,7.0,0.3,2.0,cma,30.0
202110231500,54857.0,1.0,9.0,4.0,80.0,140.0,3.0,24.7,17.9,65.9,1011.3,7.0,0.3,2.0,cma,30.0
202110231600,54857.0,1.0,9.0,4.0,80.0,140.0,3.0,24.7,17.9,65.9,1011.3,7.0,0.3,2.0,cma,30.0
202110231700,54857.0,1.0,9.0,4.0,80.0,140.0,3.0,24.7,17.9,65.9,1011.3,7.0,0.3,2.0,cma,30.0
202110231800,54857.0,1.0,9.0,4.0,80.0,140.0,3.0,24.7,17.9,65.9,1011.3,7.0,0.3,2.0,cma,30.0
202110231900,54857.0,1.0,9.0,4.0,80.0,140.0,3.0,24.7,17.9,65.9,1011.3,7.0,0.3,2.0,cma,30.0
202110232000,54857.0,1.0,9.0,4.0,80.0,140.0,3.0,24.7,17.9,65.9,1011.3,7.0,0.3,2.0,cma,30.0
202110232100,54857.0,1.0,9.0,4.0,80.0,140.0,3.0,24.7,17.9,65.9,1011.3,7.0,0.3,2.0,cma,30.0
202110232200,54857.0,1.0,9.0,4.0,80.0,140.0,3.0,24.7,17.9,65.9,1011.3,7.0,0.3,2.0,cma,30.0
202110232300,54857.0,1.0,9.0,4.0,80.0,140.0,3.0,24.7,17.9,65.9,1011.3,7.0,0.3,2.0,cma,30.0
202110240000,54857.0,1.0,9.0,4.0,80.0,140.0,3.0,24.7,17.9,65.9,1011.3,7.0,0.3,2.0,cma,30.0
202110240100,54857.0,1.0,9.0,4.0,80.0,140.0,3.0,24.7,17.9,65.9,1011.3,7.0,0.3,2.0,cma,30.0
202110240200,54857.0,1.0,9.0,4.0,80.0,140.0,3.0,24.7,17.9,65.9,1011.3,7.0,0.3,2.0,cma,30.0
202110240300,54857.0,1.0,9.0,4.0,80.0,140.0,3.0,24.7,17.9,65.9,1011.3,7.0,0.3,2.0,cma,30.0
202110240400,54857.0,1.0,9.0,4.0,80.0,140.0,3.0,24.7,17.9,65.9,1011.3,7.0,0.3,2.0,cma,30.0
202110240500,54857.0,1.0,9.0,4.0,80.0,140.0,3.0,24.7,17.9,65.9,1011.3,7.0,0.3,2.0,cma,30.0
202110240600,54857.0,1.0,9.0,4.0,80.0,140.0,3.0,24.7,17.9,65.9,1011.3,7.0,0.3,2.0,cma,30.0
202110240700,54857.0,1.0,9.0,4.0,80.0,140.0,3.0,24.7,17.9,65.9,1011.3,7.0,0.3,2.0,cma,30.0
202110240800,54857.0,1.0,9.0,4.0,80.0,140.0,3.0,24.7,17.9,65.9,1011.3,7.0,0.3,2.0,cma,30.0
202110240900,54857.0,1.0,9.0,4.0,80.0,140.0,3.0,24.7,17.9,65.9,1011.3,7.0,0.3,2.0,cma,30.0
202110241000,54857.0,1.0,9.0,4.0,80.0,140.0,3.0,24.7,17.9,65.9,1011.3,7.0,0.3,2.0,cma,30.0
202110241100,54857.0,1.0,9.0,4.0,80.0,140.0,3.0,24.7,17.9,65.9,1011.3,7.0,0.3,2.0,cma,30.0
202110241200,54857.0,1.0,9.0,4.0,80.0,140.0,3.0,24.7,17.9,65.9,1011.3,7.0,0.3,2.0,cma,30.0
202110241300,54857.0,1.0,9.0,4.0,80.0,140.0,3.0,24.7,17.9,65.9,1011.3,7.0,0.3,2.0,cma,30.0
202110241400,54857.0,1.0,9.0,4.0,80.0,140.0,3.0,24.7,17.9,65.9,1011.3,7.0,0.3,2.0,cma,30.0
202110241500,54857.0,1.0,9.0,4.0,80.0,140.0,3.0,24.7,17.9,65.9,1011.3,7.0,0.3,2.0,cma,30.0
202110241600,54857.0,1.0,9.0,4.0,80.0,140.0,3.0,24.7,17.9,65.9,1011.3,7.0,0.3,2.0,cma,30.0
202110241700,54857.0,1.0,9.0,4.0,80.0,140.0,3.0,24.7,17.9,65.9,1011.3,7.0,0.3,2.0,cma,30.0
202110241800,54857.0,1.0,9.0,4.0,80.0,140.0,3.0,24.7,17.9,65.9,1011.3,7.0,0.3,2.0,cma,30.0
202110241900,54857.0,1.0,9.0,4.0,80.0,140.0,3.0,24.7,17.9,65.9,1011.3,7.0,0.3,2.0,cma,30.0
202110242000,54857.0,1.0,9.0,4.0,80.0,140.0,3.0,24.7,17.9,65.9,1011.3,7.0,0.3,2.0,cma,30.0
202110242100,54857.0,1.0,9.0,4.0,80.0,140.0,3.0,24.7,17.9,65.9,1011.3,7.0,0.3,2.0,cma,30.0
202110242200,54857.0,1.0,9.0,4.0,80.0,140.0,3.0,24.7,17.9,65.9,1011.3,7.0,0.3,2.0,cma,30.0
202110242300,54857.0,1.0,9.0,4.0,80.0,140.0,3.0,24.7,17.9,65.9,1011.3,7.0,0.3,2.0,cma,30.0
202110250000,54857.0,1.0,9.0,4.0,80.0,140.0,3.0,24.7,17.9,65.9,1011.3,7.0,0.3,2.0,cma,30.0
202110250100,54857.0,1.0,9.0,4.0,80.0,140.0,3.0,24.7,17.9,65.9,1011.3,7.0,0.3,2.0,cma,30.0
202110250200,54857.0,1.0,9.0,4.0,80.0,140.0,3.0,24.7,17.9,65.9,1011.3,7.0,0.3,2.0,cma,30.0
202110250300,54857.0,1.0,9.0,4.0,80.0,140.0,3.0,24.7,17.9,65.9,1011.3,7.0,0.3,2.0,cma,30.0
202110250400,54857.0,1.0,9.0,4.0,80.0,140.0,3.0,24.7,17.9,65.9,1011.3,7.0,0.3,2.0,cma,30.0
202110250500,54857.0,1.0,9.0,4.0,80.0,140.0,3.0,24.7,17.9,65.9,1011.3,7.0,0.3,2.0,cma,30.0
202110250600,54857.0,1.0,9.0,4.0,80.0,140.0,3.0,24.7,17.9,65.9,1011.3,7.0,0.3,2.0,cma,30.0
202110250700,54857.0,1.0,9.0,4.0,80.0,140.0,3.0,24.7,17.9,65.9,1011.3,7.0,0.3,2.0,cma,30.0
202110250800,54857.0,1.0,9.0,4.0,80.0,140.0,3.0,24.7,17.9,65.9,1011.3,7.0,0.3,2.0,cma,30.0
202110250900,54857.0,1.0,9.0,4.0,80.0,140.0,3.0,24.7,17.9,65.9,1011.3,7.0,0.3,2.0,cma,30.0
202110251000,54857.0,1.0,9.0,4.0,80.0,140.0,3.0,24.7,17.9,65.9,1011.3,7.0,0.3,2.0,cma,30.0
202110251100,54857.0,1.0,9.0,4.0,80.0,140.0,3.0,24.7,17.9,65.9,1011.3,7.0,0.3,2.0,cma,30.0
202110251200,54857.0,1.0,9.0,4.0,80.0,140.0,3.0,24.7,17.9,65.9,1011.3,7.0,0.3,2.0,cma,30.0
202110251300,54857.0,1.0,9.0,4.0,80.0,140.0,3.0,24.7,17.9,65.9,1011.3,7.0,0.3,2.0,cma,30.0
202110251400,54857.0,1.0,9.0,4.0,80.0,140.0,3.0,24.7,17.9,65.9,1011.3,7.0,0.3,2.0,cma,30.0
202110251500,54857.0,1.0,9.0,4.0,80.0,140.0,3.0,24.7,17.9,65.9,1011.3,7.0,0.3,2.0,cma,30.0
202110251600,54857.0,1.0,9.0,4.0,80.0,140.0,3.0,24.7,17.9,65.9,1011.3,7.0,0.3,2.0,cma,30.0
202110251700,54857.0,1.0,9.0,4.0,80.0,140.0,3.0,24.7,17.9,65.9,1011.3,7.0,0.3,2.0,cma,30.0
202110251800,54857.0,1.0,9.0,4.0,80.0,140.0,3.0,24.7,17.9,65.9,1011.3,7.0,0.3,2.0,cma,30.0
202110251900,54857.0,1.0,9.0,4.0,80.0,140.0,3.0,24.7,17.9,65.9,1011.3,7.0,0.3,2.0,cma,30.0
202110252000,54857.0,1.0,9.0,4.0,80.0,140.0,3.0,24.7,17.9,65.9,1011.3,7.0,0.3,2.0,cma,30.0
202110252100,54857.0,1.0,9.0,4.0,80.0,140.0,3.0,24.7,17.9,65.9,1011.3,7.0,0.3,2.0,cma,30.0
202110252200,54857.0,1.0,9.0,4.0,80.0,140.0,3.0,24.7,17.9,65.9,1011.3,7.0,0.3,2.0,cma,30.0
202110252300,54857.0,1.0,9.0,4.0,80.0,140.0,3.0,24.7,17.9,65.9,1011.3,7.0,0.3,2.0,cma,30.0
202110260000,54857.0,1.0,9.0,4.0,80.0,140.0,3.0,24.7,17.9,65.9,1011.3,7.0,0.3,2.0,cma,30.0
202110260100,54857.0,1.0,9.0,4.0,80.0,140.0,3.0,24.7,17.9,65.9,1011.3,7.0,0.3,2.0,cma,30.0
202110260200,54857.0,1.0,9.0,4.0,80.0,140.0,3.0,24.7,17.9,65.9,1011.3,7.0,0.3,2.0,cma,30.0
202110260300,54857.0,1.0,9.0,4.0,80.0,140.0,3.0,24.7,17.9,65.9,1011.3,7.0,0.3,2.0,cma,30.0
202110260400,54857.0,1.0,9.0,4.0,80.0,140.0,3.0,24.7,17.9,65.9,1011.3,7.0,0.3,2.0,cma,30.0
202110260500,54857.0,1.0,9.0,4.0,80.0,140.0,3.0,24.7,17.9,65.9,1011.3,7.0,0.3,2.0,cma,30.0
202110260600,54857.0,1.0,9.0,4.0,80.0,140.0,3.0,24.7,17.9,65.9,1011.3,7.0,0.3,2.0,cma,30.0
202110260700,54857.0,1.0,9.0,4.0,80.0,140.0,3.0,24.7,17.9,65.9,1011.3,7.0,0.3,2.0,cma,30.0
202110260800,54857.0,1.0,9.0,4.0,80.0,140.0,3.0,24.7,17.9,65.9,1011.3,7.0,0.3,2.0,cma,30.0
202110260900,54857.0,1.0,9.0,4.0,80.0,140.0,3.0,24.7,17.9,65.9,1011.3,7.0,0.3,2.0,cma,30.0
202110261000,54857.0,1.0,9.0,4.0,80.0,140.0,3.0,24.7,17.9,65.9,1011.3,7.0,0.3,2.0,cma,30.0
202110261100,54857.0,1.0,9.0,4.0,80.0,140.0,3.0,24.7,17.9,65.9,1011.3,7.0,0.3,2.0,cma,30.0
202110261200,54857.0,1.0,9.0,4.0,80.0,140.0,3.0,24.7,17.9,65.9,1011.3,7.0,0.3,2.0,cma,30.0
202110261300,54857.0,1.0,9.0,4.0,80.0,140.0,3.0,24.7,17.9,65.9,1011.3,7.0,0.3,2.0,cma,30.0
202110261400,54857.0,1.0,9.0,4.0,80.0,140.0,3.0,24.7,17.9,65.9,1011.3,7.0,0.3,2.0,cma,30.0
202110261500,54857.0,1.0,9.0,4.0,80.0,140.0,3.0,24.7,17.9,65.9,1011.3,7.0,0.3,2.0,cma,30.0
202110261600,54857.0,1.0,9.0,4.0,80.0,140.0,3.0,24.7,17.9,65.9,1011.3,7.0,0.3,2.0,cma,30.0
202110261700,54857.0,1.0,9.0,4.0,80.0,140.0,3.0,24.7,17.9,65.9,1011.3,7.0,0.3,2.0,cma,30.0
202110261800,54857.0,1.0,9.0,4.0,80.0,140.0,3.0,24.7,17.9,65.9,1011.3,7.0,0.3,2.0,cma,30.0
202110261900,54857.0,1.0,9.0,4.0,80.0,140.0,3.0,24.7,17.9,65.9,1011.3,7.0,0.3,2.0,cma,30.0
202110262000,54857.0,1.0,9.0,4.0,80.0,140.0,3.0,24.7,17.9,65.9,1011.3,7.0,0.3,2.0,cma,30.0
202110262100,54857.0,1.0,9.0,4.0,80.0,140.0,3.0,24.7,17.9,65.9,1011.3,7.0,0.3,2.0,cma,30.0
202110262200,54857.0,1.0,9.0,4.0,80.0,140.0,3.0,24.7,17.9,65.9,1011.3,7.0,0.3,2.0,cma,30.0
202110262300,54857.0,1.0,9.0,4.0,80.0,140.0,3.0,24.7,17.9,65.9,1011.3,7.0,0.3,2.0,cma,30.0
202110270000,54857.0,1.0,9.0,4.0,80.0,140.0,3.0,24.7,17.9,65.9,1011.3,7.0,0.3,2.0,cma,30.0
202110270100,54857.0,1.0,9.0,4.0,80.0,140.0,3.0,24.7,17.9,65.9,1011.3,7.0,0.3,2.0,cma,30.0
202110270200,54857.0,1.0,9.0,4.0,80.0,140.0,3.0,24.7,17.9,65.9,1011.3,7.0,0.3,2.0,cma,30.0
202110270300,54857.0,1.0,9.0,4.0,80.0,140.0,3.0,24.7,17.9,65.9,1011.3,7.0,0.3,2.0,cma,30.0
202110270400,54857.0,1.0,9.0,4.0,80.0,140.0,3.0,24.7,17.9,65.9,1011.3,7.0,0.3,2.0,cma,30.0
202110270500,54857.0,1.0,9.0,4.0,80.0,140.0,3.0,24.7,17.9,65.9,1011.3,7.0,0.3,2.0,cma,30.0
202110270600,54857.0,1.0,9.0,4.0,80.0,140.0,3.0,24.7,17.9,65.9,1011.3,7.0,0.3,2.0,cma,30.0
202110270700,54857.0,1.0,9.0,4.0,80.0,140.0,3.0,24.7,17.9,65.9,1011.3,7.0,0.3,2.0,cma,30.0
202110270800,54857.0,1.0,9.0,4.0,80.0,140.0,3.0,24.7,17.9,65.9,1011.3,7.0,0.3,2.0,cma,30.0
202110270900,54857.0,1.0,9.0,4.0,80.0,140.0,3.0,24.7,17.9,65.9,1011.3,7.0,0.3,2.0,cma,30.0
202110271000,54857.0,1.0,9.0,4.0,80.0,140.0,3.0,24.7,17.9,65.9,1011.3,7.0,0.3,2.0,cma,30.0
202110271100,54857.0,1.0,9.0,4.0,80.0,140.0,3.0,24.7,17.9,65.9,1011.3,7.0,0.3,2.0,cma,30.0
202110271200,54857.0,1.0,9.0,4.0,80.0,140.0,3.0,24.7,17.9,65.9,1011.3,7.0,0.3,2.0,cma,30.0
202110271300,54857.0,1.0,9.0,4.0,80.0,140.0,3.0,24.7,17.9,65.9,1011.3,7.0,0.3,2.0,cma,30.0
202110271400,54857.0,1.0,9.0,4.0,80.0,140.0,3.0,24.7,17.9,65.9,1011.3,7.0,0.3,2.0,cma,30.0
202110271500,54857.0,1.0,9.0,4.0,80.0,140.0,3.0,24.7,17.9,65.9,1011.3,7.0,0.3,2.0,cma,30.0
202110271600,54857.0,1.0,9.0,4.0,80.0,140.0,3.0,24.7,17.9,65.9,1011.3,7.0,0.3,2.0,cma,30.0
202110271700,54857.0,1.0,9.0,4.0,80.0,140.0,3.0,24.7,17.9,65.9,1011.3,7.0,0.3,2.0,cma,30.0
202110271800,54857.0,1.0,9.0,4.0,80.0,140.0,3.0,24.7,17.9,65.9,1011.3,7.0,0.3,2.0,cma,30.0
202110271900,54857.0,1.0,9.0,4.0,80.0,140.0,3.0,24.7,17.9,65.9,1011.3,7.0,0.3,2.0,cma,30.0
202110272000,54857.0,1.0,9.0,4.0,80.0,140.0,3.0,24.7,17.9,65.9,1011.3,7.0,0.3,2.0,cma,30.0
202110272100,54857.0,1.0,9.0,4.0,80.0,140.0,3.0,24.7,17.9,65.9,1011.3,7.0,0.3,2.0,cma,30.0
202110272200,54857.0,1.0,9.0,4.0,80.0,140.0,3.0,24.7,17.9,65.9,1011.3,7.0,0.3,2.0,cma,30.0
202110272300,54857.0,1.0,9.0,4.0,80.0,140.0,3.0,24.7,17.9,65.9,1011.3,7.0,0.3,2.0,cma,30.0
202110280000,54857.0,1.0,9.0,4.0,80.0,140.0,3.0,24.7,17.9,65.9,1011.3,7.0,0.3,2.0,cma,30.0
202110280100,54857.0,1.0,9.0,4.0,80.0,140.0,3.0,24.7,17.9,65.9,1011.3,7.0,0.3,2.0,cma,30.0
202110280200,54857.0,1.0,9.0,4.0,80.0,140.0,3.0,24.7,17.9,65.9,1011.3,7.0,0.3,2.0,cma,30.0
202110280300,54857.0,1.0,9.0,4.0,80.0,140.0,3.0,24.7,17.9,65.9,1011.3,7.0,0.3,2.0,cma,30.0
202110280400,54857.0,1.0,9.0,4.0,80.0,140.0,3.0,24.7,17.9,65.9,1011.3,7.0,0.3,2.0,cma,30.0
202110280500,54857.0,1.0,9.0,4.0,80.0,140.0,3.0,24.7,17.9,65.9,1011.3,7.0,0.3,2.0,cma,30.0
202110280600,54857.0,1.0,9.0,4.0,80.0,140.0,3.0,24.7,17.9,65.9,1011.3,7.0,0.3,2.0,cma,30.0
202110280700,54857.0,1.0,9.0,4.0,80.0,140.0,3.0,24.7,17.9,65.9,1011.3,7.0,0.3,2.0,cma,30.0
202110280800,54857.0,1.0,9.0,4.0,80.0,140.0,3.0,24.7,17.9,65.9,1011.3,7.0,0.3,2.0,cma,30.0
202110280900,54857.0,1.0,9.0,4.0,80.0,140.0,3.0,24.7,17.9,65.9,1011.3,7.0,0.3,2.0,cma,30.0
202110281000,54857.0,1.0,9.0,4.0,80.0,140.0,3.0,24.7,17.9,65.9,1011.3,7.0,0.3,2.0,cma,30.0
202110281100,54857.0,1.0,9.0,4.0,80.0,140.0,3.0,24.7,17.9,65.9,1011.3,7.0,0.3,2.0,cma,30.0
202110281200,54857.0,1.0,9.0,4.0,80.0,140.0,3.0,24.7,17.9,65.9,1011.3,7.0,0.3,2.0,cma,30.0
202110281300,54857.0,1.0,9.0,4.0,80.0,140.0,3.0,24.7,17.9,65.9,1011.3,7.0,0.3,2.0,cma,30.0
202110281400,54857.0,1.0,9.0,4.0,80.0,140.0,3.0,24.7,17.9,65.9,1011.3,7.0,0.3,2.0,cma,30.0
202110281500,54857.0,1.0,9.0,4.0,80.0,140.0,3.0,24.7,17.9,65.9,1011.3,7.0,0.3,2.0,cma,30.0
202110281600,54857.0,1.0,9.0,4.0,80.0,140.0,3.0,24.7,17.9,65.9,1011.3,7.0,0.3,2.0,cma,30.0
202110281700,54857.0,1.0,9.0,4.0,80.0,140.0,3.0,24.7,17.9,65.9,1011.3,7.0,0.3,2.0,cma,30.0
202110281800,54857.0,1.0,9.0,4.0,80.0,140.0,3.0,24.7,17.9,65.9,1011.3,7.0,0.3,2.0,cma,30.0
202110281900,54857.0,1.0,9.0,4.0,80.0,140.0,3.0,24.7,17.9,65.9,1011.3,7.0,0.3,2.0,cma,30.0
202110282000,54857.0,1.0,9.0,4.0,80.0,140.0,3.0,24.7,17.9,65.9,1011.3,7.0,0.3,2.0,cma,30.0
202110282100,54857.0,1.0,9.0,4.0,80.0,140.0,3.0,24.7,17.9,65.9,1011.3,7.0,0.3,2.0,cma,30.0
202110282200,54857.0,1.0,9.0,4.0,80.0,140.0,3.0,24.7,17.9,65.9,1011.3,7.0,0.3,2.0,cma,30.0
202110282300,54857.0,1.0,9.0,4.0,80.0,140.0,3.0,24.7,17.9,65.9,1011.3,7.0,0.3,2.0,cma,30.0
202110290000,54857.0,1.0,9.0,4.0,80.0,140.0,3.0,24.7,17.9,65.9,1011.3,7.0,0.3,2.0,cma,30.0
202110290100,54857.0,1.0,9.0,4.0,80.0,140.0,3.0,24.7,17.9,65.9,1011.3,7.0,0.3,2.0,cma,30.0
202110290200,54857.0,1.0,9.0,4.0,80.0,140.0,3.0,24.7,17.9,65.9,1011.3,7.0,0.3,2.0,cma,30.0
202110290300,54857.0,1.0,9.0,4.0,80.0,140.0,3.0,24.7,17.9,65.9,1011.3,7.0,0.3,2.0,cma,30.0
202110290400,54857.0,1.0,9.0,4.0,80.0,140.0,3.0,24.7,17.9,65.9,1011.3,7.0,0.3,2.0,cma,30.0
202110290500,54857.0,1.0,9.0,4.0,80.0,140.0,3.0,24.7,17.9,65.9,1011.3,7.0,0.3,2.0,cma,30.0
202110290600,54857.0,1.0,9.0,4.0,80.0,140.0,3.0,24.7,17.9,65.9,1011.3,7.0,0.3,2.0,cma,30.0
202110290700,54857.0,1.0,9.0,4.0,80.0,140.0,3.0,24.7,17.9,65.9,1011.3,7.0,0.3,2.0,cma,30.0
202110290800,54857.0,1.0,9.0,4.0,80.0,140.0,3.0,24.7,17.9,65.9,1011.3,7.0,0.3,2.0,cma,30.0
202110290900,54857.0,1.0,9.0,4.0,80.0,140.0,3.0,24.7,17.9,65.9,1011.3,7.0,0.3,2.0,cma,30.0
202110291000,54857.0,1.0,9.0,4.0,80.0,140.0,3.0,24.7,17.9,65.9,1011.3,7.0,0.3,2.0,cma,30.0
202110291100,54857.0,1.0,9.0,4.0,80.0,140.0,3.0,24.7,17.9,65.9,1011.3,7.0,0.3,2.0,cma,30.0
202110291200,54857.0,1.0,9.0,4.0,80.0,140.0,3.0,24.7,17.9,65.9,1011.3,7.0,0.3,2.0,cma,30.0
202110291300,54857.0,1.0,9.0,4.0,80.0,140.0,3.0,24.7,17.9,65.9,1011.3,7.0,0.3,2.0,cma,30.0
202110291400,54857.0,1.0,9.0,4.0,80.0,140.0,3.0,24.7,17.9,65.9,1011.3,7.0,0.3,2.0,cma,30.0
202110291500,54857.0,1.0,9.0,4.0,80.0,140.0,3.0,24.7,17.9,65.9,1011.3,7.0,0.3,2.0,cma,30.0
202110291600,54857.0,1.0,9.0,4.0,80.0,140.0,3.0,24.7,17.9,65.9,1011.3,7.0,0.3,2.0,cma,30.0
202110291700,54857.0,1.0,9.0,4.0,80.0,140.0,3.0,24.7,17.9,65.9,1011.3,7.0,0.3,2.0,cma,30.0
202110291800,54857.0,1.0,9.0,4.0,80.0,140.0,3.0,24.7,17.9,65.9,1011.3,7.0,0.3,2.0,cma,30.0
202110291900,54857.0,1.0,9.0,4.0,80.0,140.0,3.0,24.7,17.9,65.9,1011.3,7.0,0.3,2.0,cma,30.0
202110292000,54857.0,1.0,9.0,4.0,80.0,140.0,3.0,24.7,17.9,65.9,1011.3,7.0,0.3,2.0,cma,30.0
202110292100,54857.0,1.0,9.0,4.0,80.0,140.0,3.0,24.7,17.9,65.9,1011.3,7.0,0.3,2.0,cma,30.0
202110292200,54857.0,1.0,9.0,4.0,80.0,140.0,3.0,24.7,17.9,65.9,1011.3,7.0,0.3,2.0,cma,30.0
202110292300,54857.0,1.0,9.0,4.0,80.0,140.0,3.0,24.7,17.9,65.9,1011.3,7.0,0.3,2.0,cma,30.0
202110300000,54857.0,1.0,9.0,4.0,80.0,140.0,3.0,24.7,17.9,65.9,1011.3,7.0,0.3,2.0,cma,30.0
202110300100,54857.0,1.0,9.0,4.0,80.0,140.0,3.0,24.7,17.9,65.9,1011.3,7.0,0.3,2.0,cma,30.0
202110300200,54857.0,1.0,9.0,4.0,80.0,140.0,3.0,24.7,17.9,65.9,1011.3,7.0,0.3,2.0,cma,30.0
202110300300,54857.0,1.0,9.0,4.0,80.0,140.0,3.0,24.7,17.9,65.9,1011.3,7.0,0.3,2.0,cma,30.0
202110300400,54857.0,1.0,9.0,4.0,80.0,140.0,3.0,24.7,17.9,65.9,1011.3,7.0,0.3,2.0,cma,30.0
202110300500,54857.0,1.0,9.0,4.0,80.0,140.0,3.0,24.7,17.9,65.9,1011.3,7.0,0.3,2.0,cma,30.0
202110300600,54857.0,1.0,9.0,4.0,80.0,140.0,3.0,24.7,17.9,65.9,1011.3,7.0,0.3,2.0,cma,30.0
202110300700,54857.0,1.0,9.0,4.0,80.0,140.0,3.0,24.7,17.9,65.9,1011.3,7.0,0.3,2.0,cma,30.0
202110300800,54857.0,1.0,9.0,4.0,80.0,140.0,3.0,24.7,17.9,65.9,1011.3,7.0,0.3,2.0,cma,30.0
202110300900,54857.0,1.0,9.0,4.0,80.0,140.0,3.0,24.7,17.9,65.9,1011.3,7.0,0.3,2.0,cma,30.0
202110301000,54857.0,1.0,9.0,4.0,80.0,140.0,3.0,24.7,17.9,65.9,1011.3,7.0,0.3,2.0,cma,30.0
202110301100,54857.0,1.0,9.0,4.0,80.0,140.0,3.0,24.7,17.9,65.9,1011.3,7.0,0.3,2.0,cma,30.0
202110301200,54857.0,1.0,9.0,4.0,80.0,140.0,3.0,24.7,17.9,65.9,1011.3,7.0,0.3,2.0,cma,30.0
202110301300,54857.0,1.0,9.0,4.0,80.0,140.0,3.0,24.7,17.9,65.9,1011.3,7.0,0.3,2.0,cma,30.0
202110301400,54857.0,1.0,9.0,4.0,80.0,140.0,3.0,24.7,17.9,65.9,1011.3,7.0,0.3,2.0,cma,30.0
202110301500,54857.0,1.0,9.0,4.0,80.0,140.0,3.0,24.7,17.9,65.9,1011.3,7.0,0.3,2.0,cma,30.0
202110301600,54857.0,1.0,9.0,4.0,80.0,140.0,3.0,24.7,17.9,65.9,1011.3,7.0,0.3,2.0,cma,30.0
202110301700,54857.0,1.0,9.0,4.0,80.0,140.0,3.0,24.7,17.9,65.9,1011.3,7.0,0.3,2.0,cma,30.0
202110301800,54857.0,1.0,9.0,4.0,80.0,140.0,3.0,24.7,17.9,65.9,1011.3,7.0,0.3,2.0,cma,30.0
202110301900,54857.0,1.0,9.0,4.0,80.0,140.0,3.0,24.7,17.9,65.9,1011.3,7.0,0.3,2.0,cma,30.0
202110302000,54857.0,1.0,9.0,4.0,80.0,140.0,3.0,24.7,17.9,65.9,1011.3,7.0,0.3,2.0,cma,30.0
202110302100,54857.0,1.0,9.0,4.0,80.0,140.0,3.0,24.7,17.9,65.9,1011.3,7.0,0.3,2.0,cma,30.0
202110302200,54857.0,1.0,9.0,4.0,80.0,140.0,3.0,24.7,17.9,65.9,1011.3,7.0,0.3,2.0,cma,30.0
202110302300,54857.0,1.0,9.0,4.0,80.0,140.0,3.0,24.7,17.9,65.9,1011.3,7.0,0.3,2.0,cma,30.0
202110310000,54857.0,1.0,9.0,4.0,80.0,140.0,3.0,24.7,17.9,65.9,1011.3,7.0,0.3,2.0,cma,30.0
202110310100,54857.0,1.0,9.0,4.0,80.0,140.0,3.0,24.7,17.9,65.9,1011.3,7.0,0.3,2.0,cma,30.0
202110310200,54857.0,1.0,9.0,4.0,80.0,140.0,3.0,24.7,17.9,65.9,1011.3,7.0,0.3,2.0,cma,30.0
202110310300,54857.0,1.0,9.0,4.0,80.0,140.0,3.0,24.7,17.9,65.9,1011.3,7.0,0.3,2.0,cma,30.0
202110310400,54857.0,1.0,9.0,4.0,80.0,140.0,3.0,24.7,17.9,65.9,1011.3,7.0,0.3,2.0,cma,30.0
202110310500,54857.0,1.0,9.0,4.0,80.0,140.0,3.0,24.7,17.9,65.9,1011.3,7.0,0.3,2.0,cma,30.0
202110310600,54857.0,1.0,9.0,4.0,80.0,140.0,3.0,24.7,17.9,65.9,1011.3,7.0,0.3,2.0,cma,30.0
202110310700,54857.0,1.0,9.0,4.0,80.0,140.0,3.0,24.7,17.9,65.9,1011.3,7.0,0.3,2.0,cma,30.0
202110310800,54857.0,1.0,9.0,4.0,80.0,140.0,3.0,24.7,17.9,65.9,1011.3,7.0,0.3,2.0,cma,30.0
202110310900,54857.0,1.0,9.0,4.0,80.0,140.0,3.0,24.7,17.9,65.9,1011.3,7.0,0.3,2.0,cma,30.0
202110311000,54857.0,1.0,9.0,4.0,80.0,140.0,3.0,24.7,17.9,65.9,1011.3,7.0,0.3,2.0,cma,30.0
202110311100,54857.0,1.0,9.0,4.0,80.0,140.0,3.0,24.7,17.9,65.9,1011.3,7.0,0.3,2.0,cma,30.0
202110311200,54857.0,1.0,9.0,4.0,80.0,140.0,3.0,24.7,17.9,65.9,1011.3,7.0,0.3,2.0,cma,30.0
202110311300,54857.0,1.0,9.0,4.0,80.0,140.0,3.0,24.7,17.9,65.9,1011.3,7.0,0.3,2.0,cma,30.0
202110311400,54857.0,1.0,9.0,4.0,80.0,140.0,3.0,24.7,17.9,65.9,1011.3,7.0,0.3,2.0,cma,30.0
202110311500,54857.0,1.0,9.0,4.0,80.0,140.0,3.0,24.7,17.9,65.9,1011.3,7.0,0.3,2.0,cma,30.0
202110311600,54857.0,1.0,9.0,4.0,80.0,140.0,3.0,24.7,17.9,65.9,1011.3,7.0,0.3,2.0,cma,30.0
202110311700,54857.0,1.0,9.0,4.0,80.0,140.0,3.0,24.7,17.9,65.9,1011.3,7.0,0.3,2.0,cma,30.0
202110311800,54857.0,1.0,9.0,4.0,80.0,140.0,3.0,24.7,17.9,65.9,1011.3,7.0,0.3,2.0,cma,30.0
202110311900,54857.0,1.0,9.0,4.0,80.0,140.0,3.0,24.7,17.9,65.9,1011.3,7.0,0.3,2.0,cma,30.0
202110312000,54857.0,1.0,9.0,4.0,80.0,140.0,3.0,24.7,17.9,65.9,1011.3,7.0,0.3,2.0,cma,30.0
202110312100,54857.0,1.0,9.0,4.0,80.0,140.0,3.0,24.7,17.9,65.9,1011.3,7.0,0.3,2.0,cma,30.0
202110312200,54857.0,1.0,9.0,4.0,80.0,140.0,3.0,24.7,17.9,65.9,1011.3,7.0,0.3,2.0,cma,30.0
202110312300,54857.0,1.0,9.0,4.0,80.0,140.0,3.0,24.7,17.9,65.9,1011.3,7.0,0.3,2.0,cma,30.0
202111010000,54857.0,1.0,9.0,4.0,80.0,140.0,3.0,24.7,17.9,65.9,1011.3,7.0,0.3,2.0,cma,30.0
202111010100,54857.0,1.0,9.0,4.0,80.0,140.0,3.0,24.7,17.9,65.9,1011.3,7.0,0.3,2.0,cma,30.0
202111010200,54857.0,1.0,9.0,4.0,80.0,140.0,3.0,24.7,17.9,65.9,1011.3,7.0,0.3,2.0,cma,30.0
202111010300,54857.0,1.0,9.0,4.0,80.0,140.0,3.0,24.7,17.9,65.9,1011.3,7.0,0.3,2.0,cma,30.0
202111010400,54857.0,1.0,9.0,4.0,80.0,140.0,3.0,24.7,17.9,65.9,1011.3,7.0,0.3,2.0,cma,30.0
202111010500,54857.0,1.0,9.0,4.0,80.0,140.0,3.0,24.7,17.9,65.9,1011.3,7.0,0.3,2.0,cma,30.0
202111010600,54857.0,1.0,9.0,4.0,80.0,140.0,3.0,24.7,17.9,65.9,1011.3,7.0,0.3,2.0,cma,30.0
202111010700,54857.0,1.0,9.0,4.0,80.0,140.0,3.0,24.7,17.9,65.9,1011.3,7.0,0.3,2.0,cma,30.0
202111010800,54857.0,1.0,9.0,4.0,80.0,140.0,3.0,24.7,17.9,65.9,1011.3,7.0,0.3,2.0,cma,30.0
202111010900,54857.0,1.0,9.0,4.0,80.0,140.0,3.0,24.7,17.9,65.9,1011.3,7.0,0.3,2.0,cma,30.0
202111011000,54857.0,1.0,9.0,4.0,80.0,140.0,3.0,24.7,17.9,65.9,1011.3,7.0,0.3,2.0,cma,30.0
202111011100,54857.0,1.0,9.0,4.0,80.0,140.0,3.0,24.7,17.9,65.9,1011.3,7.0,0.3,2.0,cma,30.0
202111011200,54857.0,1.0,9.0,4.0,80.0,140.0,3.0,24.7,17.9,65.9,1011.3,7.0,0.3,2.0,cma,30.0
202111011300,54857.0,1.0,9.0,4.0,80.0,140.0,3.0,24.7,17.9,65.9,1011.3,7.0,0.3,2.0,cma,30.0
202111011400,54857.0,1.0,9.0,4.0,80.0,140.0,3.0,24.7,17.9,65.9,1011.3,7.0,0.3,2.0,cma,30.0
202111011500,54857.0,1.0,9.0,4.0,80.0,140.0,3.0,24.7,17.9,65.9,1011.3,7.0,0.3,2.0,cma,30.0
202111011600,54857.0,1.0,9.0,4.0,80.0,140.0,3.0,24.7,17.9,65.9,1011.3,7.0,0.3,2.0,cma,30.0
202111011700,54857.0,1.0,9.0,4.0,80.0,140.0,3.0,24.7,17.9,65.9,1011.3,7.0,0.3,2.0,cma,30.0
202111011800,54857.0,1.0,9.0,4.0,80.0,140.0,3.0,24.7,17.9,65.9,1011.3,7.0,0.3,2.0,cma,30.0
202111011900,54857.0,1.0,9.0,4.0,80.0,140.0,3.0,24.7,17.9,65.9,1011.3,7.0,0.3,2.0,cma,30.0
202111012000,54857.0,1.0,9.0,4.0,80.0,140.0,3.0,24.7,17.9,65.9,1011.3,7.0,0.3,2.0,cma,30.0
202111012100,54857.0,1.0,9.0,4.0,80.0,140.0,3.0,24.7,17.9,65.9,1011.3,7.0,0.3,2.0,cma,30.0
202111012200,54857.0,1.0,9.0,4.0,80.0,140.0,3.0,24.7,17.9,65.9,1011.3,7.0,0.3,2.0,cma,30.0
202111012300,54857.0,1.0,9.0,4.0,80.0,140.0,3.0,24.7,17.9,65.9,1011.3,7.0,0.3,2.0,cma,30.0
202111020000,54857.0,1.0,9.0,4.0,80.0,140.0,3.0,24.7,17.9,65.9,1011.3,7.0,0.3,2.0,cma,30.0
202111020100,54857.0,1.0,9.0,4.0,80.0,140.0,3.0,24.7,17.9,65.9,1011.3,7.0,0.3,2.0,cma,30.0
202111020200,54857.0,1.0,9.0,4.0,80.0,140.0,3.0,24.7,17.9,65.9,1011.3,7.0,0.3,2.0,cma,30.0
202111020300,54857.0,1.0,9.0,4.0,80.0,140.0,3.0,24.7,17.9,65.9,1011.3,7.0,0.3,2.0,cma,30.0
202111020400,54857.0,1.0,9.0,4.0,80.0,140.0,3.0,24.7,17.9,65.9,1011.3,7.0,0.3,2.0,cma,30.0
202111020500,54857.0,1.0,9.0,4.0,80.0,140.0,3.0,24.7,17.9,65.9,1011.3,7.0,0.3,2.0,cma,30.0
202111020600,54857.0,1.0,9.0,4.0,80.0,140.0,3.0,24.7,17.9,65.9,1011.3,7.0,0.3,2.0,cma,30.0
202111020700,54857.0,1.0,9.0,4.0,80.0,140.0,3.0,24.7,17.9,65.9,1011.3,7.0,0.3,2.0,cma,30.0
202111020800,54857.0,1.0,9.0,4.0,80.0,140.0,3.0,24.7,17.9,65.9,1011.3,7.0,0.3,2.0,cma,30.0
202111020900,54857.0,1.0,9.0,4.0,80.0,140.0,3.0,24.7,17.9,65.9,1011.3,7.0,0.3,2.0,cma,30.0
202111021000,54857.0,1.0,9.0,4.0,80.0,140.0,3.0,24.7,17.9,65.9,1011.3,7.0,0.3,2.0,cma,30.0
202111021100,54857.0,1.0,9.0,4.0,80.0,140.0,3.0,24.7,17.9,65.9,1011.3,7.0,0.3,2.0,cma,30.0
202111021200,54857.0,1.0,9.0,4.0,80.0,140.0,3.0,24.7,17.9,65.9,1011.3,7.0,0.3,2.0,cma,30.0
202111021300,54857.0,1.0,9.0,4.0,80.0,140.0,3.0,24.7,17.9,65.9,1011.3,7.0,0.3,2.0,cma,30.0
202111021400,54857.0,1.0,9.0,4.0,80.0,140.0,3.0,24.7,17.9,65.9,1011.3,7.0,0.3,2.0,cma,30.0
202111021500,54857.0,1.0,9.0,4.0,80.0,140.0,3.0,24.7,17.9,65.9,1011.3,7.0,0.3,2.0,cma,30.0
202111021600,54857.0,1.0,9.0,4.0,80.0,140.0,3.0,24.7,17.9,65.9,1011.3,7.0,0.3,2.0,cma,30.0
202111021700,54857.0,1.0,9.0,4.0,80.0,140.0,3.0,24.7,17.9,65.9,1011.3,7.0,0.3,2.0,cma,30.0
202111021800,54857.0,1.0,9.0,4.0,80.0,140.0,3.0,24.7,17.9,65.9,1011.3,7.0,0.3,2.0,cma,30.0
202111021900,54857.0,1.0,9.0,4.0,80.0,140.0,3.0,24.7,17.9,65.9,1011.3,7.0,0.3,2.0,cma,30.0
202111022000,54857.0,1.0,9.0,4.0,80.0,140.0,3.0,24.7,17.9,65.9,1011.3,7.0,0.3,2.0,cma,30.0
202111022100,54857.0,1.0,9.0,4.0,80.0,140.0,3.0,24.7,17.9,65.9,1011.3,7.0,0.3,2.0,cma,30.0
202111022200,54857.0,1.0,9.0,4.0,80.0,140.0,3.0,24.7,17.9,65.9,1011.3,7.0,0.3,2.0,cma,30.0
202111022300,54857.0,1.0,9.0,4.0,80.0,140.0,3.0,24.7,17.9,65.9,1011.3,7.0,0.3,2.0,cma,30.0
202111030000,54857.0,1.0,9.0,4.0,80.0,140.0,3.0,24.7,17.9,65.9,1011.3,7.0,0.3,2.0,cma,30.0
202111030100,54857.0,1.0,9.0,4.0,80.0,140.0,3.0,24.7,17.9,65.9,1011.3,7.0,0.3,2.0,cma,30.0
202111030200,54857.0,1.0,9.0,4.0,80.0,140.0,3.0,24.7,17.9,65.9,1011.3,7.0,0.3,2.0,cma,30.0
202111030300,54857.0,1.0,9.0,4.0,80.0,140.0,3.0,24.7,17.9,65.9,1011.3,7.0,0.3,2.0,cma,30.0
202111030400,54857.0,1.0,9.0,4.0,80.0,140.0,3.0,24.7,17.9,65.9,1011.3,7.0,0.3,2.0,cma,30.0
202111030500,54857.0,1.0,9.0,4.0,80.0,140.0,3.0,24.7,17.9,65.9,1011.3,7.0,0.3,2.0,cma,30.0
202111030600,54857.0,1.0,9.0,4.0,80.0,140.0,3.0,24.7,17.9,65.9,1011.3,7.0,0.3,2.0,cma,30.0
202111030700,54857.0,1.0,9.0,4.0,80.0,140.0,3.0,24.7,17.9,65.9,1011.3,7.0,0.3,2.0,cma,30.0
202111030800,54857.0,1.0,9.0,4.0,80.0,140.0,3.0,24.7,17.9,65.9,1011.3,7.0,0.3,2.0,cma,30.0
202111030900,54857.0,1.0,9.0,4.0,80.0,140.0,3.0,24.7,17.9,65.9,1011.3,7.0,0.3,2.0,cma,30.0
202111031000,54857.0,1.0,9.0,4.0,80.0,140.0,3.0,24.7,17.9,65.9,1011.3,7.0,0.3,2.0,cma,30.0
202111031100,54857.0,1.0,9.0,4.0,80.0,140.0,3.0,24.7,17.9,65.9,1011.3,7.0,0.3,2.0,cma,30.0
202111031200,54857.0,1.0,9.0,4.0,80.0,140.0,3.0,24.7,17.9,65.9,1011.3,7.0,0.3,2.0,cma,30.0
202111031300,54857.0,1.0,9.0,4.0,80.0,140.0,3.0,24.7,17.9,65.9,1011.3,7.0,0.3,2.0,cma,30.0
202111031400,54857.0,1.0,9.0,4.0,80.0,140.0,3.0,24.7,17.9,65.9,1011.3,7.0,0.3,2.0,cma,30.0
202111031500,54857.0,1.0,9.0,4.0,80.0,140.0,3.0,24.7,17.9,65.9,1011.3,7.0,0.3,2.0,cma,30.0
202111031600,54857.0,1.0,9.0,4.0,80.0,140.0,3.0,24.7,17.9,65.9,1011.3,7.0,0.3,2.0,cma,30.0
202111031700,54857.0,1.0,9.0,4.0,80.0,140.0,3.0,24.7,17.9,65.9,1011.3,7.0,0.3,2.0,cma,30.0
202111031800,54857.0,1.0,9.0,4.0,80.0,140.0,3.0,24.7,17.9,65.9,1011.3,7.0,0.3,2.0,cma,30.0
202111031900,54857.0,1.0,9.0,4.0,80.0,140.0,3.0,24.7,17.9,65.9,1011.3,7.0,0.3,2.0,cma,30.0
202111032000,54857.0,1.0,9.0,4.0,80.0,140.0,3.0,24.7,17.9,65.9,1011.3,7.0,0.3,2.0,cma,30.0
202111032100,54857.0,1.0,9.0,4.0,80.0,140.0,3.0,24.7,17.9,65.9,1011.3,7.0,0.3,2.0,cma,30.0
202111032200,54857.0,1.0,9.0,4.0,80.0,140.0,3.0,24.7,17.9,65.9,1011.3,7.0,0.3,2.0,cma,30.0
202111032300,54857.0,1.0,9.0,4.0,80.0,140.0,3.0,24.7,17.9,65.9,1011.3,7.0,0.3,2.0,cma,30.0
202111040000,54857.0,1.0,9.0,4.0,80.0,140.0,3.0,24.7,17.9,65.9,1011.3,7.0,0.3,2.0,cma,30.0
202111040100,54857.0,1.0,9.0,4.0,80.0,140.0,3.0,24.7,17.9,65.9,1011.3,7.0,0.3,2.0,cma,30.0
202111040200,54857.0,1.0,9.0,4.0,80.0,140.0,3.0,24.7,17.9,65.9,1011.3,7.0,0.3,2.0,cma,30.0
202111040300,54857.0,1.0,9.0,4.0,80.0,140.0,3.0,24.7,17.9,65.9,1011.3,7.0,0.3,2.0,cma,30.0
202111040400,54857.0,1.0,9.0,4.0,80.0,140.0,3.0,24.7,17.9,65.9,1011.3,7.0,0.3,2.0,cma,30.0
202111040500,54857.0,1.0,9.0,4.0,80.0,140.0,3.0,24.7,17.9,65.9,1011.3,7.0,0.3,2.0,cma,30.0
202111040600,54857.0,1.0,9.0,4.0,80.0,140.0,3.0,24.7,17.9,65.9,1011.3,7.0,0.3,2.0,cma,30.0
202111040700,54857.0,1.0,9.0,4.0,80.0,140.0,3.0,24.7,17.9,65.9,1011.3,7.0,0.3,2.0,cma,30.0
202111040800,54857.0,1.0,9.0,4.0,80.0,140.0,3.0,24.7,17.9,65.9,1011.3,7.0,0.3,2.0,cma,30.0
202111040900,54857.0,1.0,9.0,4.0,80.0,140.0,3.0,24.7,17.9,65.9,1011.3,7.0,0.3,2.0,cma,30.0
202111041000,54857.0,1.0,9.0,4.0,80.0,140.0,3.0,24.7,17.9,65.9,1011.3,7.0,0.3,2.0,cma,30.0
202111041100,54857.0,1.0,9.0,4.0,80.0,140.0,3.0,24.7,17.9,65.9,1011.3,7.0,0.3,2.0,cma,30.0
202111041200,54857.0,1.0,9.0,4.0,80.0,140.0,3.0,24.7,17.9,65.9,1011.3,7.0,0.3,2.0,cma,30.0
202111041300,54857.0,1.0,9.0,4.0,80.0,140.0,3.0,24.7,17.9,65.9,1011.3,7.0,0.3,2.0,cma,30.0
202111041400,54857.0,1.0,9.0,4.0,80.0,140.0,3.0,24.7,17.9,65.9,1011.3,7.0,0.3,2.0,cma,30.0
202111041500,54857.0,1.0,9.0,4.0,80.0,140.0,3.0,24.7,17.9,65.9,1011.3,7.0,0.3,2.0,cma,30.0
202111041600,54857.0,1.0,9.0,4.0,80.0,140.0,3.0,24.7,17.9,65.9,1011.3,7.0,0.3,2.0,cma,30.0
202111041700,54857.0,1.0,9.0,4.0,80.0,140.0,3.0,24.7,17.9,65.9,1011.3,7.0,0.3,2.0,cma,30.0
202111041800,54857.0,1.0,9.0,4.0,80.0,140.0,3.0,24.7,17.9,65.9,1011.3,7.0,0.3,2.0,cma,30.0
202111041900,54857.0,1.0,9.0,4.0,80.0,140.0,3.0,24.7,17.9,65.9,1011.3,7.0,0.3,2.0,cma,30.0
202111042000,54857.0,1.0,9.0,4.0,80.0,140.0,3.0,24.7,17.9,65.9,1011.3,7.0,0.3,2.0,cma,30.0
202111042100,54857.0,1.0,9.0,4.0,80.0,140.0,3.0,24.7,17.9,65.9,1011.3,7.0,0.3,2.0,cma,30.0
202111042200,54857.0,1.0,9.0,4.0,80.0,140.0,3.0,24.7,17.9,65.9,1011.3,7.0,0.3,2.0,cma,30.0
202111042300,54857.0,1.0,9.0,4.0,80.0,140.0,3.0,24.7,17.9,65.9,1011.3,7.0,0.3,2.0,cma,30.0
202111050000,54857.0,1.0,9.0,4.0,80.0,140.0,3.0,24.7,17.9,65.9,1011.3,7.0,0.3,2.0,cma,30.0
202111050100,54857.0,1.0,9.0,4.0,80.0,140.0,3.0,24.7,17.9,65.9,1011.3,7.0,0.3,2.0,cma,30.0
202111050200,54857.0,1.0,9.0,4.0,80.0,140.0,3.0,24.7,17.9,65.9,1011.3,7.0,0.3,2.0,cma,30.0
202111050300,54857.0,1.0,9.0,4.0,80.0,140.0,3.0,24.7,17.9,65.9,1011.3,7.0,0.3,2.0,cma,30.0
202111050400,54857.0,1.0,9.0,4.0,80.0,140.0,3.0,24.7,17.9,65.9,1011.3,7.0,0.3,2.0,cma,30.0
202111050500,54857.0,1.0,9.0,4.0,80.0,140.0,3.0,24.7,17.9,65.9,1011.3,7.0,0.3,2.0,cma,30.0
202111050600,54857.0,1.0,9.0,4.0,80.0,140.0,3.0,24.7,17.9,65.9,1011.3,7.0,0.3,2.0,cma,30.0
202111050700,54857.0,1.0,9.0,4.0,80.0,140.0,3.0,24.7,17.9,65.9,1011.3,7.0,0.3,2.0,cma,30.0
202111050800,54857.0,1.0,9.0,4.0,80.0,140.0,3.0,24.7,17.9,65.9,1011.3,7.0,0.3,2.0,cma,30.0
202111050900,54857.0,1.0,9.0,4.0,80.0,140.0,3.0,24.7,17.9,65.9,1011.3,7.0,0.3,2.0,cma,30.0
202111051000,54857.0,1.0,9.0,4.0,80.0,140.0,3.0,24.7,17.9,65.9,1011.3,7.0,0.3,2.0,cma,30.0
202111051100,54857.0,1.0,9.0,4.0,80.0,140.0,3.0,24.7,17.9,65.9,1011.3,7.0,0.3,2.0,cma,30.0
202111051200,54857.0,1.0,9.0,4.0,80.0,140.0,3.0,24.7,17.9,65.9,1011.3,7.0,0.3,2.0,cma,30.0
202111051300,54857.0,1.0,9.0,4.0,80.0,140.0,3.0,24.7,17.9,65.9,1011.3,7.0,0.3,2.0,cma,30.0
202111051400,54857.0,1.0,9.0,4.0,80.0,140.0,3.0,24.7,17.9,65.9,1011.3,7.0,0.3,2.0,cma,30.0
202111051500,54857.0,1.0,9.0,4.0,80.0,140.0,3.0,24.7,17.9,65.9,1011.3,7.0,0.3,2.0,cma,30.0
202111051600,54857.0,1.0,9.0,4.0,80.0,140.0,3.0,24.7,17.9,65.9,1011.3,7.0,0.3,2.0,cma,30.0
202111051700,54857.0,1.0,9.0,4.0,80.0,140.0,3.0,24.7,17.9,65.9,1011.3,7.0,0.3,2.0,cma,30.0
202111051800,54857.0,1.0,9.0,4.0,80.0,140.0,3.0,24.7,17.9,65.9,1011.3,7.0,0.3,2.0,cma,30.0
202111051900,54857.0,1.0,9.0,4.0,80.0,140.0,3.0,24.7,17.9,65.9,1011.3,7.0,0.3,2.0,cma,30.0
202111052000,54857.0,1.0,9.0,4.0,80.0,140.0,3.0,24.7,17.9,65.9,1011.3,7.0,0.3,2.0,cma,30.0
202111052100,54857.0,1.0,9.0,4.0,80.0,140.0,3.0,24.7,17.9,65.9,1011.3,7.0,0.3,2.0,cma,30.0
202111052200,54857.0,1.0,9.0,4.0,80.0,140.0,3.0,24.7,17.9,65.9,1011.3,7.0,0.3,2.0,cma,30.0
202111052300,54857.0,1.0,9.0,4.0,80.0,140.0,3.0,24.7,17.9,65.9,1011.3,7.0,0.3,2.0,cma,30.0
202111060000,54857.0,1.0,9.0,4.0,80.0,140.0,3.0,24.7,17.9,65.9,1011.3,7.0,0.3,2.0,cma,30.0
202111060100,54857.0,1.0,9.0,4.0,80.0,140.0,3.0,24.7,17.9,65.9,1011.3,7.0,0.3,2.0,cma,30.0
202111060200,54857.0,1.0,9.0,4.0,80.0,140.0,3.0,24.7,17.9,65.9,1011.3,7.0,0.3,2.0,cma,30.0
202111060300,54857.0,1.0,9.0,4.0,80.0,140.0,3.0,24.7,17.9,65.9,1011.3,7.0,0.3,2.0,cma,30.0
202111060400,54857.0,1.0,9.0,4.0,80.0,140.0,3.0,24.7,17.9,65.9,1011.3,7.0,0.3,2.0,cma,30.0
202111060500,54857.0,1.0,9.0,4.0,80.0,140.0,3.0,24.7,17.9,65.9,1011.3,7.0,0.3,2.0,cma,30.0
202111060600,54857.0,1.0,9.0,4.0,80.0,140.0,3.0,24.7,17.9,65.9,1011.3,7.0,0.3,2.0,cma,30.0
202111060700,54857.0,1.0,9.0,4.0,80.0,140.0,3.0,24.7,17.9,65.9,1011.3,7.0,0.3,2.0,cma,30.0
202111060800,54857.0,1.0,9.0,4.0,80.0,140.0,3.0,24.7,17.9,65.9,1011.3,7.0,0.3,2.0,cma,30.0
202111060900,54857.0,1.0,9.0,4.0,80.0,140.0,3.0,24.7,17.9,65.9,1011.3,7.0,0.3,2.0,cma,30.0
202111061000,54857.0,1.0,9.0,4.0,80.0,140.0,3.0,24.7,17.9,65.9,1011.3,7.0,0.3,2.0,cma,30.0
202111061100,54857.0,1.0,9.0,4.0,80.0,140.0,3.0,24.7,17.9,65.9,1011.3,7.0,0.3,2.0,cma,30.0
202111061200,54857.0,1.0,9.0,4.0,80.0,140.0,3.0,24.7,17.9,65.9,1011.3,7.0,0.3,2.0,cma,30.0
202111061300,54857.0,1.0,9.0,4.0,80.0,140.0,3.0,24.7,17.9,65.9,1011.3,7.0,0.3,2.0,cma,30.0
202111061400,54857.0,1.0,9.0,4.0,80.0,140.0,3.0,24.7,17.9,65.9,1011.3,7.0,0.3,2.0,cma,30.0
202111061500,54857.0,1.0,9.0,4.0,80.0,140.0,3.0,24.7,17.9,65.9,1011.3,7.0,0.3,2.0,cma,30.0
202111061600,54857.0,1.0,9.0,4.0,80.0,140.0,3.0,24.7,17.9,65.9,1011.3,7.0,0.3,2.0,cma,30.0
202111061700,54857.0,1.0,9.0,4.0,80.0,140.0,3.0,24.7,17.9,65.9,1011.3,7.0,0.3,2.0,cma,30.0
202111061800,54857.0,1.0,9.0,4.0,80.0,140.0,3.0,24.7,17.9,65.9,1011.3,7.0,0.3,2.0,cma,30.0
202111061900,54857.0,1.0,9.0,4.0,80.0,140.0,3.0,24.7,17.9,65.9,1011.3,7.0,0.3,2.0,cma,30.0
202111062000,54857.0,1.0,9.0,4.0,80.0,140.0,3.0,24.7,17.9,65.9,1011.3,7.0,0.3,2.0,cma,30.0
202111062100,54857.0,1.0,9.0,4.0,80.0,140.0,3.0,24.7,17.9,65.9,1011.3,7.0,0.3,2.0,cma,30.0
202111062200,54857.0,1.0,9.0,4.0,80.0,140.0,3.0,24.7,17.9,65.9,1011.3,7.0,0.3,2.0,cma,30.0
202111062300,54857.0,1.0,9.0,4.0,80.0,140.0,3.0,24.7,17.9,65.9,1011.3,7.0,0.3,2.0,cma,30.0
202111070000,54857.0,1.0,9.0,4.0,80.0,140.0,3.0,24.7,17.9,65.9,1011.3,7.0,0.3,2.0,cma,30.0
202111070100,54857.0,1.0,9.0,4.0,80.0,140.0,3.0,24.7,17.9,65.9,1011.3,7.0,0.3,2.0,cma,30.0
202111070200,54857.0,1.0,9.0,4.0,80.0,140.0,3.0,24.7,17.9,65.9,1011.3,7.0,0.3,2.0,cma,30.0
202111070300,54857.0,1.0,9.0,4.0,80.0,140.0,3.0,24.7,17.9,65.9,1011.3,7.0,0.3,2.0,cma,30.0
202111070400,54857.0,1.0,9.0,4.0,80.0,140.0,3.0,24.7,17.9,65.9,1011.3,7.0,0.3,2.0,cma,30.0
202111070500,54857.0,1.0,9.0,4.0,80.0,140.0,3.0,24.7,17.9,65.9,1011.3,7.0,0.3,2.0,cma,30.0
202111070600,54857.0,1.0,9.0,4.0,80.0,140.0,3.0,24.7,17.9,65.9,1011.3,7.0,0.3,2.0,cma,30.0
202111070700,54857.0,1.0,9.0,4.0,80.0,140.0,3.0,24.7,17.9,65.9,1011.3,7.0,0.3,2.0,cma,30.0
202111070800,54857.0,1.0,9.0,4.0,80.0,140.0,3.0,24.7,17.9,65.9,1011.3,7.0,0.3,2.0,cma,30.0
202111070900,54857.0,1.0,9.0,4.0,80.0,140.0,3.0,24.7,17.9,65.9,1011.3,7.0,0.3,2.0,cma,30.0
202111071000,54857.0,1.0,9.0,4.0,80.0,140.0,3.0,24.7,17.9,65.9,1011.3,7.0,0.3,2.0,cma,30.0
202111071100,54857.0,1.0,9.0,4.0,80.0,140.0,3.0,24.7,17.9,65.9,1011.3,7.0,0.3,2.0,cma,30.0
202111071200,54857.0,1.0,9.0,4.0,80.0,140.0,3.0,24.7,17.9,65.9,1011.3,7.0,0.3,2.0,cma,30.0
202111071300,54857.0,1.0,9.0,4.0,80.0,140.0,3.0,24.7,17.9,65.9,1011.3,7.0,0.3,2.0,cma,30.0
202111071400,54857.0,1.0,9.0,4.0,80.0,140.0,3.0,24.7,17.9,65.9,1011.3,7.0,0.3,2.0,cma,30.0
202111071500,54857.0,1.0,9.0,4.0,80.0,140.0,3.0,24.7,17.9,65.9,1011.3,7.0,0.3,2.0,cma,30.0
202111071600,54857.0,1.0,9.0,4.0,80.0,140.0,3.0,24.7,17.9,65.9,1011.3,7.0,0.3,2.0,cma,30.0
202111071700,54857.0,1.0,9.0,4.0,80.0,140.0,3.0,24.7,17.9,65.9,1011.3,7.0,0.3,2.0,cma,30.0
202111071800,54857.0,1.0,9.0,4.0,80.0,140.0,3.0,24.7,17.9,65.9,1011.3,7.0,0.3,2.0,cma,30.0
202111071900,54857.0,1.0,9.0,4.0,80.0,140.0,3.0,24.7,17.9,65.9,1011.3,7.0,0.3,2.0,cma,30.0
202111072000,54857.0,1.0,9.0,4.0,80.0,140.0,3.0,24.7,17.9,65.9,1011.3,7.0,0.3,2.0,cma,30.0
202111072100,54857.0,1.0,9.0,4.0,80.0,140.0,3.0,24.7,17.9,65.9,1011.3,7.0,0.3,2.0,cma,30.0
202111072200,54857.0,1.0,9.0,4.0,80.0,140.0,3.0,24.7,17.9,65.9,1011.3,7.0,0.3,2.0,cma,30.0
202111072300,54857.0,1.0,9.0,4.0,80.0,140.0,3.0,24.7,17.9,65.9,1011.3,7.0,0.3,2.0,cma,30.0
202111080000,54857.0,1.0,9.0,4.0,80.0,140.0,3.0,24.7,17.9,65.9,1011.3,7.0,0.3,2.0,cma,30.0
202111080100,54857.0,1.0,9.0,4.0,80.0,140.0,3.0,24.7,17.9,65.9,1011.3,7.0,0.3,2.0,cma,30.0
202111080200,54857.0,1.0,9.0,4.0,80.0,140.0,3.0,24.7,17.9,65.9,1011.3,7.0,0.3,2.0,cma,30.0
202111080300,54857.0,1.0,9.0,4.0,80.0,140.0,3.0,24.7,17.9,65.9,1011.3,7.0,0.3,2.0,cma,30.0
202111080400,54857.0,1.0,9.0,4.0,80.0,140.0,3.0,24.7,17.9,65.9,1011.3,7.0,0.3,2.0,cma,30.0
202111080500,54857.0,1.0,9.0,4.0,80.0,140.0,3.0,24.7,17.9,65.9,1011.3,7.0,0.3,2.0,cma,30.0
202111080600,54857.0,1.0,9.0,4.0,80.0,140.0,3.0,24.7,17.9,65.9,1011.3,7.0,0.3,2.0,cma,30.0
202111080700,54857.0,1.0,9.0,4.0,80.0,140.0,3.0,24.7,17.9,65.9,1011.3,7.0,0.3,2.0,cma,30.0
202111080800,54857.0,1.0,9.0,4.0,80.0,140.0,3.0,24.7,17.9,65.9,1011.3,7.0,0.3,2.0,cma,30.0
202111080900,54857.0,1.0,9.0,4.0,80.0,140.0,3.0,24.7,17.9,65.9,1011.3,7.0,0.3,2.0,cma,30.0
202111081000,54857.0,1.0,9.0,4.0,80.0,140.0,3.0,24.7,17.9,65.9,1011.3,7.0,0.3,2.0,cma,30.0
202111081100,54857.0,1.0,9.0,4.0,80.0,140.0,3.0,24.7,17.9,65.9,1011.3,7.0,0.3,2.0,cma,30.0
202111081200,54857.0,1.0,9.0,4.0,80.0,140.0,3.0,24.7,17.9,65.9,1011.3,7.0,0.3,2.0,cma,30.0
202111081300,54857.0,1.0,9.0,4.0,80.0,140.0,3.0,24.7,17.9,65.9,1011.3,7.0,0.3,2.0,cma,30.0
202111081400,54857.0,1.0,9.0,4.0,80.0,140.0,3.0,24.7,17.9,65.9,1011.3,7.0,0.3,2.0,cma,30.0
202111081500,54857.0,1.0,9.0,4.0,80.0,140.0,3.0,24.7,17.9,65.9,1011.3,7.0,0.3,2.0,cma,30.0
202111081600,54857.0,1.0,9.0,4.0,80.0,140.0,3.0,24.7,17.9,65.9,1011.3,7.0,0.3,2.0,cma,30.0
202111081700,54857.0,1.0,9.0,4.0,80.0,140.0,3.0,24.7,17.9,65.9,1011.3,7.0,0.3,2.0,cma,30.0
202111081800,54857.0,1.0,9.0,4.0,80.0,140.0,3.0,24.7,17.9,65.9,1011.3,7.0,0.3,2.0,cma,30.0
202111081900,54857.0,1.0,9.0,4.0,80.0,140.0,3.0,24.7,17.9,65.9,1011.3,7.0,0.3,2.0,cma,30.0
202111082000,54857.0,1.0,9.0,4.0,80.0,140.0,3.0,24.7,17.9,65.9,1011.3,7.0,0.3,2.0,cma,30.0
202111082100,54857.0,1.0,9.0,4.0,80.0,140.0,3.0,24.7,17.9,65.9,1011.3,7.0,0.3,2.0,cma,30.0
202111082200,54857.0,1.0,9.0,4.0,80.0,140.0,3.0,24.7,17.9,65.9,1011.3,7.0,0.3,2.0,cma,30.0
202111082300,54857.0,1.0,9.0,4.0,80.0,140.0,3.0,24.7,17.9,65.9,1011.3,7.0,0.3,2.0,cma,30.0
202111090000,54857.0,1.0,9.0,4.0,80.0,140.0,3.0,24.7,17.9,65.9,1011.3,7.0,0.3,2.0,cma,30.0
202111090100,54857.0,1.0,9.0,4.0,80.0,140.0,3.0,24.7,17.9,65.9,1011.3,7.0,0.3,2.0,cma,30.0
202111090200,54857.0,1.0,9.0,4.0,80.0,140.0,3.0,24.7,17.9,65.9,1011.3,7.0,0.3,2.0,cma,30.0
202111090300,54857.0,1.0,9.0,4.0,80.0,140.0,3.0,24.7,17.9,65.9,1011.3,7.0,0.3,2.0,cma,30.0
202111090400,54857.0,1.0,9.0,4.0,80.0,140.0,3.0,24.7,17.9,65.9,1011.3,7.0,0.3,2.0,cma,30.0
202111090500,54857.0,1.0,9.0,4.0,80.0,140.0,3.0,24.7,17.9,65.9,1011.3,7.0,0.3,2.0,cma,30.0
202111090600,54857.0,1.0,9.0,4.0,80.0,140.0,3.0,24.7,17.9,65.9,1011.3,7.0,0.3,2.0,cma,30.0
202111090700,54857.0,1.0,9.0,4.0,80.0,140.0,3.0,24.7,17.9,65.9,1011.3,7.0,0.3,2.0,cma,30.0
202111090800,54857.0,1.0,9.0,4.0,80.0,140.0,3.0,24.7,17.9,65.9,1011.3,7.0,0.3,2.0,cma,30.0
202111090900,54857.0,1.0,9.0,4.0,80.0,140.0,3.0,24.7,17.9,65.9,1011.3,7.0,0.3,2.0,cma,30.0
202111091000,54857.0,1.0,9.0,4.0,80.0,140.0,3.0,24.7,17.9,65.9,1011.3,7.0,0.3,2.0,cma,30.0
202111091100,54857.0,1.0,9.0,4.0,80.0,140.0,3.0,24.7,17.9,65.9,1011.3,7.0,0.3,2.0,cma,30.0
202111091200,54857.0,1.0,9.0,4.0,80.0,140.0,3.0,24.7,17.9,65.9,1011.3,7.0,0.3,2.0,cma,30.0
202111091300,54857.0,1.0,9.0,4.0,80.0,140.0,3.0,24.7,17.9,65.9,1011.3,7.0,0.3,2.0,cma,30.0
202111091400,54857.0,1.0,9.0,4.0,80.0,140.0,3.0,24.7,17.9,65.9,1011.3,7.0,0.3,2.0,cma,30.0
202111091500,54857.0,1.0,9.0,4.0,80.0,140.0,3.0,24.7,17.9,65.9,1011.3,7.0,0.3,2.0,cma,30.0
202111091600,54857.0,1.0,9.0,4.0,80.0,140.0,3.0,24.7,17.9,65.9,1011.3,7.0,0.3,2.0,cma,30.0
202111091700,54857.0,1.0,9.0,4.0,80.0,140.0,3.0,24.7,17.9,65.9,1011.3,7.0,0.3,2.0,cma,30.0
202111091800,54857.0,1.0,9.0,4.0,80.0,140.0,3.0,24.7,17.9,65.9,1011.3,7.0,0.3,2.0,cma,30.0
202111091900,54857.0,1.0,9.0,4.0,80.0,140.0,3.0,24.7,17.9,65.9,1011.3,7.0,0.3,2.0,cma,30.0
202111092000,54857.0,1.0,9.0,4.0,80.0,140.0,3.0,24.7,17.9,65.9,1011.3,7.0,0.3,2.0,cma,30.0
202111092100,54857.0,1.0,9.0,4.0,80.0,140.0,3.0,24.7,17.9,65.9,1011.3,7.0,0.3,2.0,cma,30.0
202111092200,54857.0,1.0,9.0,4.0,80.0,140.0,3.0,24.7,17.9,65.9,1011.3,7.0,0.3,2.0,cma,30.0
202111092300,54857.0,1.0,9.0,4.0,80.0,140.0,3.0,24.7,17.9,65.9,1011.3,7.0,0.3,2.0,cma,30.0
202111100000,54857.0,1.0,9.0,4.0,80.0,140.0,3.0,24.7,17.9,65.9,1011.3,7.0,0.3,2.0,cma,30.0
202111100100,54857.0,1.0,9.0,4.0,80.0,140.0,3.0,24.7,17.9,65.9,1011.3,7.0,0.3,2.0,cma,30.0
202111100200,54857.0,1.0,9.0,4.0,80.0,140.0,3.0,24.7,17.9,65.9,1011.3,7.0,0.3,2.0,cma,30.0
202111100300,54857.0,1.0,9.0,4.0,80.0,140.0,3.0,24.7,17.9,65.9,1011.3,7.0,0.3,2.0,cma,30.0
202111100400,54857.0,1.0,9.0,4.0,80.0,140.0,3.0,24.7,17.9,65.9,1011.3,7.0,0.3,2.0,cma,30.0
202111100500,54857.0,1.0,9.0,4.0,80.0,140.0,3.0,24.7,17.9,65.9,1011.3,7.0,0.3,2.0,cma,30.0
202111100600,54857.0,1.0,9.0,4.0,80.0,140.0,3.0,24.7,17.9,65.9,1011.3,7.0,0.3,2.0,cma,30.0
202111100700,54857.0,1.0,9.0,4.0,80.0,140.0,3.0,24.7,17.9,65.9,1011.3,7.0,0.3,2.0,cma,30.0
202111100800,54857.0,1.0,9.0,4.0,80.0,140.0,3.0,24.7,17.9,65.9,1011.3,7.0,0.3,2.0,cma,30.0
202111100900,54857.0,1.0,9.0,4.0,80.0,140.0,3.0,24.7,17.9,65.9,1011.3,7.0,0.3,2.0,cma,30.0
202111101000,54857.0,1.0,9.0,4.0,80.0,140.0,3.0,24.7,17.9,65.9,1011.3,7.0,0.3,2.0,cma,30.0
202111101100,54857.0,1.0,9.0,4.0,80.0,140.0,3.0,24.7,17.9,65.9,1011.3,7.0,0.3,2.0,cma,30.0
202111101200,54857.0,1.0,9.0,4.0,80.0,140.0,3.0,24.7,17.9,65.9,1011.3,7.0,0.3,2.0,cma,30.0
202111101300,54857.0,1.0,9.0,4.0,80.0,140.0,3.0,24.7,17.9,65.9,1011.3,7.0,0.3,2.0,cma,30.0
202111101400,54857.0,1.0,9.0,4.0,80.0,140.0,3.0,24.7,17.9,65.9,1011.3,7.0,0.3,2.0,cma,30.0
202111101500,54857.0,1.0,9.0,4.0,80.0,140.0,3.0,24.7,17.9,65.9,1011.3,7.0,0.3,2.0,cma,30.0
202111101600,54857.0,1.0,9.0,4.0,80.0,140.0,3.0,24.7,17.9,65.9,1011.3,7.0,0.3,2.0,cma,30.0
202111101700,54857.0,1.0,9.0,4.0,80.0,140.0,3.0,24.7,17.9,65.9,1011.3,7.0,0.3,2.0,cma,30.0
202111101800,54857.0,1.0,9.0,4.0,80.0,140.0,3.0,24.7,17.9,65.9,1011.3,7.0,0.3,2.0,cma,30.0
202111101900,54857.0,1.0,9.0,4.0,80.0,140.0,3.0,24.7,17.9,65.9,1011.3,7.0,0.3,2.0,cma,30.0
202111102000,54857.0,1.0,9.0,4.0,80.0,140.0,3.0,24.7,17.9,65.9,1011.3,7.0,0.3,2.0,cma,30.0
202111102100,54857.0,1.0,9.0,4.0,80.0,140.0,3.0,24.7,17.9,65.9,1011.3,7.0,0.3,2.0,cma,30.0
202111102200,54857.0,1.0,9.0,4.0,80.0,140.0,3.0,24.7,17.9,65.9,1011.3,7.0,0.3,2.0,cma,30.0
202111102300,54857.0,1.0,9.0,4.0,80.0,140.0,3.0,24.7,17.9,65.9,1011.3,7.0,0.3,2.0,cma,30.0
202111110000,54857.0,1.0,9.0,4.0,80.0,140.0,3.0,24.7,17.9,65.9,1011.3,7.0,0.3,2.0,cma,30.0
202111110100,54857.0,1.0,9.0,4.0,80.0,140.0,3.0,24.7,17.9,65.9,1011.3,7.0,0.3,2.0,cma,30.0
202111110200,54857.0,1.0,9.0,4.0,80.0,140.0,3.0,24.7,17.9,65.9,1011.3,7.0,0.3,2.0,cma,30.0
202111110300,54857.0,1.0,9.0,4.0,80.0,140.0,3.0,24.7,17.9,65.9,1011.3,7.0,0.3,2.0,cma,30.0
202111110400,54857.0,1.0,9.0,4.0,80.0,140.0,3.0,24.7,17.9,65.9,1011.3,7.0,0.3,2.0,cma,30.0
202111110500,54857.0,1.0,9.0,4.0,80.0,140.0,3.0,24.7,17.9,65.9,1011.3,7.0,0.3,2.0,cma,30.0
202111110600,54857.0,1.0,9.0,4.0,80.0,140.0,3.0,24.7,17.9,65.9,1011.3,7.0,0.3,2.0,cma,30.0
202111110700,54857.0,1.0,9.0,4.0,80.0,140.0,3.0,24.7,17.9,65.9,1011.3,7.0,0.3,2.0,cma,30.0
202111110800,54857.0,1.0,9.0,4.0,80.0,140.0,3.0,24.7,17.9,65.9,1011.3,7.0,0.3,2.0,cma,30.0
202111110900,54857.0,1.0,9.0,4.0,80.0,140.0,3.0,24.7,17.9,65.9,1011.3,7.0,0.3,2.0,cma,30.0
202111111000,54857.0,1.0,9.0,4.0,80.0,140.0,3.0,24.7,17.9,65.9,1011.3,7.0,0.3,2.0,cma,30.0
202111111100,54857.0,1.0,9.0,4.0,80.0,140.0,3.0,24.7,17.9,65.9,1011.3,7.0,0.3,2.0,cma,30.0
202111111200,54857.0,1.0,9.0,4.0,80.0,140.0,3.0,24.7,17.9,65.9,1011.3,7.0,0.3,2.0,cma,30.0
202111111300,54857.0,1.0,9.0,4.0,80.0,140.0,3.0,24.7,17.9,65.9,1011.3,7.0,0.3,2.0,cma,30.0
202111111400,54857.0,1.0,9.0,4.0,80.0,140.0,3.0,24.7,17.9,65.9,1011.3,7.0,0.3,2.0,cma,30.0
202111111500,54857.0,1.0,9.0,4.0,80.0,140.0,3.0,24.7,17.9,65.9,1011.3,7.0,0.3,2.0,cma,30.0
202111111600,54857.0,1.0,9.0,4.0,80.0,140.0,3.0,24.7,17.9,65.9,1011.3,7.0,0.3,2.0,cma,30.0
202111111700,54857.0,1.0,9.0,4.0,80.0,140.0,3.0,24.7,17.9,65.9,1011.3,7.0,0.3,2.0,cma,30.0
202111111800,54857.0,1.0,9.0,4.0,80.0,140.0,3.0,24.7,17.9,65.9,1011.3,7.0,0.3,2.0,cma,30.0
202111111900,54857.0,1.0,9.0,4.0,80.0,140.0,3.0,24.7,17.9,65.9,1011.3,7.0,0.3,2.0,cma,30.0
202111112000,54857.0,1.0,9.0,4.0,80.0,140.0,3.0,24.7,17.9,65.9,1011.3,7.0,0.3,2.0,cma,30.0
202111112100,54857.0,1.0,9.0,4.0,80.0,140.0,3.0,24.7,17.9,65.9,1011.3,7.0,0.3,2.0,cma,30.0
202111112200,54857.0,1.0,9.0,4.0,80.0,140.0,3.0,24.7,17.9,65.9,1011.3,7.0,0.3,2.0,cma,30.0
202111112300,54857.0,1.0,9.0,4.0,80.0,140.0,3.0,24.7,17.9,65.9,1011.3,7.0,0.3,2.0,cma,30.0
202111120000,54857.0,1.0,9.0,4.0,80.0,140.0,3.0,24.7,17.9,65.9,1011.3,7.0,0.3,2.0,cma,30.0
202111120100,54857.0,1.0,9.0,4.0,80.0,140.0,3.0,24.7,17.9,65.9,1011.3,7.0,0.3,2.0,cma,30.0
202111120200,54857.0,1.0,9.0,4.0,80.0,140.0,3.0,24.7,17.9,65.9,1011.3,7.0,0.3,2.0,cma,30.0
202111120300,54857.0,1.0,9.0,4.0,80.0,140.0,3.0,24.7,17.9,65.9,1011.3,7.0,0.3,2.0,cma,30.0
202111120400,54857.0,1.0,9.0,4.0,80.0,140.0,3.0,24.7,17.9,65.9,1011.3,7.0,0.3,2.0,cma,30.0
202111120500,54857.0,1.0,9.0,4.0,80.0,140.0,3.0,24.7,17.9,65.9,1011.3,7.0,0.3,2.0,cma,30.0
202111120600,54857.0,1.0,9.0,4.0,80.0,140.0,3.0,24.7,17.9,65.9,1011.3,7.0,0.3,2.0,cma,30.0
202111120700,54857.0,1.0,9.0,4.0,80.0,140.0,3.0,24.7,17.9,65.9,1011.3,7.0,0.3,2.0,cma,30.0
202111120800,54857.0,1.0,9.0,4.0,80.0,140.0,3.0,24.7,17.9,65.9,1011.3,7.0,0.3,2.0,cma,30.0
202111120900,54857.0,1.0,9.0,4.0,80.0,140.0,3.0,24.7,17.9,65.9,1011.3,7.0,0.3,2.0,cma,30.0
202111121000,54857.0,1.0,9.0,4.0,80.0,140.0,3.0,24.7,17.9,65.9,1011.3,7.0,0.3,2.0,cma,30.0
202111121100,54857.0,1.0,9.0,4.0,80.0,140.0,3.0,24.7,17.9,65.9,1011.3,7.0,0.3,2.0,cma,30.0
202111121200,54857.0,1.0,9.0,4.0,80.0,140.0,3.0,24.7,17.9,65.9,1011.3,7.0,0.3,2.0,cma,30.0
202111121300,54857.0,1.0,9.0,4.0,80.0,140.0,3.0,24.7,17.9,65.9,1011.3,7.0,0.3,2.0,cma,30.0
202111121400,54857.0,1.0,9.0,4.0,80.0,140.0,3.0,24.7,17.9,65.9,1011.3,7.0,0.3,2.0,cma,30.0
202111121500,54857.0,1.0,9.0,4.0,80.0,140.0,3.0,24.7,17.9,65.9,1011.3,7.0,0.3,2.0,cma,30.0
202111121600,54857.0,1.0,9.0,4.0,80.0,140.0,3.0,24.7,17.9,65.9,1011.3,7.0,0.3,2.0,cma,30.0
202111121700,54857.0,1.0,9.0,4.0,80.0,140.0,3.0,24.7,17.9,65.9,1011.3,7.0,0.3,2.0,cma,30.0
202111121800,54857.0,1.0,9.0,4.0,80.0,140.0,3.0,24.7,17.9,65.9,1011.3,7.0,0.3,2.0,cma,30.0
202111121900,54857.0,1.0,9.0,4.0,80.0,140.0,3.0,24.7,17.9,65.9,1011.3,7.0,0.3,2.0,cma,30.0
202111122000,54857.0,1.0,9.0,4.0,80.0,140.0,3.0,24.7,17.9,65.9,1011.3,7.0,0.3,2.0,cma,30.0
202111122100,54857.0,1.0,9.0,4.0,80.0,140.0,3.0,24.7,17.9,65.9,1011.3,7.0,0.3,2.0,cma,30.0
202111122200,54857.0,1.0,9.0,4.0,80.0,140.0,3.0,24.7,17.9,65.9,1011.3,7.0,0.3,2.0,cma,30.0
202111122300,54857.0,1.0,9.0,4.0,80.0,140.0,3.0,24.7,17.9,65.9,1011.3,7.0,0.3,2.0,cma,30.0
202111130000,54857.0,1.0,9.0,4.0,80.0,140.0,3.0,24.7,17.9,65.9,1011.3,7.0,0.3,2.0,cma,30.0
202111130100,54857.0,1.0,9.0,4.0,80.0,140.0,3.0,24.7,17.9,65.9,1011.3,7.0,0.3,2.0,cma,30.0
202111130200,54857.0,1.0,9.0,4.0,80.0,140.0,3.0,24.7,17.9,65.9,1011.3,7.0,0.3,2.0,cma,30.0
202111130300,54857.0,1.0,9.0,4.0,80.0,140.0,3.0,24.7,17.9,65.9,1011.3,7.0,0.3,2.0,cma,30.0
202111130400,54857.0,1.0,9.0,4.0,80.0,140.0,3.0,24.7,17.9,65.9,1011.3,7.0,0.3,2.0,cma,30.0
202111130500,54857.0,1.0,9.0,4.0,80.0,140.0,3.0,24.7,17.9,65.9,1011.3,7.0,0.3,2.0,cma,30.0
202111130600,54857.0,1.0,9.0,4.0,80.0,140.0,3.0,24.7,17.9,65.9,1011.3,7.0,0.3,2.0,cma,30.0
202111130700,54857.0,1.0,9.0,4.0,80.0,140.0,3.0,24.7,17.9,65.9,1011.3,7.0,0.3,2.0,cma,30.0
202111130800,54857.0,1.0,9.0,4.0,80.0,140.0,3.0,24.7,17.9,65.9,1011.3,7.0,0.3,2.0,cma,30.0
202111130900,54857.0,1.0,9.0,4.0,80.0,140.0,3.0,24.7,17.9,65.9,1011.3,7.0,0.3,2.0,cma,30.0
202111131000,54857.0,1.0,9.0,4.0,80.0,140.0,3.0,24.7,17.9,65.9,1011.3,7.0,0.3,2.0,cma,30.0
202111131100,54857.0,1.0,9.0,4.0,80.0,140.0,3.0,24.7,17.9,65.9,1011.3,7.0,0.3,2.0,cma,30.0
202111131200,54857.0,1.0,9.0,4.0,80.0,140.0,3.0,24.7,17.9,65.9,1011.3,7.0,0.3,2.0,cma,30.0
202111131300,54857.0,1.0,9.0,4.0,80.0,140.0,3.0,24.7,17.9,65.9,1011.3,7.0,0.3,2.0,cma,30.0
202111131400,54857.0,1.0,9.0,4.0,80.0,140.0,3.0,24.7,17.9,65.9,1011.3,7.0,0.3,2.0,cma,30.0
202111131500,54857.0,1.0,9.0,4.0,80.0,140.0,3.0,24.7,17.9,65.9,1011.3,7.0,0.3,2.0,cma,30.0
202111131600,54857.0,1.0,9.0,4.0,80.0,140.0,3.0,24.7,17.9,65.9,1011.3,7.0,0.3,2.0,cma,30.0
202111131700,54857.0,1.0,9.0,4.0,80.0,140.0,3.0,24.7,17.9,65.9,1011.3,7.0,0.3,2.0,cma,30.0
202111131800,54857.0,1.0,9.0,4.0,80.0,140.0,3.0,24.7,17.9,65.9,1011.3,7.0,0.3,2.0,cma,30.0
202111131900,54857.0,1.0,9.0,4.0,80.0,140.0,3.0,24.7,17.9,65.9,1011.3,7.0,0.3,2.0,cma,30.0
202111132000,54857.0,1.0,9.0,4.0,80.0,140.0,3.0,24.7,17.9,65.9,1011.3,7.0,0.3,2.0,cma,30.0
202111132100,54857.0,1.0,9.0,4.0,80.0,140.0,3.0,24.7,17.9,65.9,1011.3,7.0,0.3,2.0,cma,30.0
202111132200,54857.0,1.0,9.0,4.0,80.0,140.0,3.0,24.7,17.9,65.9,1011.3,7.0,0.3,2.0,cma,30.0
202111132300,54857.0,1.0,9.0,4.0,80.0,140.0,3.0,24.7,17.9,65.9,1011.3,7.0,0.3,2.0,cma,30.0
202111140000,54857.0,1.0,9.0,4.0,80.0,140.0,3.0,24.7,17.9,65.9,1011.3,7.0,0.3,2.0,cma,30.0
202111140100,54857.0,1.0,9.0,4.0,80.0,140.0,3.0,24.7,17.9,65.9,1011.3,7.0,0.3,2.0,cma,30.0
202111140200,54857.0,1.0,9.0,4.0,80.0,140.0,3.0,24.7,17.9,65.9,1011.3,7.0,0.3,2.0,cma,30.0
202111140300,54857.0,1.0,9.0,4.0,80.0,140.0,3.0,24.7,17.9,65.9,1011.3,7.0,0.3,2.0,cma,30.0
202111140400,54857.0,1.0,9.0,4.0,80.0,140.0,3.0,24.7,17.9,65.9,1011.3,7.0,0.3,2.0,cma,30.0
202111140500,54857.0,1.0,9.0,4.0,80.0,140.0,3.0,24.7,17.9,65.9,1011.3,7.0,0.3,2.0,cma,30.0
202111140600,54857.0,1.0,9.0,4.0,80.0,140.0,3.0,24.7,17.9,65.9,1011.3,7.0,0.3,2.0,cma,30.0
202111140700,54857.0,1.0,9.0,4.0,80.0,140.0,3.0,24.7,17.9,65.9,1011.3,7.0,0.3,2.0,cma,30.0
202111140800,54857.0,1.0,9.0,4.0,80.0,140.0,3.0,24.7,17.9,65.9,1011.3,7.0,0.3,2.0,cma,30.0
202111140900,54857.0,1.0,9.0,4.0,80.0,140.0,3.0,24.7,17.9,65.9,1011.3,7.0,0.3,2.0,cma,30.0
202111141000,54857.0,1.0,9.0,4.0,80.0,140.0,3.0,24.7,17.9,65.9,1011.3,7.0,0.3,2.0,cma,30.0
202111141100,54857.0,1.0,9.0,4.0,80.0,140.0,3.0,24.7,17.9,65.9,1011.3,7.0,0.3,2.0,cma,30.0
202111141200,54857.0,1.0,9.0,4.0,80.0,140.0,3.0,24.7,17.9,65.9,1011.3,7.0,0.3,2.0,cma,30.0
202111141300,54857.0,1.0,9.0,4.0,80.0,140.0,3.0,24.7,17.9,65.9,1011.3,7.0,0.3,2.0,cma,30.0
202111141400,54857.0,1.0,9.0,4.0,80.0,140.0,3.0,24.7,17.9,65.9,1011.3,7.0,0.3,2.0,cma,30.0
202111141500,54857.0,1.0,9.0,4.0,80.0,140.0,3.0,24.7,17.9,65.9,1011.3,7.0,0.3,2.0,cma,30.0
202111141600,54857.0,1.0,9.0,4.0,80.0,140.0,3.0,24.7,17.9,65.9,1011.3,7.0,0.3,2.0,cma,30.0
202111141700,54857.0,1.0,9.0,4.0,80.0,140.0,3.0,24.7,17.9,65.9,1011.3,7.0,0.3,2.0,cma,30.0
202111141800,54857.0,1.0,9.0,4.0,80.0,140.0,3.0,24.7,17.9,65.9,1011.3,7.0,0.3,2.0,cma,30.0
202111141900,54857.0,1.0,9.0,4.0,80.0,140.0,3.0,24.7,17.9,65.9,1011.3,7.0,0.3,2.0,cma,30.0
202111142000,54857.0,1.0,9.0,4.0,80.0,140.0,3.0,24.7,17.9,65.9,1011.3,7.0,0.3,2.0,cma,30.0
202111142100,54857.0,1.0,9.0,4.0,80.0,140.0,3.0,24.7,17.9,65.9,1011.3,7.0,0.3,2.0,cma,30.0
202111142200,54857.0,1.0,9.0,4.0,80.0,140.0,3.0,24.7,17.9,65.9,1011.3,7.0,0.3,2.0,cma,30.0
202111142300,54857.0,1.0,9.0,4.0,80.0,140.0,3.0,24.7,17.9,65.9,1011.3,7.0,0.3,2.0,cma,30.0
202111150000,54857.0,1.0,9.0,4.0,80.0,140.0,3.0,24.7,17.9,65.9,1011.3,7.0,0.3,2.0,cma,30.0
202111150100,54857.0,1.0,9.0,4.0,80.0,140.0,3.0,24.7,17.9,65.9,1011.3,7.0,0.3,2.0,cma,30.0
202111150200,54857.0,1.0,9.0,4.0,80.0,140.0,3.0,24.7,17.9,65.9,1011.3,7.0,0.3,2.0,cma,30.0
202111150300,54857.0,1.0,9.0,4.0,80.0,140.0,3.0,24.7,17.9,65.9,1011.3,7.0,0.3,2.0,cma,30.0
202111150400,54857.0,1.0,9.0,4.0,80.0,140.0,3.0,24.7,17.9,65.9,1011.3,7.0,0.3,2.0,cma,30.0
202111150500,54857.0,1.0,9.0,4.0,80.0,140.0,3.0,24.7,17.9,65.9,1011.3,7.0,0.3,2.0,cma,30.0
202111150600,54857.0,1.0,9.0,4.0,80.0,140.0,3.0,24.7,17.9,65.9,1011.3,7.0,0.3,2.0,cma,30.0
202111150700,54857.0,1.0,9.0,4.0,80.0,140.0,3.0,24.7,17.9,65.9,1011.3,7.0,0.3,2.0,cma,30.0
202111150800,54857.0,1.0,9.0,4.0,80.0,140.0,3.0,24.7,17.9,65.9,1011.3,7.0,0.3,2.0,cma,30.0
202111150900,54857.0,1.0,9.0,4.0,80.0,140.0,3.0,24.7,17.9,65.9,1011.3,7.0,0.3,2.0,cma,30.0
202111151000,54857.0,1.0,9.0,4.0,80.0,140.0,3.0,24.7,17.9,65.9,1011.3,7.0,0.3,2.0,cma,30.0
202111151100,54857.0,1.0,9.0,4.0,80.0,140.0,3.0,24.7,17.9,65.9,1011.3,7.0,0.3,2.0,cma,30.0
202111151200,54857.0,1.0,9.0,4.0,80.0,140.0,3.0,24.7,17.9,65.9,1011.3,7.0,0.3,2.0,cma,30.0
202111151300,54857.0,1.0,9.0,4.0,80.0,140.0,3.0,24.7,17.9,65.9,1011.3,7.0,0.3,2.0,cma,30.0
202111151400,54857.0,1.0,9.0,4.0,80.0,140.0,3.0,24.7,17.9,65.9,1011.3,7.0,0.3,2.0,cma,30.0
202111151500,54857.0,1.0,9.0,4.0,80.0,140.0,3.0,24.7,17.9,65.9,1011.3,7.0,0.3,2.0,cma,30.0
202111151600,54857.0,1.0,9.0,4.0,80.0,140.0,3.0,24.7,17.9,65.9,1011.3,7.0,0.3,2.0,cma,30.0
202111151700,54857.0,1.0,9.0,4.0,80.0,140.0,3.0,24.7,17.9,65.9,1011.3,7.0,0.3,2.0,cma,30.0
202111151800,54857.0,1.0,9.0,4.0,80.0,140.0,3.0,24.7,17.9,65.9,1011.3,7.0,0.3,2.0,cma,30.0
202111151900,54857.0,1.0,9.0,4.0,80.0,140.0,3.0,24.7,17.9,65.9,1011.3,7.0,0.3,2.0,cma,30.0
202111152000,54857.0,1.0,9.0,4.0,80.0,140.0,3.0,24.7,17.9,65.9,1011.3,7.0,0.3,2.0,cma,30.0
202111152100,54857.0,1.0,9.0,4.0,80.0,140.0,3.0,24.7,17.9,65.9,1011.3,7.0,0.3,2.0,cma,30.0
202111152200,54857.0,1.0,9.0,4.0,80.0,140.0,3.0,24.7,17.9,65.9,1011.3,7.0,0.3,2.0,cma,30.0
202111152300,54857.0,1.0,9.0,4.0,80.0,140.0,3.0,24.7,17.9,65.9,1011.3,7.0,0.3,2.0,cma,30.0
202111160000,54857.0,1.0,9.0,4.0,80.0,140.0,3.0,24.7,17.9,65.9,1011.3,7.0,0.3,2.0,cma,30.0
202111160100,54857.0,1.0,9.0,4.0,80.0,140.0,3.0,24.7,17.9,65.9,1011.3,7.0,0.3,2.0,cma,30.0
202111160200,54857.0,1.0,9.0,4.0,80.0,140.0,3.0,24.7,17.9,65.9,1011.3,7.0,0.3,2.0,cma,30.0
202111160300,54857.0,1.0,9.0,4.0,80.0,140.0,3.0,24.7,17.9,65.9,1011.3,7.0,0.3,2.0,cma,30.0
202111160400,54857.0,1.0,9.0,4.0,80.0,140.0,3.0,24.7,17.9,65.9,1011.3,7.0,0.3,2.0,cma,30.0
202111160500,54857.0,1.0,9.0,4.0,80.0,140.0,3.0,24.7,17.9,65.9,1011.3,7.0,0.3,2.0,cma,30.0
202111160600,54857.0,1.0,9.0,4.0,80.0,140.0,3.0,24.7,17.9,65.9,1011.3,7.0,0.3,2.0,cma,30.0
202111160700,54857.0,1.0,9.0,4.0,80.0,140.0,3.0,24.7,17.9,65.9,1011.3,7.0,0.3,2.0,cma,30.0
202111160800,54857.0,1.0,9.0,4.0,80.0,140.0,3.0,24.7,17.9,65.9,1011.3,7.0,0.3,2.0,cma,30.0
202111160900,54857.0,1.0,9.0,4.0,80.0,140.0,3.0,24.7,17.9,65.9,1011.3,7.0,0.3,2.0,cma,30.0
202111161000,54857.0,1.0,9.0,4.0,80.0,140.0,3.0,24.7,17.9,65.9,1011.3,7.0,0.3,2.0,cma,30.0
202111161100,54857.0,1.0,9.0,4.0,80.0,140.0,3.0,24.7,17.9,65.9,1011.3,7.0,0.3,2.0,cma,30.0
202111161200,54857.0,1.0,9.0,4.0,80.0,140.0,3.0,24.7,17.9,65.9,1011.3,7.0,0.3,2.0,cma,30.0
202111161300,54857.0,1.0,9.0,4.0,80.0,140.0,3.0,24.7,17.9,65.9,1011.3,7.0,0.3,2.0,cma,30.0
202111161400,54857.0,1.0,9.0,4.0,80.0,140.0,3.0,24.7,17.9,65.9,1011.3,7.0,0.3,2.0,cma,30.0
202111161500,54857.0,1.0,9.0,4.0,80.0,140.0,3.0,24.7,17.9,65.9,1011.3,7.0,0.3,2.0,cma,30.0
202111161600,54857.0,1.0,9.0,4.0,80.0,140.0,3.0,24.7,17.9,65.9,1011.3,7.0,0.3,2.0,cma,30.0
202111161700,54857.0,1.0,9.0,4.0,80.0,140.0,3.0,24.7,17.9,65.9,1011.3,7.0,0.3,2.0,cma,30.0
202111161800,54857.0,1.0,9.0,4.0,80.0,140.0,3.0,24.7,17.9,65.9,1011.3,7.0,0.3,2.0,cma,30.0
202111161900,54857.0,1.0,9.0,4.0,80.0,140.0,3.0,24.7,17.9,65.9,1011.3,7.0,0.3,2.0,cma,30.0
202111162000,54857.0,1.0,9.0,4.0,80.0,140.0,3.0,24.7,17.9,65.9,1011.3,7.0,0.3,2.0,cma,30.0
202111162100,54857.0,1.0,9.0,4.0,80.0,140.0,3.0,24.7,17.9,65.9,1011.3,7.0,0.3,2.0,cma,30.0
202111162200,54857.0,1.0,9.0,4.0,80.0,140.0,3.0,24.7,17.9,65.9,1011.3,7.0,0.3,2.0,cma,30.0
202111162300,54857.0,1.0,9.0,4.0,80.0,140.0,3.0,24.7,17.9,65.9,1011.3,7.0,0.3,2.0,cma,30.0
202111170000,54857.0,1.0,9.0,4.0,80.0,140.0,3.0,24.7,17.9,65.9,1011.3,7.0,0.3,2.0,cma,30.0
202111170100,54857.0,1.0,9.0,4.0,80.0,140.0,3.0,24.7,17.9,65.9,1011.3,7.0,0.3,2.0,cma,30.0
202111170200,54857.0,1.0,9.0,4.0,80.0,140.0,3.0,24.7,17.9,65.9,1011.3,7.0,0.3,2.0,cma,30.0
202111170300,54857.0,1.0,9.0,4.0,80.0,140.0,3.0,24.7,17.9,65.9,1011.3,7.0,0.3,2.0,cma,30.0
202111170400,54857.0,1.0,9.0,4.0,80.0,140.0,3.0,24.7,17.9,65.9,1011.3,7.0,0.3,2.0,cma,30.0
202111170500,54857.0,1.0,9.0,4.0,80.0,140.0,3.0,24.7,17.9,65.9,1011.3,7.0,0.3,2.0,cma,30.0
202111170600,54857.0,1.0,9.0,4.0,80.0,140.0,3.0,24.7,17.9,65.9,1011.3,7.0,0.3,2.0,cma,30.0
202111170700,54857.0,1.0,9.0,4.0,80.0,140.0,3.0,24.7,17.9,65.9,1011.3,7.0,0.3,2.0,cma,30.0
202111170800,54857.0,1.0,9.0,4.0,80.0,140.0,3.0,24.7,17.9,65.9,1011.3,7.0,0.3,2.0,cma,30.0
202111170900,54857.0,1.0,9.0,4.0,80.0,140.0,3.0,24.7,17.9,65.9,1011.3,7.0,0.3,2.0,cma,30.0
202111171000,54857.0,1.0,9.0,4.0,80.0,140.0,3.0,24.7,17.9,65.9,1011.3,7.0,0.3,2.0,cma,30.0
202111171100,54857.0,1.0,9.0,4.0,80.0,140.0,3.0,24.7,17.9,65.9,1011.3,7.0,0.3,2.0,cma,30.0
202111171200,54857.0,1.0,9.0,4.0,80.0,140.0,3.0,24.7,17.9,65.9,1011.3,7.0,0.3,2.0,cma,30.0
202111171300,54857.0,1.0,9.0,4.0,80.0,140.0,3.0,24.7,17.9,65.9,1011.3,7.0,0.3,2.0,cma,30.0
202111171400,54857.0,1.0,9.0,4.0,80.0,140.0,3.0,24.7,17.9,65.9,1011.3,7.0,0.3,2.0,cma,30.0
202111171500,54857.0,1.0,9.0,4.0,80.0,140.0,3.0,24.7,17.9,65.9,1011.3,7.0,0.3,2.0,cma,30.0
202111171600,54857.0,1.0,9.0,4.0,80.0,140.0,3.0,24.7,17.9,65.9,1011.3,7.0,0.3,2.0,cma,30.0
202111171700,54857.0,1.0,9.0,4.0,80.0,140.0,3.0,24.7,17.9,65.9,1011.3,7.0,0.3,2.0,cma,30.0
202111171800,54857.0,1.0,9.0,4.0,80.0,140.0,3.0,24.7,17.9,65.9,1011.3,7.0,0.3,2.0,cma,30.0
202111171900,54857.0,1.0,9.0,4.0,80.0,140.0,3.0,24.7,17.9,65.9,1011.3,7.0,0.3,2.0,cma,30.0
202111172000,54857.0,1.0,9.0,4.0,80.0,140.0,3.0,24.7,17.9,65.9,1011.3,7.0,0.3,2.0,cma,30.0
202111172100,54857.0,1.0,9.0,4.0,80.0,140.0,3.0,24.7,17.9,65.9,1011.3,7.0,0.3,2.0,cma,30.0
202111172200,54857.0,1.0,9.0,4.0,80.0,140.0,3.0,24.7,17.9,65.9,1011.3,7.0,0.3,2.0,cma,30.0
202111172300,54857.0,1.0,9.0,4.0,80.0,140.0,3.0,24.7,17.9,65.9,1011.3,7.0,0.3,2.0,cma,30.0
202111180000,54857.0,1.0,9.0,4.0,80.0,140.0,3.0,24.7,17.9,65.9,1011.3,7.0,0.3,2.0,cma,30.0
202111180100,54857.0,1.0,9.0,4.0,80.0,140.0,3.0,24.7,17.9,65.9,1011.3,7.0,0.3,2.0,cma,30.0
202111180200,54857.0,1.0,9.0,4.0,80.0,140.0,3.0,24.7,17.9,65.9,1011.3,7.0,0.3,2.0,cma,30.0
202111180300,54857.0,1.0,9.0,4.0,80.0,140.0,3.0,24.7,17.9,65.9,1011.3,7.0,0.3,2.0,cma,30.0
202111180400,54857.0,1.0,9.0,4.0,80.0,140.0,3.0,24.7,17.9,65.9,1011.3,7.0,0.3,2.0,cma,30.0
202111180500,54857.0,1.0,9.0,4.0,80.0,140.0,3.0,24.7,17.9,65.9,1011.3,7.0,0.3,2.0,cma,30.0
202111180600,54857.0,1.0,9.0,4.0,80.0,140.0,3.0,24.7,17.9,65.9,1011.3,7.0,0.3,2.0,cma,30.0
202111180700,54857.0,1.0,9.0,4.0,80.0,140.0,3.0,24.7,17.9,65.9,1011.3,7.0,0.3,2.0,cma,30.0
202111180800,54857.0,1.0,9.0,4.0,80.0,140.0,3.0,24.7,17.9,65.9,1011.3,7.0,0.3,2.0,cma,30.0
202111180900,54857.0,1.0,9.0,4.0,80.0,140.0,3.0,24.7,17.9,65.9,1011.3,7.0,0.3,2.0,cma,30.0
202111181000,54857.0,1.0,9.0,4.0,80.0,140.0,3.0,24.7,17.9,65.9,1011.3,7.0,0.3,2.0,cma,30.0
202111181100,54857.0,1.0,9.0,4.0,80.0,140.0,3.0,24.7,17.9,65.9,1011.3,7.0,0.3,2.0,cma,30.0
202111181200,54857.0,1.0,9.0,4.0,80.0,140.0,3.0,24.7,17.9,65.9,1011.3,7.0,0.3,2.0,cma,30.0
202111181300,54857.0,1.0,9.0,4.0,80.0,140.0,3.0,24.7,17.9,65.9,1011.3,7.0,0.3,2.0,cma,30.0
202111181400,54857.0,1.0,9.0,4.0,80.0,140.0,3.0,24.7,17.9,65.9,1011.3,7.0,0.3,2.0,cma,30.0
202111181500,54857.0,1.0,9.0,4.0,80.0,140.0,3.0,24.7,17.9,65.9,1011.3,7.0,0.3,2.0,cma,30.0
202111181600,54857.0,1.0,9.0,4.0,80.0,140.0,3.0,24.7,17.9,65.9,1011.3,7.0,0.3,2.0,cma,30.0
202111181700,54857.0,1.0,9.0,4.0,80.0,140.0,3.0,24.7,17.9,65.9,1011.3,7.0,0.3,2.0,cma,30.0
202111181800,54857.0,1.0,9.0,4.0,80.0,140.0,3.0,24.7,17.9,65.9,1011.3,7.0,0.3,2.0,cma,30.0
202111181900,54857.0,1.0,9.0,4.0,80.0,140.0,3.0,24.7,17.9,65.9,1011.3,7.0,0.3,2.0,cma,30.0
202111182000,54857.0,1.0,9.0,4.0,80.0,140.0,3.0,24.7,17.9,65.9,1011.3,7.0,0.3,2.0,cma,30.0
202111182100,54857.0,1.0,9.0,4.0,80.0,140.0,3.0,24.7,17.9,65.9,1011.3,7.0,0.3,2.0,cma,30.0
202111182200,54857.0,1.0,9.0,4.0,80.0,140.0,3.0,24.7,17.9,65.9,1011.3,7.0,0.3,2.0,cma,30.0
202111182300,54857.0,1.0,9.0,4.0,80.0,140.0,3.0,24.7,17.9,65.9,1011.3,7.0,0.3,2.0,cma,30.0
202111190000,54857.0,1.0,9.0,4.0,80.0,140.0,3.0,24.7,17.9,65.9,1011.3,7.0,0.3,2.0,cma,30.0
202111190100,54857.0,1.0,9.0,4.0,80.0,140.0,3.0,24.7,17.9,65.9,1011.3,7.0,0.3,2.0,cma,30.0
202111190200,54857.0,1.0,9.0,4.0,80.0,140.0,3.0,24.7,17.9,65.9,1011.3,7.0,0.3,2.0,cma,30.0
202111190300,54857.0,1.0,9.0,4.0,80.0,140.0,3.0,24.7,17.9,65.9,1011.3,7.0,0.3,2.0,cma,30.0
202111190400,54857.0,1.0,9.0,4.0,80.0,140.0,3.0,24.7,17.9,65.9,1011.3,7.0,0.3,2.0,cma,30.0
202111190500,54857.0,1.0,9.0,4.0,80.0,140.0,3.0,24.7,17.9,65.9,1011.3,7.0,0.3,2.0,cma,30.0
202111190600,54857.0,1.0,9.0,4.0,80.0,140.0,3.0,24.7,17.9,65.9,1011.3,7.0,0.3,2.0,cma,30.0
202111190700,54857.0,1.0,9.0,4.0,80.0,140.0,3.0,24.7,17.9,65.9,1011.3,7.0,0.3,2.0,cma,30.0
202111190800,54857.0,1.0,9.0,4.0,80.0,140.0,3.0,24.7,17.9,65.9,1011.3,7.0,0.3,2.0,cma,30.0
202111190900,54857.0,1.0,9.0,4.0,80.0,140.0,3.0,24.7,17.9,65.9,1011.3,7.0,0.3,2.0,cma,30.0
202111191000,54857.0,1.0,9.0,4.0,80.0,140.0,3.0,24.7,17.9,65.9,1011.3,7.0,0.3,2.0,cma,30.0
202111191100,54857.0,1.0,9.0,4.0,80.0,140.0,3.0,24.7,17.9,65.9,1011.3,7.0,0.3,2.0,cma,30.0
202111191200,54857.0,1.0,9.0,4.0,80.0,140.0,3.0,24.7,17.9,65.9,1011.3,7.0,0.3,2.0,cma,30.0
202111191300,54857.0,1.0,9.0,4.0,80.0,140.0,3.0,24.7,17.9,65.9,1011.3,7.0,0.3,2.0,cma,30.0
202111191400,54857.0,1.0,9.0,4.0,80.0,140.0,3.0,24.7,17.9,65.9,1011.3,7.0,0.3,2.0,cma,30.0
202111191500,54857.0,1.0,9.0,4.0,80.0,140.0,3.0,24.7,17.9,65.9,1011.3,7.0,0.3,2.0,cma,30.0
202111191600,54857.0,1.0,9.0,4.0,80.0,140.0,3.0,24.7,17.9,65.9,1011.3,7.0,0.3,2.0,cma,30.0
202111191700,54857.0,1.0,9.0,4.0,80.0,140.0,3.0,24.7,17.9,65.9,1011.3,7.0,0.3,2.0,cma,30.0
202111191800,54857.0,1.0,9.0,4.0,80.0,140.0,3.0,24.7,17.9,65.9,1011.3,7.0,0.3,2.0,cma,30.0
202111191900,54857.0,1.0,9.0,4.0,80.0,140.0,3.0,24.7,17.9,65.9,1011.3,7.0,0.3,2.0,cma,30.0
202111192000,54857.0,1.0,9.0,4.0,80.0,140.0,3.0,24.7,17.9,65.9,1011.3,7.0,0.3,2.0,cma,30.0
202111192100,54857.0,1.0,9.0,4.0,80.0,140.0,3.0,24.7,17.9,65.9,1011.3,7.0,0.3,2.0,cma,30.0
202111192200,54857.0,1.0,9.0,4.0,80.0,140.0,3.0,24.7,17.9,65.9,1011.3,7.0,0.3,2.0,cma,30.0
202111192300,54857.0,1.0,9.0,4.0,80.0,140.0,3.0,24.7,17.9,65.9,1011.3,7.0,0.3,2.0,cma,30.0
202111200000,54857.0,1.0,9.0,4.0,80.0,140.0,3.0,24.7,17.9,65.9,1011.3,7.0,0.3,2.0,cma,30.0
202111200100,54857.0,1.0,9.0,4.0,80.0,140.0,3.0,24.7,17.9,65.9,1011.3,7.0,0.3,2.0,cma,30.0
202111200200,54857.0,1.0,9.0,4.0,80.0,140.0,3.0,24.7,17.9,65.9,1011.3,7.0,0.3,2.0,cma,30.0
202111200300,54857.0,1.0,9.0,4.0,80.0,140.0,3.0,24.7,17.9,65.9,1011.3,7.0,0.3,2.0,cma,30.0
202111200400,54857.0,1.0,9.0,4.0,80.0,140.0,3.0,24.7,17.9,65.9,1011.3,7.0,0.3,2.0,cma,30.0
202111200500,54857.0,1.0,9.0,4.0,80.0,140.0,3.0,24.7,17.9,65.9,1011.3,7.0,0.3,2.0,cma,30.0
202111200600,54857.0,1.0,9.0,4.0,80.0,140.0,3.0,24.7,17.9,65.9,1011.3,7.0,0.3,2.0,cma,30.0
202111200700,54857.0,1.0,9.0,4.0,80.0,140.0,3.0,24.7,17.9,65.9,1011.3,7.0,0.3,2.0,cma,30.0
202111200800,54857.0,1.0,9.0,4.0,80.0,140.0,3.0,24.7,17.9,65.9,1011.3,7.0,0.3,2.0,cma,30.0
202111200900,54857.0,1.0,9.0,4.0,80.0,140.0,3.0,24.7,17.9,65.9,1011.3,7.0,0.3,2.0,cma,30.0
202111201000,54857.0,1.0,9.0,4.0,80.0,140.0,3.0,24.7,17.9,65.9,1011.3,7.0,0.3,2.0,cma,30.0
202111201100,54857.0,1.0,9.0,4.0,80.0,140.0,3.0,24.7,17.9,65.9,1011.3,7.0,0.3,2.0,cma,30.0
202111201200,54857.0,1.0,9.0,4.0,80.0,140.0,3.0,24.7,17.9,65.9,1011.3,7.0,0.3,2.0,cma,30.0
202111201300,54857.0,1.0,9.0,4.0,80.0,140.0,3.0,24.7,17.9,65.9,1011.3,7.0,0.3,2.0,cma,30.0
202111201400,54857.0,1.0,9.0,4.0,80.0,140.0,3.0,24.7,17.9,65.9,1011.3,7.0,0.3,2.0,cma,30.0
202111201500,54857.0,1.0,9.0,4.0,80.0,140.0,3.0,24.7,17.9,65.9,1011.3,7.0,0.3,2.0,cma,30.0
202111201600,54857.0,1.0,9.0,4.0,80.0,140.0,3.0,24.7,17.9,65.9,1011.3,7.0,0.3,2.0,cma,30.0
202111201700,54857.0,1.0,9.0,4.0,80.0,140.0,3.0,24.7,17.9,65.9,1011.3,7.0,0.3,2.0,cma,30.0
202111201800,54857.0,1.0,9.0,4.0,80.0,140.0,3.0,24.7,17.9,65.9,1011.3,7.0,0.3,2.0,cma,30.0
202111201900,54857.0,1.0,9.0,4.0,80.0,140.0,3.0,24.7,17.9,65.9,1011.3,7.0,0.3,2.0,cma,30.0
202111202000,54857.0,1.0,9.0,4.0,80.0,140.0,3.0,24.7,17.9,65.9,1011.3,7.0,0.3,2.0,cma,30.0
202111202100,54857.0,1.0,9.0,4.0,80.0,140.0,3.0,24.7,17.9,65.9,1011.3,7.0,0.3,2.0,cma,30.0
202111202200,54857.0,1.0,9.0,4.0,80.0,140.0,3.0,24.7,17.9,65.9,1011.3,7.0,0.3,2.0,cma,30.0
202111202300,54857.0,1.0,9.0,4.0,80.0,140.0,3.0,24.7,17.9,65.9,1011.3,7.0,0.3,2.0,cma,30.0
202111210000,54857.0,1.0,9.0,4.0,80.0,140.0,3.0,24.7,17.9,65.9,1011.3,7.0,0.3,2.0,cma,30.0
202111210100,54857.0,1.0,9.0,4.0,80.0,140.0,3.0,24.7,17.9,65.9,1011.3,7.0,0.3,2.0,cma,30.0
202111210200,54857.0,1.0,9.0,4.0,80.0,140.0,3.0,24.7,17.9,65.9,1011.3,7.0,0.3,2.0,cma,30.0
202111210300,54857.0,1.0,9.0,4.0,80.0,140.0,3.0,24.7,17.9,65.9,1011.3,7.0,0.3,2.0,cma,30.0
202111210400,54857.0,1.0,9.0,4.0,80.0,140.0,3.0,24.7,17.9,65.9,1011.3,7.0,0.3,2.0,cma,30.0
202111210500,54857.0,1.0,9.0,4.0,80.0,140.0,3.0,24.7,17.9,65.9,1011.3,7.0,0.3,2.0,cma,30.0
202111210600,54857.0,1.0,9.0,4.0,80.0,140.0,3.0,24.7,17.9,65.9,1011.3,7.0,0.3,2.0,cma,30.0
202111210700,54857.0,1.0,9.0,4.0,80.0,140.0,3.0,24.7,17.9,65.9,1011.3,7.0,0.3,2.0,cma,30.0
202111210800,54857.0,1.0,9.0,4.0,80.0,140.0,3.0,24.7,17.9,65.9,1011.3,7.0,0.3,2.0,cma,30.0
202111210900,54857.0,1.0,9.0,4.0,80.0,140.0,3.0,24.7,17.9,65.9,1011.3,7.0,0.3,2.0,cma,30.0
202111211000,54857.0,1.0,9.0,4.0,80.0,140.0,3.0,24.7,17.9,65.9,1011.3,7.0,0.3,2.0,cma,30.0
202111211100,54857.0,1.0,9.0,4.0,80.0,140.0,3.0,24.7,17.9,65.9,1011.3,7.0,0.3,2.0,cma,30.0
202111211200,54857.0,1.0,9.0,4.0,80.0,140.0,3.0,24.7,17.9,65.9,1011.3,7.0,0.3,2.0,cma,30.0
202111211300,54857.0,1.0,9.0,4.0,80.0,140.0,3.0,24.7,17.9,65.9,1011.3,7.0,0.3,2.0,cma,30.0
202111211400,54857.0,1.0,9.0,4.0,80.0,140.0,3.0,24.7,17.9,65.9,1011.3,7.0,0.3,2.0,cma,30.0
202111211500,54857.0,1.0,9.0,4.0,80.0,140.0,3.0,24.7,17.9,65.9,1011.3,7.0,0.3,2.0,cma,30.0
202111211600,54857.0,1.0,9.0,4.0,80.0,140.0,3.0,24.7,17.9,65.9,1011.3,7.0,0.3,2.0,cma,30.0
202111211700,54857.0,1.0,9.0,4.0,80.0,140.0,3.0,24.7,17.9,65.9,1011.3,7.0,0.3,2.0,cma,30.0
202111211800,54857.0,1.0,9.0,4.0,80.0,140.0,3.0,24.7,17.9,65.9,1011.3,7.0,0.3,2.0,cma,30.0
202111211900,54857.0,1.0,9.0,4.0,80.0,140.0,3.0,24.7,17.9,65.9,1011.3,7.0,0.3,2.0,cma,30.0
202111212000,54857.0,1.0,9.0,4.0,80.0,140.0,3.0,24.7,17.9,65.9,1011.3,7.0,0.3,2.0,cma,30.0
202111212100,54857.0,1.0,9.0,4.0,80.0,140.0,3.0,24.7,17.9,65.9,1011.3,7.0,0.3,2.0,cma,30.0
202111212200,54857.0,1.0,9.0,4.0,80.0,140.0,3.0,24.7,17.9,65.9,1011.3,7.0,0.3,2.0,cma,30.0
202111212300,54857.0,1.0,9.0,4.0,80.0,140.0,3.0,24.7,17.9,65.9,1011.3,7.0,0.3,2.0,cma,30.0
202111220000,54857.0,1.0,9.0,4.0,80.0,140.0,3.0,24.7,17.9,65.9,1011.3,7.0,0.3,2.0,cma,30.0
202111220100,54857.0,1.0,9.0,4.0,80.0,140.0,3.0,24.7,17.9,65.9,1011.3,7.0,0.3,2.0,cma,30.0
202111220200,54857.0,1.0,9.0,4.0,80.0,140.0,3.0,24.7,17.9,65.9,1011.3,7.0,0.3,2.0,cma,30.0
202111220300,54857.0,1.0,9.0,4.0,80.0,140.0,3.0,24.7,17.9,65.9,1011.3,7.0,0.3,2.0,cma,30.0
202111220400,54857.0,1.0,9.0,4.0,80.0,140.0,3.0,24.7,17.9,65.9,1011.3,7.0,0.3,2.0,cma,30.0
202111220500,54857.0,1.0,9.0,4.0,80.0,140.0,3.0,24.7,17.9,65.9,1011.3,7.0,0.3,2.0,cma,30.0
202111220600,54857.0,1.0,9.0,4.0,80.0,140.0,3.0,24.7,17.9,65.9,1011.3,7.0,0.3,2.0,cma,30.0
202111220700,54857.0,1.0,9.0,4.0,80.0,140.0,3.0,24.7,17.9,65.9,1011.3,7.0,0.3,2.0,cma,30.0
202111220800,54857.0,1.0,9.0,4.0,80.0,140.0,3.0,24.7,17.9,65.9,1011.3,7.0,0.3,2.0,cma,30.0
202111220900,54857.0,1.0,9.0,4.0,80.0,140.0,3.0,24.7,17.9,65.9,1011.3,7.0,0.3,2.0,cma,30.0
202111221000,54857.0,1.0,9.0,4.0,80.0,140.0,3.0,24.7,17.9,65.9,1011.3,7.0,0.3,2.0,cma,30.0
202111221100,54857.0,1.0,9.0,4.0,80.0,140.0,3.0,24.7,17.9,65.9,1011.3,7.0,0.3,2.0,cma,30.0
202111221200,54857.0,1.0,9.0,4.0,80.0,140.0,3.0,24.7,17.9,65.9,1011.3,7.0,0.3,2.0,cma,30.0
202111221300,54857.0,1.0,9.0,4.0,80.0,140.0,3.0,24.7,17.9,65.9,1011.3,7.0,0.3,2.0,cma,30.0
202111221400,54857.0,1.0,9.0,4.0,80.0,140.0,3.0,24.7,17.9,65.9,1011.3,7.0,0.3,2.0,cma,30.0
202111221500,54857.0,1.0,9.0,4.0,80.0,140.0,3.0,24.7,17.9,65.9,1011.3,7.0,0.3,2.0,cma,30.0
202111221600,54857.0,1.0,9.0,4.0,80.0,140.0,3.0,24.7,17.9,65.9,1011.3,7.0,0.3,2.0,cma,30.0
202111221700,54857.0,1.0,9.0,4.0,80.0,140.0,3.0,24.7,17.9,65.9,1011.3,7.0,0.3,2.0,cma,30.0
202111221800,54857.0,1.0,9.0,4.0,80.0,140.0,3.0,24.7,17.9,65.9,1011.3,7.0,0.3,2.0,cma,30.0
202111221900,54857.0,1.0,9.0,4.0,80.0,140.0,3.0,24.7,17.9,65.9,1011.3,7.0,0.3,2.0,cma,30.0
202111222000,54857.0,1.0,9.0,4.0,80.0,140.0,3.0,24.7,17.9,65.9,1011.3,7.0,0.3,2.0,cma,30.0
202111222100,54857.0,1.0,9.0,4.0,80.0,140.0,3.0,24.7,17.9,65.9,1011.3,7.0,0.3,2.0,cma,30.0
202111222200,54857.0,1.0,9.0,4.0,80.0,140.0,3.0,24.7,17.9,65.9,1011.3,7.0,0.3,2.0,cma,30.0
202111222300,54857.0,1.0,9.0,4.0,80.0,140.0,3.0,24.7,17.9,65.9,1011.3,7.0,0.3,2.0,cma,30.0
202111230000,54857.0,1.0,9.0,4.0,80.0,140.0,3.0,24.7,17.9,65.9,1011.3,7.0,0.3,2.0,cma,30.0
202111230100,54857.0,1.0,9.0,4.0,80.0,140.0,3.0,24.7,17.9,65.9,1011.3,7.0,0.3,2.0,cma,30.0
202111230200,54857.0,1.0,9.0,4.0,80.0,140.0,3.0,24.7,17.9,65.9,1011.3,7.0,0.3,2.0,cma,30.0
202111230300,54857.0,1.0,9.0,4.0,80.0,140.0,3.0,24.7,17.9,65.9,1011.3,7.0,0.3,2.0,cma,30.0
202111230400,54857.0,1.0,9.0,4.0,80.0,140.0,3.0,24.7,17.9,65.9,1011.3,7.0,0.3,2.0,cma,30.0
202111230500,54857.0,1.0,9.0,4.0,80.0,140.0,3.0,24.7,17.9,65.9,1011.3,7.0,0.3,2.0,cma,30.0
202111230600,54857.0,1.0,9.0,4.0,80.0,140.0,3.0,24.7,17.9,65.9,1011.3,7.0,0.3,2.0,cma,30.0
202111230700,54857.0,1.0,9.0,4.0,80.0,140.0,3.0,24.7,17.9,65.9,1011.3,7.0,0.3,2.0,cma,30.0
202111230800,54857.0,1.0,9.0,4.0,80.0,140.0,3.0,24.7,17.9,65.9,1011.3,7.0,0.3,2.0,cma,30.0
202111230900,54857.0,1.0,9.0,4.0,80.0,140.0,3.0,24.7,17.9,65.9,1011.3,7.0,0.3,2.0,cma,30.0
202111231000,54857.0,1.0,9.0,4.0,80.0,140.0,3.0,24.7,17.9,65.9,1011.3,7.0,0.3,2.0,cma,30.0
202111231100,54857.0,1.0,9.0,4.0,80.0,140.0,3.0,24.7,17.9,65.9,1011.3,7.0,0.3,2.0,cma,30.0
202111231200,54857.0,1.0,9.0,4.0,80.0,140.0,3.0,24.7,17.9,65.9,1011.3,7.0,0.3,2.0,cma,30.0
202111231300,54857.0,1.0,9.0,4.0,80.0,140.0,3.0,24.7,17.9,65.9,1011.3,7.0,0.3,2.0,cma,30.0
202111231400,54857.0,1.0,9.0,4.0,80.0,140.0,3.0,24.7,17.9,65.9,1011.3,7.0,0.3,2.0,cma,30.0
202111231500,54857.0,1.0,9.0,4.0,80.0,140.0,3.0,24.7,17.9,65.9,1011.3,7.0,0.3,2.0,cma,30.0
202111231600,54857.0,1.0,9.0,4.0,80.0,140.0,3.0,24.7,17.9,65.9,1011.3,7.0,0.3,2.0,cma,30.0
202111231700,54857.0,1.0,9.0,4.0,80.0,140.0,3.0,24.7,17.9,65.9,1011.3,7.0,0.3,2.0,cma,30.0
202111231800,54857.0,1.0,9.0,4.0,80.0,140.0,3.0,24.7,17.9,65.9,1011.3,7.0,0.3,2.0,cma,30.0
202111231900,54857.0,1.0,9.0,4.0,80.0,140.0,3.0,24.7,17.9,65.9,1011.3,7.0,0.3,2.0,cma,30.0
202111232000,54857.0,1.0,9.0,4.0,80.0,140.0,3.0,24.7,17.9,65.9,1011.3,7.0,0.3,2.0,cma,30.0
202111232100,54857.0,1.0,9.0,4.0,80.0,140.0,3.0,24.7,17.9,65.9,1011.3,7.0,0.3,2.0,cma,30.0
202111232200,54857.0,1.0,9.0,4.0,80.0,140.0,3.0,24.7,17.9,65.9,1011.3,7.0,0.3,2.0,cma,30.0
202111232300,54857.0,1.0,9.0,4.0,80.0,140.0,3.0,24.7,17.9,65.9,1011.3,7.0,0.3,2.0,cma,30.0
202111240000,54857.0,1.0,9.0,4.0,80.0,140.0,3.0,24.7,17.9,65.9,1011.3,7.0,0.3,2.0,cma,30.0
202111240100,54857.0,1.0,9.0,4.0,80.0,140.0,3.0,24.7,17.9,65.9,1011.3,7.0,0.3,2.0,cma,30.0
202111240200,54857.0,1.0,9.0,4.0,80.0,140.0,3.0,24.7,17.9,65.9,1011.3,7.0,0.3,2.0,cma,30.0
202111240300,54857.0,1.0,9.0,4.0,80.0,140.0,3.0,24.7,17.9,65.9,1011.3,7.0,0.3,2.0,cma,30.0
202111240400,54857.0,1.0,9.0,4.0,80.0,140.0,3.0,24.7,17.9,65.9,1011.3,7.0,0.3,2.0,cma,30.0
202111240500,54857.0,1.0,9.0,4.0,80.0,140.0,3.0,24.7,17.9,65.9,1011.3,7.0,0.3,2.0,cma,30.0
202111240600,54857.0,1.0,9.0,4.0,80.0,140.0,3.0,24.7,17.9,65.9,1011.3,7.0,0.3,2.0,cma,30.0
202111240700,54857.0,1.0,9.0,4.0,80.0,140.0,3.0,24.7,17.9,65.9,1011.3,7.0,0.3,2.0,cma,30.0
202111240800,54857.0,1.0,9.0,4.0,80.0,140.0,3.0,24.7,17.9,65.9,1011.3,7.0,0.3,2.0,cma,30.0
202111240900,54857.0,1.0,9.0,4.0,80.0,140.0,3.0,24.7,17.9,65.9,1011.3,7.0,0.3,2.0,cma,30.0
202111241000,54857.0,1.0,9.0,4.0,80.0,140.0,3.0,24.7,17.9,65.9,1011.3,7.0,0.3,2.0,cma,30.0
202111241100,54857.0,1.0,9.0,4.0,80.0,140.0,3.0,24.7,17.9,65.9,1011.3,7.0,0.3,2.0,cma,30.0
202111241200,54857.0,1.0,9.0,4.0,80.0,140.0,3.0,24.7,17.9,65.9,1011.3,7.0,0.3,2.0,cma,30.0
202111241300,54857.0,1.0,9.0,4.0,80.0,140.0,3.0,24.7,17.9,65.9,1011.3,7.0,0.3,2.0,cma,30.0
202111241400,54857.0,1.0,9.0,4.0,80.0,140.0,3.0,24.7,17.9,65.9,1011.3,7.0,0.3,2.0,cma,30.0
202111241500,54857.0,1.0,9.0,4.0,80.0,140.0,3.0,24.7,17.9,65.9,1011.3,7.0,0.3,2.0,cma,30.0
202111241600,54857.0,1.0,9.0,4.0,80.0,140.0,3.0,24.7,17.9,65.9,1011.3,7.0,0.3,2.0,cma,30.0
202111241700,54857.0,1.0,9.0,4.0,80.0,140.0,3.0,24.7,17.9,65.9,1011.3,7.0,0.3,2.0,cma,30.0
202111241800,54857.0,1.0,9.0,4.0,80.0,140.0,3.0,24.7,17.9,65.9,1011.3,7.0,0.3,2.0,cma,30.0
202111241900,54857.0,1.0,9.0,4.0,80.0,140.0,3.0,24.7,17.9,65.9,1011.3,7.0,0.3,2.0,cma,30.0
202111242000,54857.0,1.0,9.0,4.0,80.0,140.0,3.0,24.7,17.9,65.9,1011.3,7.0,0.3,2.0,cma,30.0
202111242100,54857.0,1.0,9.0,4.0,80.0,140.0,3.0,24.7,17.9,65.9,1011.3,7.0,0.3,2.0,cma,30.0
202111242200,54857.0,1.0,9.0,4.0,80.0,140.0,3.0,24.7,17.9,65.9,1011.3,7.0,0.3,2.0,cma,30.0
202111242300,54857.0,1.0,9.0,4.0,80.0,140.0,3.0,24.7,17.9,65.9,1011.3,7.0,0.3,2.0,cma,30.0
202111250000,54857.0,1.0,9.0,4.0,80.0,140.0,3.0,24.7,17.9,65.9,1011.3,7.0,0.3,2.0,cma,30.0
202111250100,54857.0,1.0,9.0,4.0,80.0,140.0,3.0,24.7,17.9,65.9,1011.3,7.0,0.3,2.0,cma,30.0
202111250200,54857.0,1.0,9.0,4.0,80.0,140.0,3.0,24.7,17.9,65.9,1011.3,7.0,0.3,2.0,cma,30.0
202111250300,54857.0,1.0,9.0,4.0,80.0,140.0,3.0,24.7,17.9,65.9,1011.3,7.0,0.3,2.0,cma,30.0
202111250400,54857.0,1.0,9.0,4.0,80.0,140.0,3.0,24.7,17.9,65.9,1011.3,7.0,0.3,2.0,cma,30.0
202111250500,54857.0,1.0,9.0,4.0,80.0,140.0,3.0,24.7,17.9,65.9,1011.3,7.0,0.3,2.0,cma,30.0
202111250600,54857.0,1.0,9.0,4.0,80.0,140.0,3.0,24.7,17.9,65.9,1011.3,7.0,0.3,2.0,cma,30.0
202111250700,54857.0,1.0,9.0,4.0,80.0,140.0,3.0,24.7,17.9,65.9,1011.3,7.0,0.3,2.0,cma,30.0
202111250800,54857.0,1.0,9.0,4.0,80.0,140.0,3.0,24.7,17.9,65.9,1011.3,7.0,0.3,2.0,cma,30.0
202111250900,54857.0,1.0,9.0,4.0,80.0,140.0,3.0,24.7,17.9,65.9,1011.3,7.0,0.3,2.0,cma,30.0
202111251000,54857.0,1.0,9.0,4.0,80.0,140.0,3.0,24.7,17.9,65.9,1011.3,7.0,0.3,2.0,cma,30.0
202111251100,54857.0,1.0,9.0,4.0,80.0,140.0,3.0,24.7,17.9,65.9,1011.3,7.0,0.3,2.0,cma,30.0
202111251200,54857.0,1.0,9.0,4.0,80.0,140.0,3.0,24.7,17.9,65.9,1011.3,7.0,0.3,2.0,cma,30.0
202111251300,54857.0,1.0,9.0,4.0,80.0,140.0,3.0,24.7,17.9,65.9,1011.3,7.0,0.3,2.0,cma,30.0
202111251400,54857.0,1.0,9.0,4.0,80.0,140.0,3.0,24.7,17.9,65.9,1011.3,7.0,0.3,2.0,cma,30.0
202111251500,54857.0,1.0,9.0,4.0,80.0,140.0,3.0,24.7,17.9,65.9,1011.3,7.0,0.3,2.0,cma,30.0
202111251600,54857.0,1.0,9.0,4.0,80.0,140.0,3.0,24.7,17.9,65.9,1011.3,7.0,0.3,2.0,cma,30.0
202111251700,54857.0,1.0,9.0,4.0,80.0,140.0,3.0,24.7,17.9,65.9,1011.3,7.0,0.3,2.0,cma,30.0
202111251800,54857.0,1.0,9.0,4.0,80.0,140.0,3.0,24.7,17.9,65.9,1011.3,7.0,0.3,2.0,cma,30.0
202111251900,54857.0,1.0,9.0,4.0,80.0,140.0,3.0,24.7,17.9,65.9,1011.3,7.0,0.3,2.0,cma,30.0
202111252000,54857.0,1.0,9.0,4.0,80.0,140.0,3.0,24.7,17.9,65.9,1011.3,7.0,0.3,2.0,cma,30.0
202111252100,54857.0,1.0,9.0,4.0,80.0,140.0,3.0,24.7,17.9,65.9,1011.3,7.0,0.3,2.0,cma,30.0
202111252200,54857.0,1.0,9.0,4.0,80.0,140.0,3.0,24.7,17.9,65.9,1011.3,7.0,0.3,2.0,cma,30.0
202111252300,54857.0,1.0,9.0,4.0,80.0,140.0,3.0,24.7,17.9,65.9,1011.3,7.0,0.3,2.0,cma,30.0
202111260000,54857.0,1.0,9.0,4.0,80.0,140.0,3.0,24.7,17.9,65.9,1011.3,7.0,0.3,2.0,cma,30.0
202111260100,54857.0,1.0,9.0,4.0,80.0,140.0,3.0,24.7,17.9,65.9,1011.3,7.0,0.3,2.0,cma,30.0
202111260200,54857.0,1.0,9.0,4.0,80.0,140.0,3.0,24.7,17.9,65.9,1011.3,7.0,0.3,2.0,cma,30.0
202111260300,54857.0,1.0,9.0,4.0,80.0,140.0,3.0,24.7,17.9,65.9,1011.3,7.0,0.3,2.0,cma,30.0
202111260400,54857.0,1.0,9.0,4.0,80.0,140.0,3.0,24.7,17.9,65.9,1011.3,7.0,0.3,2.0,cma,30.0
202111260500,54857.0,1.0,9.0,4.0,80.0,140.0,3.0,24.7,17.9,65.9,1011.3,7.0,0.3,2.0,cma,30.0
202111260600,54857.0,1.0,9.0,4.0,80.0,140.0,3.0,24.7,17.9,65.9,1011.3,7.0,0.3,2.0,cma,30.0
202111260700,54857.0,1.0,9.0,4.0,80.0,140.0,3.0,24.7,17.9,65.9,1011.3,7.0,0.3,2.0,cma,30.0
202111260800,54857.0,1.0,9.0,4.0,80.0,140.0,3.0,24.7,17.9,65.9,1011.3,7.0,0.3,2.0,cma,30.0
202111260900,54857.0,1.0,9.0,4.0,80.0,140.0,3.0,24.7,17.9,65.9,1011.3,7.0,0.3,2.0,cma,30.0
202111261000,54857.0,1.0,9.0,4.0,80.0,140.0,3.0,24.7,17.9,65.9,1011.3,7.0,0.3,2.0,cma,30.0
202111261100,54857.0,1.0,9.0,4.0,80.0,140.0,3.0,24.7,17.9,65.9,1011.3,7.0,0.3,2.0,cma,30.0
202111261200,54857.0,1.0,9.0,4.0,80.0,140.0,3.0,24.7,17.9,65.9,1011.3,7.0,0.3,2.0,cma,30.0
202111261300,54857.0,1.0,9.0,4.0,80.0,140.0,3.0,24.7,17.9,65.9,1011.3,7.0,0.3,2.0,cma,30.0
202111261400,54857.0,1.0,9.0,4.0,80.0,140.0,3.0,24.7,17.9,65.9,1011.3,7.0,0.3,2.0,cma,30.0
202111261500,54857.0,1.0,9.0,4.0,80.0,140.0,3.0,24.7,17.9,65.9,1011.3,7.0,0.3,2.0,cma,30.0
202111261600,54857.0,1.0,9.0,4.0,80.0,140.0,3.0,24.7,17.9,65.9,1011.3,7.0,0.3,2.0,cma,30.0
202111261700,54857.0,1.0,9.0,4.0,80.0,140.0,3.0,24.7,17.9,65.9,1011.3,7.0,0.3,2.0,cma,30.0
202111261800,54857.0,1.0,9.0,4.0,80.0,140.0,3.0,24.7,17.9,65.9,1011.3,7.0,0.3,2.0,cma,30.0
202111261900,54857.0,1.0,9.0,4.0,80.0,140.0,3.0,24.7,17.9,65.9,1011.3,7.0,0.3,2.0,cma,30.0
202111262000,54857.0,1.0,9.0,4.0,80.0,140.0,3.0,24.7,17.9,65.9,1011.3,7.0,0.3,2.0,cma,30.0
202111262100,54857.0,1.0,9.0,4.0,80.0,140.0,3.0,24.7,17.9,65.9,1011.3,7.0,0.3,2.0,cma,30.0
202111262200,54857.0,1.0,9.0,4.0,80.0,140.0,3.0,24.7,17.9,65.9,1011.3,7.0,0.3,2.0,cma,30.0
202111262300,54857.0,1.0,9.0,4.0,80.0,140.0,3.0,24.7,17.9,65.9,1011.3,7.0,0.3,2.0,cma,30.0
202111270000,54857.0,1.0,9.0,4.0,80.0,140.0,3.0,24.7,17.9,65.9,1011.3,7.0,0.3,2.0,cma,30.0
202111270100,54857.0,1.0,9.0,4.0,80.0,140.0,3.0,24.7,17.9,65.9,1011.3,7.0,0.3,2.0,cma,30.0
202111270200,54857.0,1.0,9.0,4.0,80.0,140.0,3.0,24.7,17.9,65.9,1011.3,7.0,0.3,2.0,cma,30.0
202111270300,54857.0,1.0,9.0,4.0,80.0,140.0,3.0,24.7,17.9,65.9,1011.3,7.0,0.3,2.0,cma,30.0
202111270400,54857.0,1.0,9.0,4.0,80.0,140.0,3.0,24.7,17.9,65.9,1011.3,7.0,0.3,2.0,cma,30.0
202111270500,54857.0,1.0,9.0,4.0,80.0,140.0,3.0,24.7,17.9,65.9,1011.3,7.0,0.3,2.0,cma,30.0
202111270600,54857.0,1.0,9.0,4.0,80.0,140.0,3.0,24.7,17.9,65.9,1011.3,7.0,0.3,2.0,cma,30.0
202111270700,54857.0,1.0,9.0,4.0,80.0,140.0,3.0,24.7,17.9,65.9,1011.3,7.0,0.3,2.0,cma,30.0
202111270800,54857.0,1.0,9.0,4.0,80.0,140.0,3.0,24.7,17.9,65.9,1011.3,7.0,0.3,2.0,cma,30.0
202111270900,54857.0,1.0,9.0,4.0,80.0,140.0,3.0,24.7,17.9,65.9,1011.3,7.0,0.3,2.0,cma,30.0
202111271000,54857.0,1.0,9.0,4.0,80.0,140.0,3.0,24.7,17.9,65.9,1011.3,7.0,0.3,2.0,cma,30.0
202111271100,54857.0,1.0,9.0,4.0,80.0,140.0,3.0,24.7,17.9,65.9,1011.3,7.0,0.3,2.0,cma,30.0
202111271200,54857.0,1.0,9.0,4.0,80.0,140.0,3.0,24.7,17.9,65.9,1011.3,7.0,0.3,2.0,cma,30.0
202111271300,54857.0,1.0,9.0,4.0,80.0,140.0,3.0,24.7,17.9,65.9,1011.3,7.0,0.3,2.0,cma,30.0
202111271400,54857.0,1.0,9.0,4.0,80.0,140.0,3.0,24.7,17.9,65.9,1011.3,7.0,0.3,2.0,cma,30.0
202111271500,54857.0,1.0,9.0,4.0,80.0,140.0,3.0,24.7,17.9,65.9,1011.3,7.0,0.3,2.0,cma,30.0
202111271600,54857.0,1.0,9.0,4.0,80.0,140.0,3.0,24.7,17.9,65.9,1011.3,7.0,0.3,2.0,cma,30.0
202111271700,54857.0,1.0,9.0,4.0,80.0,140.0,3.0,24.7,17.9,65.9,1011.3,7.0,0.3,2.0,cma,30.0
202111271800,54857.0,1.0,9.0,4.0,80.0,140.0,3.0,24.7,17.9,65.9,1011.3,7.0,0.3,2.0,cma,30.0
202111271900,54857.0,1.0,9.0,4.0,80.0,140.0,3.0,24.7,17.9,65.9,1011.3,7.0,0.3,2.0,cma,30.0
202111272000,54857.0,1.0,9.0,4.0,80.0,140.0,3.0,24.7,17.9,65.9,1011.3,7.0,0.3,2.0,cma,30.0
202111272100,54857.0,1.0,9.0,4.0,80.0,140.0,3.0,24.7,17.9,65.9,1011.3,7.0,0.3,2.0,cma,30.0
202111272200,54857.0,1.0,9.0,4.0,80.0,140.0,3.0,24.7,17.9,65.9,1011.3,7.0,0.3,2.0,cma,30.0
202111272300,54857.0,1.0,9.0,4.0,80.0,140.0,3.0,24.7,17.9,65.9,1011.3,7.0,0.3,2.0,cma,30.0
202111280000,54857.0,1.0,9.0,4.0,80.0,140.0,3.0,24.7,17.9,65.9,1011.3,7.0,0.3,2.0,cma,30.0
202111280100,54857.0,1.0,9.0,4.0,80.0,140.0,3.0,24.7,17.9,65.9,1011.3,7.0,0.3,2.0,cma,30.0
202111280200,54857.0,1.0,9.0,4.0,80.0,140.0,3.0,24.7,17.9,65.9,1011.3,7.0,0.3,2.0,cma,30.0
202111280300,54857.0,1.0,9.0,4.0,80.0,140.0,3.0,24.7,17.9,65.9,1011.3,7.0,0.3,2.0,cma,30.0
202111280400,54857.0,1.0,9.0,4.0,80.0,140.0,3.0,24.7,17.9,65.9,1011.3,7.0,0.3,2.0,cma,30.0
202111280500,54857.0,1.0,9.0,4.0,80.0,140.0,3.0,24.7,17.9,65.9,1011.3,7.0,0.3,2.0,cma,30.0
202111280600,54857.0,1.0,9.0,4.0,80.0,140.0,3.0,24.7,17.9,65.9,1011.3,7.0,0.3,2.0,cma,30.0
202111280700,54857.0,1.0,9.0,4.0,80.0,140.0,3.0,24.7,17.9,65.9,1011.3,7.0,0.3,2.0,cma,30.0
202111280800,54857.0,1.0,9.0,4.0,80.0,140.0,3.0,24.7,17.9,65.9,1011.3,7.0,0.3,2.0,cma,30.0
202111280900,54857.0,1.0,9.0,4.0,80.0,140.0,3.0,24.7,17.9,65.9,1011.3,7.0,0.3,2.0,cma,30.0
202111281000,54857.0,1.0,9.0,4.0,80.0,140.0,3.0,24.7,17.9,65.9,1011.3,7.0,0.3,2.0,cma,30.0
202111281100,54857.0,1.0,9.0,4.0,80.0,140.0,3.0,24.7,17.9,65.9,1011.3,7.0,0.3,2.0,cma,30.0
202111281200,54857.0,1.0,9.0,4.0,80.0,140.0,3.0,24.7,17.9,65.9,1011.3,7.0,0.3,2.0,cma,30.0
202111281300,54857.0,1.0,9.0,4.0,80.0,140.0,3.0,24.7,17.9,65.9,1011.3,7.0,0.3,2.0,cma,30.0
202111281400,54857.0,1.0,9.0,4.0,80.0,140.0,3.0,24.7,17.9,65.9,1011.3,7.0,0.3,2.0,cma,30.0
202111281500,54857.0,1.0,9.0,4.0,80.0,140.0,3.0,24.7,17.9,65.9,1011.3,7.0,0.3,2.0,cma,30.0
202111281600,54857.0,1.0,9.0,4.0,80.0,140.0,3.0,24.7,17.9,65.9,1011.3,7.0,0.3,2.0,cma,30.0
202111281700,54857.0,1.0,9.0,4.0,80.0,140.0,3.0,24.7,17.9,65.9,1011.3,7.0,0.3,2.0,cma,30.0
202111281800,54857.0,1.0,9.0,4.0,80.0,140.0,3.0,24.7,17.9,65.9,1011.3,7.0,0.3,2.0,cma,30.0
202111281900,54857.0,1.0,9.0,4.0,80.0,140.0,3.0,24.7,17.9,65.9,1011.3,7.0,0.3,2.0,cma,30.0
202111282000,54857.0,1.0,9.0,4.0,80.0,140.0,3.0,24.7,17.9,65.9,1011.3,7.0,0.3,2.0,cma,30.0
202111282100,54857.0,1.0,9.0,4.0,80.0,140.0,3.0,24.7,17.9,65.9,1011.3,7.0,0.3,2.0,cma,30.0
202111282200,54857.0,1.0,9.0,4.0,80.0,140.0,3.0,24.7,17.9,65.9,1011.3,7.0,0.3,2.0,cma,30.0
202111282300,54857.0,1.0,9.0,4.0,80.0,140.0,3.0,24.7,17.9,65.9,1011.3,7.0,0.3,2.0,cma,30.0
202111290000,54857.0,1.0,9.0,4.0,80.0,140.0,3.0,24.7,17.9,65.9,1011.3,7.0,0.3,2.0,cma,30.0
202111290100,54857.0,1.0,9.0,4.0,80.0,140.0,3.0,24.7,17.9,65.9,1011.3,7.0,0.3,2.0,cma,30.0
202111290200,54857.0,1.0,9.0,4.0,80.0,140.0,3.0,24.7,17.9,65.9,1011.3,7.0,0.3,2.0,cma,30.0
202111290300,54857.0,1.0,9.0,4.0,80.0,140.0,3.0,24.7,17.9,65.9,1011.3,7.0,0.3,2.0,cma,30.0
202111290400,54857.0,1.0,9.0,4.0,80.0,140.0,3.0,24.7,17.9,65.9,1011.3,7.0,0.3,2.0,cma,30.0
202111290500,54857.0,1.0,9.0,4.0,80.0,140.0,3.0,24.7,17.9,65.9,1011.3,7.0,0.3,2.0,cma,30.0
202111290600,54857.0,1.0,9.0,4.0,80.0,140.0,3.0,24.7,17.9,65.9,1011.3,7.0,0.3,2.0,cma,30.0
202111290700,54857.0,1.0,9.0,4.0,80.0,140.0,3.0,24.7,17.9,65.9,1011.3,7.0,0.3,2.0,cma,30.0
202111290800,54857.0,1.0,9.0,4.0,80.0,140.0,3.0,24.7,17.9,65.9,1011.3,7.0,0.3,2.0,cma,30.0
202111290900,54857.0,1.0,9.0,4.0,80.0,140.0,3.0,24.7,17.9,65.9,1011.3,7.0,0.3,2.0,cma,30.0
202111291000,54857.0,1.0,9.0,4.0,80.0,140.0,3.0,24.7,17.9,65.9,1011.3,7.0,0.3,2.0,cma,30.0
202111291100,54857.0,1.0,9.0,4.0,80.0,140.0,3.0,24.7,17.9,65.9,1011.3,7.0,0.3,2.0,cma,30.0
202111291200,54857.0,1.0,9.0,4.0,80.0,140.0,3.0,24.7,17.9,65.9,1011.3,7.0,0.3,2.0,cma,30.0
202111291300,54857.0,1.0,9.0,4.0,80.0,140.0,3.0,24.7,17.9,65.9,1011.3,7.0,0.3,2.0,cma,30.0
202111291400,54857.0,1.0,9.0,4.0,80.0,140.0,3.0,24.7,17.9,65.9,1011.3,7.0,0.3,2.0,cma,30.0
202111291500,54857.0,1.0,9.0,4.0,80.0,140.0,3.0,24.7,17.9,65.9,1011.3,7.0,0.3,2.0,cma,30.0
202111291600,54857.0,1.0,9.0,4.0,80.0,140.0,3.0,24.7,17.9,65.9,1011.3,7.0,0.3,2.0,cma,30.0
202111291700,54857.0,1.0,9.0,4.0,80.0,140.0,3.0,24.7,17.9,65.9,1011.3,7.0,0.3,2.0,cma,30.0
202111291800,54857.0,1.0,9.0,4.0,80.0,140.0,3.0,24.7,17.9,65.9,1011.3,7.0,0.3,2.0,cma,30.0
202111291900,54857.0,1.0,9.0,4.0,80.0,140.0,3.0,24.7,17.9,65.9,1011.3,7.0,0.3,2.0,cma,30.0
202111292000,54857.0,1.0,9.0,4.0,80.0,140.0,3.0,24.7,17.9,65.9,1011.3,7.0,0.3,2.0,cma,30.0
202111292100,54857.0,1.0,9.0,4.0,80.0,140.0,3.0,24.7,17.9,65.9,1011.3,7.0,0.3,2.0,cma,30.0
202111292200,54857.0,1.0,9.0,4.0,80.0,140.0,3.0,24.7,17.9,65.9,1011.3,7.0,0.3,2.0,cma,30.0
202111292300,54857.0,1.0,9.0,4.0,80.0,140.0,3.0,24.7,17.9,65.9,1011.3,7.0,0.3,2.0,cma,30.0
202111300000,54857.0,1.0,9.0,4.0,80.0,140.0,3.0,24.7,17.9,65.9,1011.3,7.0,0.3,2.0,cma,30.0
202111300100,54857.0,1.0,9.0,4.0,80.0,140.0,3.0,24.7,17.9,65.9,1011.3,7.0,0.3,2.0,cma,30.0
202111300200,54857.0,1.0,9.0,4.0,80.0,140.0,3.0,24.7,17.9,65.9,1011.3,7.0,0.3,2.0,cma,30.0
202111300300,54857.0,1.0,9.0,4.0,80.0,140.0,3.0,24.7,17.9,65.9,1011.3,7.0,0.3,2.0,cma,30.0
202111300400,54857.0,1.0,9.0,4.0,80.0,140.0,3.0,24.7,17.9,65.9,1011.3,7.0,0.3,2.0,cma,30.0
202111300500,54857.0,1.0,9.0,4.0,80.0,140.0,3.0,24.7,17.9,65.9,1011.3,7.0,0.3,2.0,cma,30.0
202111300600,54857.0,1.0,9.0,4.0,80.0,140.0,3.0,24.7,17.9,65.9,1011.3,7.0,0.3,2.0,cma,30.0
202111300700,54857.0,1.0,9.0,4.0,80.0,140.0,3.0,24.7,17.9,65.9,1011.3,7.0,0.3,2.0,cma,30.0
202111300800,54857.0,1.0,9.0,4.0,80.0,140.0,3.0,24.7,17.9,65.9,1011.3,7.0,0.3,2.0,cma,30.0
202111300900,54857.0,1.0,9.0,4.0,80.0,140.0,3.0,24.7,17.9,65.9,1011.3,7.0,0.3,2.0,cma,30.0
202111301000,54857.0,1.0,9.0,4.0,80.0,140.0,3.0,24.7,17.9,65.9,1011.3,7.0,0.3,2.0,cma,30.0
202111301100,54857.0,1.0,9.0,4.0,80.0,140.0,3.0,24.7,17.9,65.9,1011.3,7.0,0.3,2.0,cma,30.0
202111301200,54857.0,1.0,9.0,4.0,80.0,140.0,3.0,24.7,17.9,65.9,1011.3,7.0,0.3,2.0,cma,30.0
202111301300,54857.0,1.0,9.0,4.0,80.0,140.0,3.0,24.7,17.9,65.9,1011.3,7.0,0.3,2.0,cma,30.0
202111301400,54857.0,1.0,9.0,4.0,80.0,140.0,3.0,24.7,17.9,65.9,1011.3,7.0,0.3,2.0,cma,30.0
202111301500,54857.0,1.0,9.0,4.0,80.0,140.0,3.0,24.7,17.9,65.9,1011.3,7.0,0.3,2.0,cma,30.0
202111301600,54857.0,1.0,9.0,4.0,80.0,140.0,3.0,24.7,17.9,65.9,1011.3,7.0,0.3,2.0,cma,30.0
202111301700,54857.0,1.0,9.0,4.0,80.0,140.0,3.0,24.7,17.9,65.9,1011.3,7.0,0.3,2.0,cma,30.0
202111301800,54857.0,1.0,9.0,4.0,80.0,140.0,3.0,24.7,17.9,65.9,1011.3,7.0,0.3,2.0,cma,30.0
202111301900,54857.0,1.0,9.0,4.0,80.0,140.0,3.0,24.7,17.9,65.9,1011.3,7.0,0.3,2.0,cma,30.0
202111302000,54857.0,1.0,9.0,4.0,80.0,140.0,3.0,24.7,17.9,65.9,1011.3,7.0,0.3,2.0,cma,30.0
202111302100,54857.0,1.0,9.0,4.0,80.0,140.0,3.0,24.7,17.9,65.9,1011.3,7.0,0.3,2.0,cma,30.0
202111302200,54857.0,1.0,9.0,4.0,80.0,140.0,3.0,24.7,17.9,65.9,1011.3,7.0,0.3,2.0,cma,30.0
202111302300,54857.0,1.0,9.0,4.0,80.0,140.0,3.0,24.7,17.9,65.9,1011.3,7.0,0.3,2.0,cma,30.0
202112010000,54857.0,1.0,9.0,4.0,80.0,140.0,3.0,24.7,17.9,65.9,1011.3,7.0,0.3,2.0,cma,30.0
202112010100,54857.0,1.0,9.0,4.0,80.0,140.0,3.0,24.7,17.9,65.9,1011.3,7.0,0.3,2.0,cma,30.0
202112010200,54857.0,1.0,9.0,4.0,80.0,140.0,3.0,24.7,17.9,65.9,1011.3,7.0,0.3,2.0,cma,30.0
202112010300,54857.0,1.0,9.0,4.0,80.0,140.0,3.0,24.7,17.9,65.9,1011.3,7.0,0.3,2.0,cma,30.0
202112010400,54857.0,1.0,9.0,4.0,80.0,140.0,3.0,24.7,17.9,65.9,1011.3,7.0,0.3,2.0,cma,30.0
202112010500,54857.0,1.0,9.0,4.0,80.0,140.0,3.0,24.7,17.9,65.9,1011.3,7.0,0.3,2.0,cma,30.0
202112010600,54857.0,1.0,9.0,4.0,80.0,140.0,3.0,24.7,17.9,65.9,1011.3,7.0,0.3,2.0,cma,30.0
202112010700,54857.0,1.0,9.0,4.0,80.0,140.0,3.0,24.7,17.9,65.9,1011.3,7.0,0.3,2.0,cma,30.0
202112010800,54857.0,1.0,9.0,4.0,80.0,140.0,3.0,24.7,17.9,65.9,1011.3,7.0,0.3,2.0,cma,30.0
202112010900,54857.0,1.0,9.0,4.0,80.0,140.0,3.0,24.7,17.9,65.9,1011.3,7.0,0.3,2.0,cma,30.0
202112011000,54857.0,1.0,9.0,4.0,80.0,140.0,3.0,24.7,17.9,65.9,1011.3,7.0,0.3,2.0,cma,30.0
202112011100,54857.0,1.0,9.0,4.0,80.0,140.0,3.0,24.7,17.9,65.9,1011.3,7.0,0.3,2.0,cma,30.0
202112011200,54857.0,1.0,9.0,4.0,80.0,140.0,3.0,24.7,17.9,65.9,1011.3,7.0,0.3,2.0,cma,30.0
202112011300,54857.0,1.0,9.0,4.0,80.0,140.0,3.0,24.7,17.9,65.9,1011.3,7.0,0.3,2.0,cma,30.0
202112011400,54857.0,1.0,9.0,4.0,80.0,140.0,3.0,24.7,17.9,65.9,1011.3,7.0,0.3,2.0,cma,30.0
202112011500,54857.0,1.0,9.0,4.0,80.0,140.0,3.0,24.7,17.9,65.9,1011.3,7.0,0.3,2.0,cma,30.0
202112011600,54857.0,1.0,9.0,4.0,80.0,140.0,3.0,24.7,17.9,65.9,1011.3,7.0,0.3,2.0,cma,30.0
202112011700,54857.0,1.0,9.0,4.0,80.0,140.0,3.0,24.7,17.9,65.9,1011.3,7.0,0.3,2.0,cma,30.0
202112011800,54857.0,1.0,9.0,4.0,80.0,140.0,3.0,24.7,17.9,65.9,1011.3,7.0,0.3,2.0,cma,30.0
202112011900,54857.0,1.0,9.0,4.0,80.0,140.0,3.0,24.7,17.9,65.9,1011.3,7.0,0.3,2.0,cma,30.0
202112012000,54857.0,1.0,9.0,4.0,80.0,140.0,3.0,24.7,17.9,65.9,1011.3,7.0,0.3,2.0,cma,30.0
202112012100,54857.0,1.0,9.0,4.0,80.0,140.0,3.0,24.7,17.9,65.9,1011.3,7.0,0.3,2.0,cma,30.0
202112012200,54857.0,1.0,9.0,4.0,80.0,140.0,3.0,24.7,17.9,65.9,1011.3,7.0,0.3,2.0,cma,30.0
202112012300,54857.0,1.0,9.0,4.0,80.0,140.0,3.0,24.7,17.9,65.9,1011.3,7.0,0.3,2.0,cma,30.0
202112020000,54857.0,1.0,9.0,4.0,80.0,140.0,3.0,24.7,17.9,65.9,1011.3,7.0,0.3,2.0,cma,30.0
202112020100,54857.0,1.0,9.0,4.0,80.0,140.0,3.0,24.7,17.9,65.9,1011.3,7.0,0.3,2.0,cma,30.0
202112020200,54857.0,1.0,9.0,4.0,80.0,140.0,3.0,24.7,17.9,65.9,1011.3,7.0,0.3,2.0,cma,30.0
202112020300,54857.0,1.0,9.0,4.0,80.0,140.0,3.0,24.7,17.9,65.9,1011.3,7.0,0.3,2.0,cma,30.0
202112020400,54857.0,1.0,9.0,4.0,80.0,140.0,3.0,24.7,17.9,65.9,1011.3,7.0,0.3,2.0,cma,30.0
202112020500,54857.0,1.0,9.0,4.0,80.0,140.0,3.0,24.7,17.9,65.9,1011.3,7.0,0.3,2.0,cma,30.0
202112020600,54857.0,1.0,9.0,4.0,80.0,140.0,3.0,24.7,17.9,65.9,1011.3,7.0,0.3,2.0,cma,30.0
202112020700,54857.0,1.0,9.0,4.0,80.0,140.0,3.0,24.7,17.9,65.9,1011.3,7.0,0.3,2.0,cma,30.0
202112020800,54857.0,1.0,9.0,4.0,80.0,140.0,3.0,24.7,17.9,65.9,1011.3,7.0,0.3,2.0,cma,30.0
202112020900,54857.0,1.0,9.0,4.0,80.0,140.0,3.0,24.7,17.9,65.9,1011.3,7.0,0.3,2.0,cma,30.0
202112021000,54857.0,1.0,9.0,4.0,80.0,140.0,3.0,24.7,17.9,65.9,1011.3,7.0,0.3,2.0,cma,30.0
202112021100,54857.0,1.0,9.0,4.0,80.0,140.0,3.0,24.7,17.9,65.9,1011.3,7.0,0.3,2.0,cma,30.0
202112021200,54857.0,1.0,9.0,4.0,80.0,140.0,3.0,24.7,17.9,65.9,1011.3,7.0,0.3,2.0,cma,30.0
202112021300,54857.0,1.0,9.0,4.0,80.0,140.0,3.0,24.7,17.9,65.9,1011.3,7.0,0.3,2.0,cma,30.0
202112021400,54857.0,1.0,9.0,4.0,80.0,140.0,3.0,24.7,17.9,65.9,1011.3,7.0,0.3,2.0,cma,30.0
202112021500,54857.0,1.0,9.0,4.0,80.0,140.0,3.0,24.7,17.9,65.9,1011.3,7.0,0.3,2.0,cma,30.0
202112021600,54857.0,1.0,9.0,4.0,80.0,140.0,3.0,24.7,17.9,65.9,1011.3,7.0,0.3,2.0,cma,30.0
202112021700,54857.0,1.0,9.0,4.0,80.0,140.0,3.0,24.7,17.9,65.9,1011.3,7.0,0.3,2.0,cma,30.0
202112021800,54857.0,1.0,9.0,4.0,80.0,140.0,3.0,24.7,17.9,65.9,1011.3,7.0,0.3,2.0,cma,30.0
202112021900,54857.0,1.0,9.0,4.0,80.0,140.0,3.0,24.7,17.9,65.9,1011.3,7.0,0.3,2.0,cma,30.0
202112022000,54857.0,1.0,9.0,4.0,80.0,140.0,3.0,24.7,17.9,65.9,1011.3,7.0,0.3,2.0,cma,30.0
202112022100,54857.0,1.0,9.0,4.0,80.0,140.0,3.0,24.7,17.9,65.9,1011.3,7.0,0.3,2.0,cma,30.0
202112022200,54857.0,1.0,9.0,4.0,80.0,140.0,3.0,24.7,17.9,65.9,1011.3,7.0,0.3,2.0,cma,30.0
202112022300,54857.0,1.0,9.0,4.0,80.0,140.0,3.0,24.7,17.9,65.9,1011.3,7.0,0.3,2.0,cma,30.0
202112030000,54857.0,1.0,9.0,4.0,80.0,140.0,3.0,24.7,17.9,65.9,1011.3,7.0,0.3,2.0,cma,30.0
202112030100,54857.0,1.0,9.0,4.0,80.0,140.0,3.0,24.7,17.9,65.9,1011.3,7.0,0.3,2.0,cma,30.0
202112030200,54857.0,1.0,9.0,4.0,80.0,140.0,3.0,24.7,17.9,65.9,1011.3,7.0,0.3,2.0,cma,30.0
202112030300,54857.0,1.0,9.0,4.0,80.0,140.0,3.0,24.7,17.9,65.9,1011.3,7.0,0.3,2.0,cma,30.0
202112030400,54857.0,1.0,9.0,4.0,80.0,140.0,3.0,24.7,17.9,65.9,1011.3,7.0,0.3,2.0,cma,30.0
202112030500,54857.0,1.0,9.0,4.0,80.0,140.0,3.0,24.7,17.9,65.9,1011.3,7.0,0.3,2.0,cma,30.0
202112030600,54857.0,1.0,9.0,4.0,80.0,140.0,3.0,24.7,17.9,65.9,1011.3,7.0,0.3,2.0,cma,30.0
202112030700,54857.0,1.0,9.0,4.0,80.0,140.0,3.0,24.7,17.9,65.9,1011.3,7.0,0.3,2.0,cma,30.0
202112030800,54857.0,1.0,9.0,4.0,80.0,140.0,3.0,24.7,17.9,65.9,1011.3,7.0,0.3,2.0,cma,30.0
202112030900,54857.0,1.0,9.0,4.0,80.0,140.0,3.0,24.7,17.9,65.9,1011.3,7.0,0.3,2.0,cma,30.0
202112031000,54857.0,1.0,9.0,4.0,80.0,140.0,3.0,24.7,17.9,65.9,1011.3,7.0,0.3,2.0,cma,30.0
202112031100,54857.0,1.0,9.0,4.0,80.0,140.0,3.0,24.7,17.9,65.9,1011.3,7.0,0.3,2.0,cma,30.0
202112031200,54857.0,1.0,9.0,4.0,80.0,140.0,3.0,24.7,17.9,65.9,1011.3,7.0,0.3,2.0,cma,30.0
202112031300,54857.0,1.0,9.0,4.0,80.0,140.0,3.0,24.7,17.9,65.9,1011.3,7.0,0.3,2.0,cma,30.0
202112031400,54857.0,1.0,9.0,4.0,80.0,140.0,3.0,24.7,17.9,65.9,1011.3,7.0,0.3,2.0,cma,30.0
202112031500,54857.0,1.0,9.0,4.0,80.0,140.0,3.0,24.7,17.9,65.9,1011.3,7.0,0.3,2.0,cma,30.0
202112031600,54857.0,1.0,9.0,4.0,80.0,140.0,3.0,24.7,17.9,65.9,1011.3,7.0,0.3,2.0,cma,30.0
202112031700,54857.0,1.0,9.0,4.0,80.0,140.0,3.0,24.7,17.9,65.9,1011.3,7.0,0.3,2.0,cma,30.0
202112031800,54857.0,1.0,9.0,4.0,80.0,140.0,3.0,24.7,17.9,65.9,1011.3,7.0,0.3,2.0,cma,30.0
202112031900,54857.0,1.0,9.0,4.0,80.0,140.0,3.0,24.7,17.9,65.9,1011.3,7.0,0.3,2.0,cma,30.0
202112032000,54857.0,1.0,9.0,4.0,80.0,140.0,3.0,24.7,17.9,65.9,1011.3,7.0,0.3,2.0,cma,30.0
202112032100,54857.0,1.0,9.0,4.0,80.0,140.0,3.0,24.7,17.9,65.9,1011.3,7.0,0.3,2.0,cma,30.0
202112032200,54857.0,1.0,9.0,4.0,80.0,140.0,3.0,24.7,17.9,65.9,1011.3,7.0,0.3,2.0,cma,30.0
202112032300,54857.0,1.0,9.0,4.0,80.0,140.0,3.0,24.7,17.9,65.9,1011.3,7.0,0.3,2.0,cma,30.0
202112040000,54857.0,1.0,9.0,4.0,80.0,140.0,3.0,24.7,17.9,65.9,1011.3,7.0,0.3,2.0,cma,30.0
202112040100,54857.0,1.0,9.0,4.0,80.0,140.0,3.0,24.7,17.9,65.9,1011.3,7.0,0.3,2.0,cma,30.0
202112040200,54857.0,1.0,9.0,4.0,80.0,140.0,3.0,24.7,17.9,65.9,1011.3,7.0,0.3,2.0,cma,30.0
202112040300,54857.0,1.0,9.0,4.0,80.0,140.0,3.0,24.7,17.9,65.9,1011.3,7.0,0.3,2.0,cma,30.0
202112040400,54857.0,1.0,9.0,4.0,80.0,140.0,3.0,24.7,17.9,65.9,1011.3,7.0,0.3,2.0,cma,30.0
202112040500,54857.0,1.0,9.0,4.0,80.0,140.0,3.0,24.7,17.9,65.9,1011.3,7.0,0.3,2.0,cma,30.0
202112040600,54857.0,1.0,9.0,4.0,80.0,140.0,3.0,24.7,17.9,65.9,1011.3,7.0,0.3,2.0,cma,30.0
202112040700,54857.0,1.0,9.0,4.0,80.0,140.0,3.0,24.7,17.9,65.9,1011.3,7.0,0.3,2.0,cma,30.0
202112040800,54857.0,1.0,9.0,4.0,80.0,140.0,3.0,24.7,17.9,65.9,1011.3,7.0,0.3,2.0,cma,30.0
202112040900,54857.0,1.0,9.0,4.0,80.0,140.0,3.0,24.7,17.9,65.9,1011.3,7.0,0.3,2.0,cma,30.0
202112041000,54857.0,1.0,9.0,4.0,80.0,140.0,3.0,24.7,17.9,65.9,1011.3,7.0,0.3,2.0,cma,30.0
202112041100,54857.0,1.0,9.0,4.0,80.0,140.0,3.0,24.7,17.9,65.9,1011.3,7.0,0.3,2.0,cma,30.0
202112041200,54857.0,1.0,9.0,4.0,80.0,140.0,3.0,24.7,17.9,65.9,1011.3,7.0,0.3,2.0,cma,30.0
202112041300,54857.0,1.0,9.0,4.0,80.0,140.0,3.0,24.7,17.9,65.9,1011.3,7.0,0.3,2.0,cma,30.0
202112041400,54857.0,1.0,9.0,4.0,80.0,140.0,3.0,24.7,17.9,65.9,1011.3,7.0,0.3,2.0,cma,30.0
202112041500,54857.0,1.0,9.0,4.0,80.0,140.0,3.0,24.7,17.9,65.9,1011.3,7.0,0.3,2.0,cma,30.0
202112041600,54857.0,1.0,9.0,4.0,80.0,140.0,3.0,24.7,17.9,65.9,1011.3,7.0,0.3,2.0,cma,30.0
202112041700,54857.0,1.0,9.0,4.0,80.0,140.0,3.0,24.7,17.9,65.9,1011.3,7.0,0.3,2.0,cma,30.0
202112041800,54857.0,1.0,9.0,4.0,80.0,140.0,3.0,24.7,17.9,65.9,1011.3,7.0,0.3,2.0,cma,30.0
202112041900,54857.0,1.0,9.0,4.0,80.0,140.0,3.0,24.7,17.9,65.9,1011.3,7.0,0.3,2.0,cma,30.0
202112042000,54857.0,1.0,9.0,4.0,80.0,140.0,3.0,24.7,17.9,65.9,1011.3,7.0,0.3,2.0,cma,30.0
202112042100,54857.0,1.0,9.0,4.0,80.0,140.0,3.0,24.7,17.9,65.9,1011.3,7.0,0.3,2.0,cma,30.0
202112042200,54857.0,1.0,9.0,4.0,80.0,140.0,3.0,24.7,17.9,65.9,1011.3,7.0,0.3,2.0,cma,30.0
202112042300,54857.0,1.0,9.0,4.0,80.0,140.0,3.0,24.7,17.9,65.9,1011.3,7.0,0.3,2.0,cma,30.0
202112050000,54857.0,1.0,9.0,4.0,80.0,140.0,3.0,24.7,17.9,65.9,1011.3,7.0,0.3,2.0,cma,30.0
202112050100,54857.0,1.0,9.0,4.0,80.0,140.0,3.0,24.7,17.9,65.9,1011.3,7.0,0.3,2.0,cma,30.0
202112050200,54857.0,1.0,9.0,4.0,80.0,140.0,3.0,24.7,17.9,65.9,1011.3,7.0,0.3,2.0,cma,30.0
202112050300,54857.0,1.0,9.0,4.0,80.0,140.0,3.0,24.7,17.9,65.9,1011.3,7.0,0.3,2.0,cma,30.0
202112050400,54857.0,1.0,9.0,4.0,80.0,140.0,3.0,24.7,17.9,65.9,1011.3,7.0,0.3,2.0,cma,30.0
202112050500,54857.0,1.0,9.0,4.0,80.0,140.0,3.0,24.7,17.9,65.9,1011.3,7.0,0.3,2.0,cma,30.0
202112050600,54857.0,1.0,9.0,4.0,80.0,140.0,3.0,24.7,17.9,65.9,1011.3,7.0,0.3,2.0,cma,30.0
202112050700,54857.0,1.0,9.0,4.0,80.0,140.0,3.0,24.7,17.9,65.9,1011.3,7.0,0.3,2.0,cma,30.0
202112050800,54857.0,1.0,9.0,4.0,80.0,140.0,3.0,24.7,17.9,65.9,1011.3,7.0,0.3,2.0,cma,30.0
202112050900,54857.0,1.0,9.0,4.0,80.0,140.0,3.0,24.7,17.9,65.9,1011.3,7.0,0.3,2.0,cma,30.0
202112051000,54857.0,1.0,9.0,4.0,80.0,140.0,3.0,24.7,17.9,65.9,1011.3,7.0,0.3,2.0,cma,30.0
202112051100,54857.0,1.0,9.0,4.0,80.0,140.0,3.0,24.7,17.9,65.9,1011.3,7.0,0.3,2.0,cma,30.0
202112051200,54857.0,1.0,9.0,4.0,80.0,140.0,3.0,24.7,17.9,65.9,1011.3,7.0,0.3,2.0,cma,30.0
202112051300,54857.0,1.0,9.0,4.0,80.0,140.0,3.0,24.7,17.9,65.9,1011.3,7.0,0.3,2.0,cma,30.0
202112051400,54857.0,1.0,9.0,4.0,80.0,140.0,3.0,24.7,17.9,65.9,1011.3,7.0,0.3,2.0,cma,30.0
202112051500,54857.0,1.0,9.0,4.0,80.0,140.0,3.0,24.7,17.9,65.9,1011.3,7.0,0.3,2.0,cma,30.0
202112051600,54857.0,1.0,9.0,4.0,80.0,140.0,3.0,24.7,17.9,65.9,1011.3,7.0,0.3,2.0,cma,30.0
202112051700,54857.0,1.0,9.0,4.0,80.0,140.0,3.0,24.7,17.9,65.9,1011.3,7.0,0.3,2.0,cma,30.0
202112051800,54857.0,1.0,9.0,4.0,80.0,140.0,3.0,24.7,17.9,65.9,1011.3,7.0,0.3,2.0,cma,30.0
202112051900,54857.0,1.0,9.0,4.0,80.0,140.0,3.0,24.7,17.9,65.9,1011.3,7.0,0.3,2.0,cma,30.0
202112052000,54857.0,1.0,9.0,4.0,80.0,140.0,3.0,24.7,17.9,65.9,1011.3,7.0,0.3,2.0,cma,30.0
202112052100,54857.0,1.0,9.0,4.0,80.0,140.0,3.0,24.7,17.9,65.9,1011.3,7.0,0.3,2.0,cma,30.0
202112052200,54857.0,1.0,9.0,4.0,80.0,140.0,3.0,24.7,17.9,65.9,1011.3,7.0,0.3,2.0,cma,30.0
202112052300,54857.0,1.0,9.0,4.0,80.0,140.0,3.0,24.7,17.9,65.9,1011.3,7.0,0.3,2.0,cma,30.0
202112060000,54857.0,1.0,9.0,4.0,80.0,140.0,3.0,24.7,17.9,65.9,1011.3,7.0,0.3,2.0,cma,30.0
202112060100,54857.0,1.0,9.0,4.0,80.0,140.0,3.0,24.7,17.9,65.9,1011.3,7.0,0.3,2.0,cma,30.0
202112060200,54857.0,1.0,9.0,4.0,80.0,140.0,3.0,24.7,17.9,65.9,1011.3,7.0,0.3,2.0,cma,30.0
202112060300,54857.0,1.0,9.0,4.0,80.0,140.0,3.0,24.7,17.9,65.9,1011.3,7.0,0.3,2.0,cma,30.0
202112060400,54857.0,1.0,9.0,4.0,80.0,140.0,3.0,24.7,17.9,65.9,1011.3,7.0,0.3,2.0,cma,30.0
202112060500,54857.0,1.0,9.0,4.0,80.0,140.0,3.0,24.7,17.9,65.9,1011.3,7.0,0.3,2.0,cma,30.0
202112060600,54857.0,1.0,9.0,4.0,80.0,140.0,3.0,24.7,17.9,65.9,1011.3,7.0,0.3,2.0,cma,30.0
202112060700,54857.0,1.0,9.0,4.0,80.0,140.0,3.0,24.7,17.9,65.9,1011.3,7.0,0.3,2.0,cma,30.0
202112060800,54857.0,1.0,9.0,4.0,80.0,140.0,3.0,24.7,17.9,65.9,1011.3,7.0,0.3,2.0,cma,30.0
202112060900,54857.0,1.0,9.0,4.0,80.0,140.0,3.0,24.7,17.9,65.9,1011.3,7.0,0.3,2.0,cma,30.0
202112061000,54857.0,1.0,9.0,4.0,80.0,140.0,3.0,24.7,17.9,65.9,1011.3,7.0,0.3,2.0,cma,30.0
202112061100,54857.0,1.0,9.0,4.0,80.0,140.0,3.0,24.7,17.9,65.9,1011.3,7.0,0.3,2.0,cma,30.0
202112061200,54857.0,1.0,9.0,4.0,80.0,140.0,3.0,24.7,17.9,65.9,1011.3,7.0,0.3,2.0,cma,30.0
202112061300,54857.0,1.0,9.0,4.0,80.0,140.0,3.0,24.7,17.9,65.9,1011.3,7.0,0.3,2.0,cma,30.0
202112061400,54857.0,1.0,9.0,4.0,80.0,140.0,3.0,24.7,17.9,65.9,1011.3,7.0,0.3,2.0,cma,30.0
202112061500,54857.0,1.0,9.0,4.0,80.0,140.0,3.0,24.7,17.9,65.9,1011.3,7.0,0.3,2.0,cma,30.0
202112061600,54857.0,1.0,9.0,4.0,80.0,140.0,3.0,24.7,17.9,65.9,1011.3,7.0,0.3,2.0,cma,30.0
202112061700,54857.0,1.0,9.0,4.0,80.0,140.0,3.0,24.7,17.9,65.9,1011.3,7.0,0.3,2.0,cma,30.0
202112061800,54857.0,1.0,9.0,4.0,80.0,140.0,3.0,24.7,17.9,65.9,1011.3,7.0,0.3,2.0,cma,30.0
202112061900,54857.0,1.0,9.0,4.0,80.0,140.0,3.0,24.7,17.9,65.9,1011.3,7.0,0.3,2.0,cma,30.0
202112062000,54857.0,1.0,9.0,4.0,80.0,140.0,3.0,24.7,17.9,65.9,1011.3,7.0,0.3,2.0,cma,30.0
202112062100,54857.0,1.0,9.0,4.0,80.0,140.0,3.0,24.7,17.9,65.9,1011.3,7.0,0.3,2.0,cma,30.0
202112062200,54857.0,1.0,9.0,4.0,80.0,140.0,3.0,24.7,17.9,65.9,1011.3,7.0,0.3,2.0,cma,30.0
202112062300,54857.0,1.0,9.0,4.0,80.0,140.0,3.0,24.7,17.9,65.9,1011.3,7.0,0.3,2.0,cma,30.0
202112070000,54857.0,1.0,9.0,4.0,80.0,140.0,3.0,24.7,17.9,65.9,1011.3,7.0,0.3,2.0,cma,30.0
202112070100,54857.0,1.0,9.0,4.0,80.0,140.0,3.0,24.7,17.9,65.9,1011.3,7.0,0.3,2.0,cma,30.0
202112070200,54857.0,1.0,9.0,4.0,80.0,140.0,3.0,24.7,17.9,65.9,1011.3,7.0,0.3,2.0,cma,30.0
202112070300,54857.0,1.0,9.0,4.0,80.0,140.0,3.0,24.7,17.9,65.9,1011.3,7.0,0.3,2.0,cma,30.0
202112070400,54857.0,1.0,9.0,4.0,80.0,140.0,3.0,24.7,17.9,65.9,1011.3,7.0,0.3,2.0,cma,30.0
202112070500,54857.0,1.0,9.0,4.0,80.0,140.0,3.0,24.7,17.9,65.9,1011.3,7.0,0.3,2.0,cma,30.0
202112070600,54857.0,1.0,9.0,4.0,80.0,140.0,3.0,24.7,17.9,65.9,1011.3,7.0,0.3,2.0,cma,30.0
202112070700,54857.0,1.0,9.0,4.0,80.0,140.0,3.0,24.7,17.9,65.9,1011.3,7.0,0.3,2.0,cma,30.0
202112070800,54857.0,1.0,9.0,4.0,80.0,140.0,3.0,24.7,17.9,65.9,1011.3,7.0,0.3,2.0,cma,30.0
202112070900,54857.0,1.0,9.0,4.0,80.0,140.0,3.0,24.7,17.9,65.9,1011.3,7.0,0.3,2.0,cma,30.0
202112071000,54857.0,1.0,9.0,4.0,80.0,140.0,3.0,24.7,17.9,65.9,1011.3,7.0,0.3,2.0,cma,30.0
202112071100,54857.0,1.0,9.0,4.0,80.0,140.0,3.0,24.7,17.9,65.9,1011.3,7.0,0.3,2.0,cma,30.0
202112071200,54857.0,1.0,9.0,4.0,80.0,140.0,3.0,24.7,17.9,65.9,1011.3,7.0,0.3,2.0,cma,30.0
202112071300,54857.0,1.0,9.0,4.0,80.0,140.0,3.0,24.7,17.9,65.9,1011.3,7.0,0.3,2.0,cma,30.0
202112071400,54857.0,1.0,9.0,4.0,80.0,140.0,3.0,24.7,17.9,65.9,1011.3,7.0,0.3,2.0,cma,30.0
202112071500,54857.0,1.0,9.0,4.0,80.0,140.0,3.0,24.7,17.9,65.9,1011.3,7.0,0.3,2.0,cma,30.0
202112071600,54857.0,1.0,9.0,4.0,80.0,140.0,3.0,24.7,17.9,65.9,1011.3,7.0,0.3,2.0,cma,30.0
202112071700,54857.0,1.0,9.0,4.0,80.0,140.0,3.0,24.7,17.9,65.9,1011.3,7.0,0.3,2.0,cma,30.0
202112071800,54857.0,1.0,9.0,4.0,80.0,140.0,3.0,24.7,17.9,65.9,1011.3,7.0,0.3,2.0,cma,30.0
202112071900,54857.0,1.0,9.0,4.0,80.0,140.0,3.0,24.7,17.9,65.9,1011.3,7.0,0.3,2.0,cma,30.0
202112072000,54857.0,1.0,9.0,4.0,80.0,140.0,3.0,24.7,17.9,65.9,1011.3,7.0,0.3,2.0,cma,30.0
202112072100,54857.0,1.0,9.0,4.0,80.0,140.0,3.0,24.7,17.9,65.9,1011.3,7.0,0.3,2.0,cma,30.0
202112072200,54857.0,1.0,9.0,4.0,80.0,140.0,3.0,24.7,17.9,65.9,1011.3,7.0,0.3,2.0,cma,30.0
202112072300,54857.0,1.0,9.0,4.0,80.0,140.0,3.0,24.7,17.9,65.9,1011.3,7.0,0.3,2.0,cma,30.0
202112080000,54857.0,1.0,9.0,4.0,80.0,140.0,3.0,24.7,17.9,65.9,1011.3,7.0,0.3,2.0,cma,30.0
202112080100,54857.0,1.0,9.0,4.0,80.0,140.0,3.0,24.7,17.9,65.9,1011.3,7.0,0.3,2.0,cma,30.0
202112080200,54857.0,1.0,9.0,4.0,80.0,140.0,3.0,24.7,17.9,65.9,1011.3,7.0,0.3,2.0,cma,30.0
202112080300,54857.0,1.0,9.0,4.0,80.0,140.0,3.0,24.7,17.9,65.9,1011.3,7.0,0.3,2.0,cma,30.0
202112080400,54857.0,1.0,9.0,4.0,80.0,140.0,3.0,24.7,17.9,65.9,1011.3,7.0,0.3,2.0,cma,30.0
202112080500,54857.0,1.0,9.0,4.0,80.0,140.0,3.0,24.7,17.9,65.9,1011.3,7.0,0.3,2.0,cma,30.0
202112080600,54857.0,1.0,9.0,4.0,80.0,140.0,3.0,24.7,17.9,65.9,1011.3,7.0,0.3,2.0,cma,30.0
202112080700,54857.0,1.0,9.0,4.0,80.0,140.0,3.0,24.7,17.9,65.9,1011.3,7.0,0.3,2.0,cma,30.0
202112080800,54857.0,1.0,9.0,4.0,80.0,140.0,3.0,24.7,17.9,65.9,1011.3,7.0,0.3,2.0,cma,30.0
202112080900,54857.0,1.0,9.0,4.0,80.0,140.0,3.0,24.7,17.9,65.9,1011.3,7.0,0.3,2.0,cma,30.0
202112081000,54857.0,1.0,9.0,4.0,80.0,140.0,3.0,24.7,17.9,65.9,1011.3,7.0,0.3,2.0,cma,30.0
202112081100,54857.0,1.0,9.0,4.0,80.0,140.0,3.0,24.7,17.9,65.9,1011.3,7.0,0.3,2.0,cma,30.0
202112081200,54857.0,1.0,9.0,4.0,80.0,140.0,3.0,24.7,17.9,65.9,1011.3,7.0,0.3,2.0,cma,30.0
202112081300,54857.0,1.0,9.0,4.0,80.0,140.0,3.0,24.7,17.9,65.9,1011.3,7.0,0.3,2.0,cma,30.0
202112081400,54857.0,1.0,9.0,4.0,80.0,140.0,3.0,24.7,17.9,65.9,1011.3,7.0,0.3,2.0,cma,30.0
202112081500,54857.0,1.0,9.0,4.0,80.0,140.0,3.0,24.7,17.9,65.9,1011.3,7.0,0.3,2.0,cma,30.0
202112081600,54857.0,1.0,9.0,4.0,80.0,140.0,3.0,24.7,17.9,65.9,1011.3,7.0,0.3,2.0,cma,30.0
202112081700,54857.0,1.0,9.0,4.0,80.0,140.0,3.0,24.7,17.9,65.9,1011.3,7.0,0.3,2.0,cma,30.0
202112081800,54857.0,1.0,9.0,4.0,80.0,140.0,3.0,24.7,17.9,65.9,1011.3,7.0,0.3,2.0,cma,30.0
202112081900,54857.0,1.0,9.0,4.0,80.0,140.0,3.0,24.7,17.9,65.9,1011.3,7.0,0.3,2.0,cma,30.0
202112082000,54857.0,1.0,9.0,4.0,80.0,140.0,3.0,24.7,17.9,65.9,1011.3,7.0,0.3,2.0,cma,30.0
202112082100,54857.0,1.0,9.0,4.0,80.0,140.0,3.0,24.7,17.9,65.9,1011.3,7.0,0.3,2.0,cma,30.0
202112082200,54857.0,1.0,9.0,4.0,80.0,140.0,3.0,24.7,17.9,65.9,1011.3,7.0,0.3,2.0,cma,30.0
202112082300,54857.0,1.0,9.0,4.0,80.0,140.0,3.0,24.7,17.9,65.9,1011.3,7.0,0.3,2.0,cma,30.0
202112090000,54857.0,1.0,9.0,4.0,80.0,140.0,3.0,24.7,17.9,65.9,1011.3,7.0,0.3,2.0,cma,30.0
202112090100,54857.0,1.0,9.0,4.0,80.0,140.0,3.0,24.7,17.9,65.9,1011.3,7.0,0.3,2.0,cma,30.0
202112090200,54857.0,1.0,9.0,4.0,80.0,140.0,3.0,24.7,17.9,65.9,1011.3,7.0,0.3,2.0,cma,30.0
202112090300,54857.0,1.0,9.0,4.0,80.0,140.0,3.0,24.7,17.9,65.9,1011.3,7.0,0.3,2.0,cma,30.0
202112090400,54857.0,1.0,9.0,4.0,80.0,140.0,3.0,24.7,17.9,65.9,1011.3,7.0,0.3,2.0,cma,30.0
202112090500,54857.0,1.0,9.0,4.0,80.0,140.0,3.0,24.7,17.9,65.9,1011.3,7.0,0.3,2.0,cma,30.0
202112090600,54857.0,1.0,9.0,4.0,80.0,140.0,3.0,24.7,17.9,65.9,1011.3,7.0,0.3,2.0,cma,30.0
202112090700,54857.0,1.0,9.0,4.0,80.0,140.0,3.0,24.7,17.9,65.9,1011.3,7.0,0.3,2.0,cma,30.0
202112090800,54857.0,1.0,9.0,4.0,80.0,140.0,3.0,24.7,17.9,65.9,1011.3,7.0,0.3,2.0,cma,30.0
202112090900,54857.0,1.0,9.0,4.0,80.0,140.0,3.0,24.7,17.9,65.9,1011.3,7.0,0.3,2.0,cma,30.0
202112091000,54857.0,1.0,9.0,4.0,80.0,140.0,3.0,24.7,17.9,65.9,1011.3,7.0,0.3,2.0,cma,30.0
202112091100,54857.0,1.0,9.0,4.0,80.0,140.0,3.0,24.7,17.9,65.9,1011.3,7.0,0.3,2.0,cma,30.0
202112091200,54857.0,1.0,9.0,4.0,80.0,140.0,3.0,24.7,17.9,65.9,1011.3,7.0,0.3,2.0,cma,30.0
202112091300,54857.0,1.0,9.0,4.0,80.0,140.0,3.0,24.7,17.9,65.9,1011.3,7.0,0.3,2.0,cma,30.0
202112091400,54857.0,1.0,9.0,4.0,80.0,140.0,3.0,24.7,17.9,65.9,1011.3,7.0,0.3,2.0,cma,30.0
202112091500,54857.0,1.0,9.0,4.0,80.0,140.0,3.0,24.7,17.9,65.9,1011.3,7.0,0.3,2.0,cma,30.0
202112091600,54857.0,1.0,9.0,4.0,80.0,140.0,3.0,24.7,17.9,65.9,1011.3,7.0,0.3,2.0,cma,30.0
202112091700,54857.0,1.0,9.0,4.0,80.0,140.0,3.0,24.7,17.9,65.9,1011.3,7.0,0.3,2.0,cma,30.0
202112091800,54857.0,1.0,9.0,4.0,80.0,140.0,3.0,24.7,17.9,65.9,1011.3,7.0,0.3,2.0,cma,30.0
202112091900,54857.0,1.0,9.0,4.0,80.0,140.0,3.0,24.7,17.9,65.9,1011.3,7.0,0.3,2.0,cma,30.0
202112092000,54857.0,1.0,9.0,4.0,80.0,140.0,3.0,24.7,17.9,65.9,1011.3,7.0,0.3,2.0,cma,30.0
202112092100,54857.0,1.0,9.0,4.0,80.0,140.0,3.0,24.7,17.9,65.9,1011.3,7.0,0.3,2.0,cma,30.0
202112092200,54857.0,1.0,9.0,4.0,80.0,140.0,3.0,24.7,17.9,65.9,1011.3,7.0,0.3,2.0,cma,30.0
202112092300,54857.0,1.0,9.0,4.0,80.0,140.0,3.0,24.7,17.9,65.9,1011.3,7.0,0.3,2.0,cma,30.0
202112100000,54857.0,1.0,9.0,4.0,80.0,140.0,3.0,24.7,17.9,65.9,1011.3,7.0,0.3,2.0,cma,30.0
202112100100,54857.0,1.0,9.0,4.0,80.0,140.0,3.0,24.7,17.9,65.9,1011.3,7.0,0.3,2.0,cma,30.0
202112100200,54857.0,1.0,9.0,4.0,80.0,140.0,3.0,24.7,17.9,65.9,1011.3,7.0,0.3,2.0,cma,30.0
202112100300,54857.0,1.0,9.0,4.0,80.0,140.0,3.0,24.7,17.9,65.9,1011.3,7.0,0.3,2.0,cma,30.0
202112100400,54857.0,1.0,9.0,4.0,80.0,140.0,3.0,24.7,17.9,65.9,1011.3,7.0,0.3,2.0,cma,30.0
202112100500,54857.0,1.0,9.0,4.0,80.0,140.0,3.0,24.7,17.9,65.9,1011.3,7.0,0.3,2.0,cma,30.0
202112100600,54857.0,1.0,9.0,4.0,80.0,140.0,3.0,24.7,17.9,65.9,1011.3,7.0,0.3,2.0,cma,30.0
202112100700,54857.0,1.0,9.0,4.0,80.0,140.0,3.0,24.7,17.9,65.9,1011.3,7.0,0.3,2.0,cma,30.0
202112100800,54857.0,1.0,9.0,4.0,80.0,140.0,3.0,24.7,17.9,65.9,1011.3,7.0,0.3,2.0,cma,30.0
202112100900,54857.0,1.0,9.0,4.0,80.0,140.0,3.0,24.7,17.9,65.9,1011.3,7.0,0.3,2.0,cma,30.0
202112101000,54857.0,1.0,9.0,4.0,80.0,140.0,3.0,24.7,17.9,65.9,1011.3,7.0,0.3,2.0,cma,30.0
202112101100,54857.0,1.0,9.0,4.0,80.0,140.0,3.0,24.7,17.9,65.9,1011.3,7.0,0.3,2.0,cma,30.0
202112101200,54857.0,1.0,9.0,4.0,80.0,140.0,3.0,24.7,17.9,65.9,1011.3,7.0,0.3,2.0,cma,30.0
202112101300,54857.0,1.0,9.0,4.0,80.0,140.0,3.0,24.7,17.9,65.9,1011.3,7.0,0.3,2.0,cma,30.0
202112101400,54857.0,1.0,9.0,4.0,80.0,140.0,3.0,24.7,17.9,65.9,1011.3,7.0,0.3,2.0,cma,30.0
202112101500,54857.0,1.0,9.0,4.0,80.0,140.0,3.0,24.7,17.9,65.9,1011.3,7.0,0.3,2.0,cma,30.0
202112101600,54857.0,1.0,9.0,4.0,80.0,140.0,3.0,24.7,17.9,65.9,1011.3,7.0,0.3,2.0,cma,30.0
202112101700,54857.0,1.0,9.0,4.0,80.0,140.0,3.0,24.7,17.9,65.9,1011.3,7.0,0.3,2.0,cma,30.0
202112101800,54857.0,1.0,9.0,4.0,80.0,140.0,3.0,24.7,17.9,65.9,1011.3,7.0,0.3,2.0,cma,30.0
202112101900,54857.0,1.0,9.0,4.0,80.0,140.0,3.0,24.7,17.9,65.9,1011.3,7.0,0.3,2.0,cma,30.0
202112102000,54857.0,1.0,9.0,4.0,80.0,140.0,3.0,24.7,17.9,65.9,1011.3,7.0,0.3,2.0,cma,30.0
202112102100,54857.0,1.0,9.0,4.0,80.0,140.0,3.0,24.7,17.9,65.9,1011.3,7.0,0.3,2.0,cma,30.0
202112102200,54857.0,1.0,9.0,4.0,80.0,140.0,3.0,24.7,17.9,65.9,1011.3,7.0,0.3,2.0,cma,30.0
202112102300,54857.0,1.0,9.0,4.0,80.0,140.0,3.0,24.7,17.9,65.9,1011.3,7.0,0.3,2.0,cma,30.0
202112110000,54857.0,1.0,9.0,4.0,80.0,140.0,3.0,24.7,17.9,65.9,1011.3,7.0,0.3,2.0,cma,30.0
202112110100,54857.0,1.0,9.0,4.0,80.0,140.0,3.0,24.7,17.9,65.9,1011.3,7.0,0.3,2.0,cma,30.0
202112110200,54857.0,1.0,9.0,4.0,80.0,140.0,3.0,24.7,17.9,65.9,1011.3,7.0,0.3,2.0,cma,30.0
202112110300,54857.0,1.0,9.0,4.0,80.0,140.0,3.0,24.7,17.9,65.9,1011.3,7.0,0.3,2.0,cma,30.0
202112110400,54857.0,1.0,9.0,4.0,80.0,140.0,3.0,24.7,17.9,65.9,1011.3,7.0,0.3,2.0,cma,30.0
202112110500,54857.0,1.0,9.0,4.0,80.0,140.0,3.0,24.7,17.9,65.9,1011.3,7.0,0.3,2.0,cma,30.0
202112110600,54857.0,1.0,9.0,4.0,80.0,140.0,3.0,24.7,17.9,65.9,1011.3,7.0,0.3,2.0,cma,30.0
202112110700,54857.0,1.0,9.0,4.0,80.0,140.0,3.0,24.7,17.9,65.9,1011.3,7.0,0.3,2.0,cma,30.0
202112110800,54857.0,1.0,9.0,4.0,80.0,140.0,3.0,24.7,17.9,65.9,1011.3,7.0,0.3,2.0,cma,30.0
202112110900,54857.0,1.0,9.0,4.0,80.0,140.0,3.0,24.7,17.9,65.9,1011.3,7.0,0.3,2.0,cma,30.0
202112111000,54857.0,1.0,9.0,4.0,80.0,140.0,3.0,24.7,17.9,65.9,1011.3,7.0,0.3,2.0,cma,30.0
202112111100,54857.0,1.0,9.0,4.0,80.0,140.0,3.0,24.7,17.9,65.9,1011.3,7.0,0.3,2.0,cma,30.0
202112111200,54857.0,1.0,9.0,4.0,80.0,140.0,3.0,24.7,17.9,65.9,1011.3,7.0,0.3,2.0,cma,30.0
202112111300,54857.0,1.0,9.0,4.0,80.0,140.0,3.0,24.7,17.9,65.9,1011.3,7.0,0.3,2.0,cma,30.0
202112111400,54857.0,1.0,9.0,4.0,80.0,140.0,3.0,24.7,17.9,65.9,1011.3,7.0,0.3,2.0,cma,30.0
202112111500,54857.0,1.0,9.0,4.0,80.0,140.0,3.0,24.7,17.9,65.9,1011.3,7.0,0.3,2.0,cma,30.0
202112111600,54857.0,1.0,9.0,4.0,80.0,140.0,3.0,24.7,17.9,65.9,1011.3,7.0,0.3,2.0,cma,30.0
202112111700,54857.0,1.0,9.0,4.0,80.0,140.0,3.0,24.7,17.9,65.9,1011.3,7.0,0.3,2.0,cma,30.0
202112111800,54857.0,1.0,9.0,4.0,80.0,140.0,3.0,24.7,17.9,65.9,1011.3,7.0,0.3,2.0,cma,30.0
202112111900,54857.0,1.0,9.0,4.0,80.0,140.0,3.0,24.7,17.9,65.9,1011.3,7.0,0.3,2.0,cma,30.0
202112112000,54857.0,1.0,9.0,4.0,80.0,140.0,3.0,24.7,17.9,65.9,1011.3,7.0,0.3,2.0,cma,30.0
202112112100,54857.0,1.0,9.0,4.0,80.0,140.0,3.0,24.7,17.9,65.9,1011.3,7.0,0.3,2.0,cma,30.0
202112112200,54857.0,1.0,9.0,4.0,80.0,140.0,3.0,24.7,17.9,65.9,1011.3,7.0,0.3,2.0,cma,30.0
202112112300,54857.0,1.0,9.0,4.0,80.0,140.0,3.0,24.7,17.9,65.9,1011.3,7.0,0.3,2.0,cma,30.0
202112120000,54857.0,1.0,9.0,4.0,80.0,140.0,3.0,24.7,17.9,65.9,1011.3,7.0,0.3,2.0,cma,30.0
202112120100,54857.0,1.0,9.0,4.0,80.0,140.0,3.0,24.7,17.9,65.9,1011.3,7.0,0.3,2.0,cma,30.0
202112120200,54857.0,1.0,9.0,4.0,80.0,140.0,3.0,24.7,17.9,65.9,1011.3,7.0,0.3,2.0,cma,30.0
202112120300,54857.0,1.0,9.0,4.0,80.0,140.0,3.0,24.7,17.9,65.9,1011.3,7.0,0.3,2.0,cma,30.0
202112120400,54857.0,1.0,9.0,4.0,80.0,140.0,3.0,24.7,17.9,65.9,1011.3,7.0,0.3,2.0,cma,30.0
202112120500,54857.0,1.0,9.0,4.0,80.0,140.0,3.0,24.7,17.9,65.9,1011.3,7.0,0.3,2.0,cma,30.0
202112120600,54857.0,1.0,9.0,4.0,80.0,140.0,3.0,24.7,17.9,65.9,1011.3,7.0,0.3,2.0,cma,30.0
202112120700,54857.0,1.0,9.0,4.0,80.0,140.0,3.0,24.7,17.9,65.9,1011.3,7.0,0.3,2.0,cma,30.0
202112120800,54857.0,1.0,9.0,4.0,80.0,140.0,3.0,24.7,17.9,65.9,1011.3,7.0,0.3,2.0,cma,30.0
202112120900,54857.0,1.0,9.0,4.0,80.0,140.0,3.0,24.7,17.9,65.9,1011.3,7.0,0.3,2.0,cma,30.0
202112121000,54857.0,1.0,9.0,4.0,80.0,140.0,3.0,24.7,17.9,65.9,1011.3,7.0,0.3,2.0,cma,30.0
202112121100,54857.0,1.0,9.0,4.0,80.0,140.0,3.0,24.7,17.9,65.9,1011.3,7.0,0.3,2.0,cma,30.0
202112121200,54857.0,1.0,9.0,4.0,80.0,140.0,3.0,24.7,17.9,65.9,1011.3,7.0,0.3,2.0,cma,30.0
202112121300,54857.0,1.0,9.0,4.0,80.0,140.0,3.0,24.7,17.9,65.9,1011.3,7.0,0.3,2.0,cma,30.0
202112121400,54857.0,1.0,9.0,4.0,80.0,140.0,3.0,24.7,17.9,65.9,1011.3,7.0,0.3,2.0,cma,30.0
202112121500,54857.0,1.0,9.0,4.0,80.0,140.0,3.0,24.7,17.9,65.9,1011.3,7.0,0.3,2.0,cma,30.0
202112121600,54857.0,1.0,9.0,4.0,80.0,140.0,3.0,24.7,17.9,65.9,1011.3,7.0,0.3,2.0,cma,30.0
202112121700,54857.0,1.0,9.0,4.0,80.0,140.0,3.0,24.7,17.9,65.9,1011.3,7.0,0.3,2.0,cma,30.0
202112121800,54857.0,1.0,9.0,4.0,80.0,140.0,3.0,24.7,17.9,65.9,1011.3,7.0,0.3,2.0,cma,30.0
202112121900,54857.0,1.0,9.0,4.0,80.0,140.0,3.0,24.7,17.9,65.9,1011.3,7.0,0.3,2.0,cma,30.0
202112122000,54857.0,1.0,9.0,4.0,80.0,140.0,3.0,24.7,17.9,65.9,1011.3,7.0,0.3,2.0,cma,30.0
202112122100,54857.0,1.0,9.0,4.0,80.0,140.0,3.0,24.7,17.9,65.9,1011.3,7.0,0.3,2.0,cma,30.0
202112122200,54857.0,1.0,9.0,4.0,80.0,140.0,3.0,24.7,17.9,65.9,1011.3,7.0,0.3,2.0,cma,30.0
202112122300,54857.0,1.0,9.0,4.0,80.0,140.0,3.0,24.7,17.9,65.9,1011.3,7.0,0.3,2.0,cma,30.0
202112130000,54857.0,1.0,9.0,4.0,80.0,140.0,3.0,24.7,17.9,65.9,1011.3,7.0,0.3,2.0,cma,30.0
202112130100,54857.0,1.0,9.0,4.0,80.0,140.0,3.0,24.7,17.9,65.9,1011.3,7.0,0.3,2.0,cma,30.0
202112130200,54857.0,1.0,9.0,4.0,80.0,140.0,3.0,24.7,17.9,65.9,1011.3,7.0,0.3,2.0,cma,30.0
202112130300,54857.0,1.0,9.0,4.0,80.0,140.0,3.0,24.7,17.9,65.9,1011.3,7.0,0.3,2.0,cma,30.0
202112130400,54857.0,1.0,9.0,4.0,80.0,140.0,3.0,24.7,17.9,65.9,1011.3,7.0,0.3,2.0,cma,30.0
202112130500,54857.0,1.0,9.0,4.0,80.0,140.0,3.0,24.7,17.9,65.9,1011.3,7.0,0.3,2.0,cma,30.0
202112130600,54857.0,1.0,9.0,4.0,80.0,140.0,3.0,24.7,17.9,65.9,1011.3,7.0,0.3,2.0,cma,30.0
202112130700,54857.0,1.0,9.0,4.0,80.0,140.0,3.0,24.7,17.9,65.9,1011.3,7.0,0.3,2.0,cma,30.0
202112130800,54857.0,1.0,9.0,4.0,80.0,140.0,3.0,24.7,17.9,65.9,1011.3,7.0,0.3,2.0,cma,30.0
202112130900,54857.0,1.0,9.0,4.0,80.0,140.0,3.0,24.7,17.9,65.9,1011.3,7.0,0.3,2.0,cma,30.0
202112131000,54857.0,1.0,9.0,4.0,80.0,140.0,3.0,24.7,17.9,65.9,1011.3,7.0,0.3,2.0,cma,30.0
202112131100,54857.0,1.0,9.0,4.0,80.0,140.0,3.0,24.7,17.9,65.9,1011.3,7.0,0.3,2.0,cma,30.0
202112131200,54857.0,1.0,9.0,4.0,80.0,140.0,3.0,24.7,17.9,65.9,1011.3,7.0,0.3,2.0,cma,30.0
202112131300,54857.0,1.0,9.0,4.0,80.0,140.0,3.0,24.7,17.9,65.9,1011.3,7.0,0.3,2.0,cma,30.0
202112131400,54857.0,1.0,9.0,4.0,80.0,140.0,3.0,24.7,17.9,65.9,1011.3,7.0,0.3,2.0,cma,30.0
202112131500,54857.0,1.0,9.0,4.0,80.0,140.0,3.0,24.7,17.9,65.9,1011.3,7.0,0.3,2.0,cma,30.0
202112131600,54857.0,1.0,9.0,4.0,80.0,140.0,3.0,24.7,17.9,65.9,1011.3,7.0,0.3,2.0,cma,30.0
202112131700,54857.0,1.0,9.0,4.0,80.0,140.0,3.0,24.7,17.9,65.9,1011.3,7.0,0.3,2.0,cma,30.0
202112131800,54857.0,1.0,9.0,4.0,80.0,140.0,3.0,24.7,17.9,65.9,1011.3,7.0,0.3,2.0,cma,30.0
202112131900,54857.0,1.0,9.0,4.0,80.0,140.0,3.0,24.7,17.9,65.9,1011.3,7.0,0.3,2.0,cma,30.0
202112132000,54857.0,1.0,9.0,4.0,80.0,140.0,3.0,24.7,17.9,65.9,1011.3,7.0,0.3,2.0,cma,30.0
202112132100,54857.0,1.0,9.0,4.0,80.0,140.0,3.0,24.7,17.9,65.9,1011.3,7.0,0.3,2.0,cma,30.0
202112132200,54857.0,1.0,9.0,4.0,80.0,140.0,3.0,24.7,17.9,65.9,1011.3,7.0,0.3,2.0,cma,30.0
202112132300,54857.0,1.0,9.0,4.0,80.0,140.0,3.0,24.7,17.9,65.9,1011.3,7.0,0.3,2.0,cma,30.0
202112140000,54857.0,1.0,9.0,4.0,80.0,140.0,3.0,24.7,17.9,65.9,1011.3,7.0,0.3,2.0,cma,30.0
202112140100,54857.0,1.0,9.0,4.0,80.0,140.0,3.0,24.7,17.9,65.9,1011.3,7.0,0.3,2.0,cma,30.0
202112140200,54857.0,1.0,9.0,4.0,80.0,140.0,3.0,24.7,17.9,65.9,1011.3,7.0,0.3,2.0,cma,30.0
202112140300,54857.0,1.0,9.0,4.0,80.0,140.0,3.0,24.7,17.9,65.9,1011.3,7.0,0.3,2.0,cma,30.0
202112140400,54857.0,1.0,9.0,4.0,80.0,140.0,3.0,24.7,17.9,65.9,1011.3,7.0,0.3,2.0,cma,30.0
202112140500,54857.0,1.0,9.0,4.0,80.0,140.0,3.0,24.7,17.9,65.9,1011.3,7.0,0.3,2.0,cma,30.0
202112140600,54857.0,1.0,9.0,4.0,80.0,140.0,3.0,24.7,17.9,65.9,1011.3,7.0,0.3,2.0,cma,30.0
202112140700,54857.0,1.0,9.0,4.0,80.0,140.0,3.0,24.7,17.9,65.9,1011.3,7.0,0.3,2.0,cma,30.0
202112140800,54857.0,1.0,9.0,4.0,80.0,140.0,3.0,24.7,17.9,65.9,1011.3,7.0,0.3,2.0,cma,30.0
202112140900,54857.0,1.0,9.0,4.0,80.0,140.0,3.0,24.7,17.9,65.9,1011.3,7.0,0.3,2.0,cma,30.0
202112141000,54857.0,1.0,9.0,4.0,80.0,140.0,3.0,24.7,17.9,65.9,1011.3,7.0,0.3,2.0,cma,30.0
202112141100,54857.0,1.0,9.0,4.0,80.0,140.0,3.0,24.7,17.9,65.9,1011.3,7.0,0.3,2.0,cma,30.0
202112141200,54857.0,1.0,9.0,4.0,80.0,140.0,3.0,24.7,17.9,65.9,1011.3,7.0,0.3,2.0,cma,30.0
202112141300,54857.0,1.0,9.0,4.0,80.0,140.0,3.0,24.7,17.9,65.9,1011.3,7.0,0.3,2.0,cma,30.0
202112141400,54857.0,1.0,9.0,4.0,80.0,140.0,3.0,24.7,17.9,65.9,1011.3,7.0,0.3,2.0,cma,30.0
202112141500,54857.0,1.0,9.0,4.0,80.0,140.0,3.0,24.7,17.9,65.9,1011.3,7.0,0.3,2.0,cma,30.0
202112141600,54857.0,1.0,9.0,4.0,80.0,140.0,3.0,24.7,17.9,65.9,1011.3,7.0,0.3,2.0,cma,30.0
202112141700,54857.0,1.0,9.0,4.0,80.0,140.0,3.0,24.7,17.9,65.9,1011.3,7.0,0.3,2.0,cma,30.0
202112141800,54857.0,1.0,9.0,4.0,80.0,140.0,3.0,24.7,17.9,65.9,1011.3,7.0,0.3,2.0,cma,30.0
202112141900,54857.0,1.0,9.0,4.0,80.0,140.0,3.0,24.7,17.9,65.9,1011.3,7.0,0.3,2.0,cma,30.0
202112142000,54857.0,1.0,9.0,4.0,80.0,140.0,3.0,24.7,17.9,65.9,1011.3,7.0,0.3,2.0,cma,30.0
202112142100,54857.0,1.0,9.0,4.0,80.0,140.0,3.0,24.7,17.9,65.9,1011.3,7.0,0.3,2.0,cma,30.0
202112142200,54857.0,1.0,9.0,4.0,80.0,140.0,3.0,24.7,17.9,65.9,1011.3,7.0,0.3,2.0,cma,30.0
202112142300,54857.0,1.0,9.0,4.0,80.0,140.0,3.0,24.7,17.9,65.9,1011.3,7.0,0.3,2.0,cma,30.0
202112150000,54857.0,1.0,9.0,4.0,80.0,140.0,3.0,24.7,17.9,65.9,1011.3,7.0,0.3,2.0,cma,30.0
202112150100,54857.0,1.0,9.0,4.0,80.0,140.0,3.0,24.7,17.9,65.9,1011.3,7.0,0.3,2.0,cma,30.0
202112150200,54857.0,1.0,9.0,4.0,80.0,140.0,3.0,24.7,17.9,65.9,1011.3,7.0,0.3,2.0,cma,30.0
202112150300,54857.0,1.0,9.0,4.0,80.0,140.0,3.0,24.7,17.9,65.9,1011.3,7.0,0.3,2.0,cma,30.0
202112150400,54857.0,1.0,9.0,4.0,80.0,140.0,3.0,24.7,17.9,65.9,1011.3,7.0,0.3,2.0,cma,30.0
202112150500,54857.0,1.0,9.0,4.0,80.0,140.0,3.0,24.7,17.9,65.9,1011.3,7.0,0.3,2.0,cma,30.0
202112150600,54857.0,1.0,9.0,4.0,80.0,140.0,3.0,24.7,17.9,65.9,1011.3,7.0,0.3,2.0,cma,30.0
202112150700,54857.0,1.0,9.0,4.0,80.0,140.0,3.0,24.7,17.9,65.9,1011.3,7.0,0.3,2.0,cma,30.0
202112150800,54857.0,1.0,9.0,4.0,80.0,140.0,3.0,24.7,17.9,65.9,1011.3,7.0,0.3,2.0,cma,30.0
202112150900,54857.0,1.0,9.0,4.0,80.0,140.0,3.0,24.7,17.9,65.9,1011.3,7.0,0.3,2.0,cma,30.0
202112151000,54857.0,1.0,9.0,4.0,80.0,140.0,3.0,24.7,17.9,65.9,1011.3,7.0,0.3,2.0,cma,30.0
202112151100,54857.0,1.0,9.0,4.0,80.0,140.0,3.0,24.7,17.9,65.9,1011.3,7.0,0.3,2.0,cma,30.0
202112151200,54857.0,1.0,9.0,4.0,80.0,140.0,3.0,24.7,17.9,65.9,1011.3,7.0,0.3,2.0,cma,30.0
202112151300,54857.0,1.0,9.0,4.0,80.0,140.0,3.0,24.7,17.9,65.9,1011.3,7.0,0.3,2.0,cma,30.0
202112151400,54857.0,1.0,9.0,4.0,80.0,140.0,3.0,24.7,17.9,65.9,1011.3,7.0,0.3,2.0,cma,30.0
202112151500,54857.0,1.0,9.0,4.0,80.0,140.0,3.0,24.7,17.9,65.9,1011.3,7.0,0.3,2.0,cma,30.0
202112151600,54857.0,1.0,9.0,4.0,80.0,140.0,3.0,24.7,17.9,65.9,1011.3,7.0,0.3,2.0,cma,30.0
202112151700,54857.0,1.0,9.0,4.0,80.0,140.0,3.0,24.7,17.9,65.9,1011.3,7.0,0.3,2.0,cma,30.0
202112151800,54857.0,1.0,9.0,4.0,80.0,140.0,3.0,24.7,17.9,65.9,1011.3,7.0,0.3,2.0,cma,30.0
202112151900,54857.0,1.0,9.0,4.0,80.0,140.0,3.0,24.7,17.9,65.9,1011.3,7.0,0.3,2.0,cma,30.0
202112152000,54857.0,1.0,9.0,4.0,80.0,140.0,3.0,24.7,17.9,65.9,1011.3,7.0,0.3,2.0,cma,30.0
202112152100,54857.0,1.0,9.0,4.0,80.0,140.0,3.0,24.7,17.9,65.9,1011.3,7.0,0.3,2.0,cma,30.0
202112152200,54857.0,1.0,9.0,4.0,80.0,140.0,3.0,24.7,17.9,65.9,1011.3,7.0,0.3,2.0,cma,30.0
202112152300,54857.0,1.0,9.0,4.0,80.0,140.0,3.0,24.7,17.9,65.9,1011.3,7.0,0.3,2.0,cma,30.0
202112160000,54857.0,1.0,9.0,4.0,80.0,140.0,3.0,24.7,17.9,65.9,1011.3,7.0,0.3,2.0,cma,30.0
202112160100,54857.0,1.0,9.0,4.0,80.0,140.0,3.0,24.7,17.9,65.9,1011.3,7.0,0.3,2.0,cma,30.0
202112160200,54857.0,1.0,9.0,4.0,80.0,140.0,3.0,24.7,17.9,65.9,1011.3,7.0,0.3,2.0,cma,30.0
202112160300,54857.0,1.0,9.0,4.0,80.0,140.0,3.0,24.7,17.9,65.9,1011.3,7.0,0.3,2.0,cma,30.0
202112160400,54857.0,1.0,9.0,4.0,80.0,140.0,3.0,24.7,17.9,65.9,1011.3,7.0,0.3,2.0,cma,30.0
202112160500,54857.0,1.0,9.0,4.0,80.0,140.0,3.0,24.7,17.9,65.9,1011.3,7.0,0.3,2.0,cma,30.0
202112160600,54857.0,1.0,9.0,4.0,80.0,140.0,3.0,24.7,17.9,65.9,1011.3,7.0,0.3,2.0,cma,30.0
202112160700,54857.0,1.0,9.0,4.0,80.0,140.0,3.0,24.7,17.9,65.9,1011.3,7.0,0.3,2.0,cma,30.0
202112160800,54857.0,1.0,9.0,4.0,80.0,140.0,3.0,24.7,17.9,65.9,1011.3,7.0,0.3,2.0,cma,30.0
202112160900,54857.0,1.0,9.0,4.0,80.0,140.0,3.0,24.7,17.9,65.9,1011.3,7.0,0.3,2.0,cma,30.0
202112161000,54857.0,1.0,9.0,4.0,80.0,140.0,3.0,24.7,17.9,65.9,1011.3,7.0,0.3,2.0,cma,30.0
202112161100,54857.0,1.0,9.0,4.0,80.0,140.0,3.0,24.7,17.9,65.9,1011.3,7.0,0.3,2.0,cma,30.0
202112161200,54857.0,1.0,9.0,4.0,80.0,140.0,3.0,24.7,17.9,65.9,1011.3,7.0,0.3,2.0,cma,30.0
202112161300,54857.0,1.0,9.0,4.0,80.0,140.0,3.0,24.7,17.9,65.9,1011.3,7.0,0.3,2.0,cma,30.0
202112161400,54857.0,1.0,9.0,4.0,80.0,140.0,3.0,24.7,17.9,65.9,1011.3,7.0,0.3,2.0,cma,30.0
202112161500,54857.0,1.0,9.0,4.0,80.0,140.0,3.0,24.7,17.9,65.9,1011.3,7.0,0.3,2.0,cma,30.0
202112161600,54857.0,1.0,9.0,4.0,80.0,140.0,3.0,24.7,17.9,65.9,1011.3,7.0,0.3,2.0,cma,30.0
202112161700,54857.0,1.0,9.0,4.0,80.0,140.0,3.0,24.7,17.9,65.9,1011.3,7.0,0.3,2.0,cma,30.0
202112161800,54857.0,1.0,9.0,4.0,80.0,140.0,3.0,24.7,17.9,65.9,1011.3,7.0,0.3,2.0,cma,30.0
202112161900,54857.0,1.0,9.0,4.0,80.0,140.0,3.0,24.7,17.9,65.9,1011.3,7.0,0.3,2.0,cma,30.0
202112162000,54857.0,1.0,9.0,4.0,80.0,140.0,3.0,24.7,17.9,65.9,1011.3,7.0,0.3,2.0,cma,30.0
202112162100,54857.0,1.0,9.0,4.0,80.0,140.0,3.0,24.7,17.9,65.9,1011.3,7.0,0.3,2.0,cma,30.0
202112162200,54857.0,1.0,9.0,4.0,80.0,140.0,3.0,24.7,17.9,65.9,1011.3,7.0,0.3,2.0,cma,30.0
202112162300,54857.0,1.0,9.0,4.0,80.0,140.0,3.0,24.7,17.9,65.9,1011.3,7.0,0.3,2.0,cma,30.0
202112170000,54857.0,1.0,9.0,4.0,80.0,140.0,3.0,24.7,17.9,65.9,1011.3,7.0,0.3,2.0,cma,30.0
202112170100,54857.0,1.0,9.0,4.0,80.0,140.0,3.0,24.7,17.9,65.9,1011.3,7.0,0.3,2.0,cma,30.0
202112170200,54857.0,1.0,9.0,4.0,80.0,140.0,3.0,24.7,17.9,65.9,1011.3,7.0,0.3,2.0,cma,30.0
202112170300,54857.0,1.0,9.0,4.0,80.0,140.0,3.0,24.7,17.9,65.9,1011.3,7.0,0.3,2.0,cma,30.0
202112170400,54857.0,1.0,9.0,4.0,80.0,140.0,3.0,24.7,17.9,65.9,1011.3,7.0,0.3,2.0,cma,30.0
202112170500,54857.0,1.0,9.0,4.0,80.0,140.0,3.0,24.7,17.9,65.9,1011.3,7.0,0.3,2.0,cma,30.0
202112170600,54857.0,1.0,9.0,4.0,80.0,140.0,3.0,24.7,17.9,65.9,1011.3,7.0,0.3,2.0,cma,30.0
202112170700,54857.0,1.0,9.0,4.0,80.0,140.0,3.0,24.7,17.9,65.9,1011.3,7.0,0.3,2.0,cma,30.0
202112170800,54857.0,1.0,9.0,4.0,80.0,140.0,3.0,24.7,17.9,65.9,1011.3,7.0,0.3,2.0,cma,30.0
202112170900,54857.0,1.0,9.0,4.0,80.0,140.0,3.0,24.7,17.9,65.9,1011.3,7.0,0.3,2.0,cma,30.0
202112171000,54857.0,1.0,9.0,4.0,80.0,140.0,3.0,24.7,17.9,65.9,1011.3,7.0,0.3,2.0,cma,30.0
202112171100,54857.0,1.0,9.0,4.0,80.0,140.0,3.0,24.7,17.9,65.9,1011.3,7.0,0.3,2.0,cma,30.0
202112171200,54857.0,1.0,9.0,4.0,80.0,140.0,3.0,24.7,17.9,65.9,1011.3,7.0,0.3,2.0,cma,30.0
202112171300,54857.0,1.0,9.0,4.0,80.0,140.0,3.0,24.7,17.9,65.9,1011.3,7.0,0.3,2.0,cma,30.0
202112171400,54857.0,1.0,9.0,4.0,80.0,140.0,3.0,24.7,17.9,65.9,1011.3,7.0,0.3,2.0,cma,30.0
202112171500,54857.0,1.0,9.0,4.0,80.0,140.0,3.0,24.7,17.9,65.9,1011.3,7.0,0.3,2.0,cma,30.0
202112171600,54857.0,1.0,9.0,4.0,80.0,140.0,3.0,24.7,17.9,65.9,1011.3,7.0,0.3,2.0,cma,30.0
202112171700,54857.0,1.0,9.0,4.0,80.0,140.0,3.0,24.7,17.9,65.9,1011.3,7.0,0.3,2.0,cma,30.0
202112171800,54857.0,1.0,9.0,4.0,80.0,140.0,3.0,24.7,17.9,65.9,1011.3,7.0,0.3,2.0,cma,30.0
202112171900,54857.0,1.0,9.0,4.0,80.0,140.0,3.0,24.7,17.9,65.9,1011.3,7.0,0.3,2.0,cma,30.0
202112172000,54857.0,1.0,9.0,4.0,80.0,140.0,3.0,24.7,17.9,65.9,1011.3,7.0,0.3,2.0,cma,30.0
202112172100,54857.0,1.0,9.0,4.0,80.0,140.0,3.0,24.7,17.9,65.9,1011.3,7.0,0.3,2.0,cma,30.0
202112172200,54857.0,1.0,9.0,4.0,80.0,140.0,3.0,24.7,17.9,65.9,1011.3,7.0,0.3,2.0,cma,30.0
202112172300,54857.0,1.0,9.0,4.0,80.0,140.0,3.0,24.7,17.9,65.9,1011.3,7.0,0.3,2.0,cma,30.0
202112180000,54857.0,1.0,9.0,4.0,80.0,140.0,3.0,24.7,17.9,65.9,1011.3,7.0,0.3,2.0,cma,30.0
202112180100,54857.0,1.0,9.0,4.0,80.0,140.0,3.0,24.7,17.9,65.9,1011.3,7.0,0.3,2.0,cma,30.0
202112180200,54857.0,1.0,9.0,4.0,80.0,140.0,3.0,24.7,17.9,65.9,1011.3,7.0,0.3,2.0,cma,30.0
202112180300,54857.0,1.0,9.0,4.0,80.0,140.0,3.0,24.7,17.9,65.9,1011.3,7.0,0.3,2.0,cma,30.0
202112180400,54857.0,1.0,9.0,4.0,80.0,140.0,3.0,24.7,17.9,65.9,1011.3,7.0,0.3,2.0,cma,30.0
202112180500,54857.0,1.0,9.0,4.0,80.0,140.0,3.0,24.7,17.9,65.9,1011.3,7.0,0.3,2.0,cma,30.0
202112180600,54857.0,1.0,9.0,4.0,80.0,140.0,3.0,24.7,17.9,65.9,1011.3,7.0,0.3,2.0,cma,30.0
202112180700,54857.0,1.0,9.0,4.0,80.0,140.0,3.0,24.7,17.9,65.9,1011.3,7.0,0.3,2.0,cma,30.0
202112180800,54857.0,1.0,9.0,4.0,80.0,140.0,3.0,24.7,17.9,65.9,1011.3,7.0,0.3,2.0,cma,30.0
202112180900,54857.0,1.0,9.0,4.0,80.0,140.0,3.0,24.7,17.9,65.9,1011.3,7.0,0.3,2.0,cma,30.0
202112181000,54857.0,1.0,9.0,4.0,80.0,140.0,3.0,24.7,17.9,65.9,1011.3,7.0,0.3,2.0,cma,30.0
202112181100,54857.0,1.0,9.0,4.0,80.0,140.0,3.0,24.7,17.9,65.9,1011.3,7.0,0.3,2.0,cma,30.0
202112181200,54857.0,1.0,9.0,4.0,80.0,140.0,3.0,24.7,17.9,65.9,1011.3,7.0,0.3,2.0,cma,30.0
202112181300,54857.0,1.0,9.0,4.0,80.0,140.0,3.0,24.7,17.9,65.9,1011.3,7.0,0.3,2.0,cma,30.0
202112181400,54857.0,1.0,9.0,4.0,80.0,140.0,3.0,24.7,17.9,65.9,1011.3,7.0,0.3,2.0,cma,30.0
202112181500,54857.0,1.0,9.0,4.0,80.0,140.0,3.0,24.7,17.9,65.9,1011.3,7.0,0.3,2.0,cma,30.0
202112181600,54857.0,1.0,9.0,4.0,80.0,140.0,3.0,24.7,17.9,65.9,1011.3,7.0,0.3,2.0,cma,30.0
202112181700,54857.0,1.0,9.0,4.0,80.0,140.0,3.0,24.7,17.9,65.9,1011.3,7.0,0.3,2.0,cma,30.0
202112181800,54857.0,1.0,9.0,4.0,80.0,140.0,3.0,24.7,17.9,65.9,1011.3,7.0,0.3,2.0,cma,30.0
202112181900,54857.0,1.0,9.0,4.0,80.0,140.0,3.0,24.7,17.9,65.9,1011.3,7.0,0.3,2.0,cma,30.0
202112182000,54857.0,1.0,9.0,4.0,80.0,140.0,3.0,24.7,17.9,65.9,1011.3,7.0,0.3,2.0,cma,30.0
202112182100,54857.0,1.0,9.0,4.0,80.0,140.0,3.0,24.7,17.9,65.9,1011.3,7.0,0.3,2.0,cma,30.0
202112182200,54857.0,1.0,9.0,4.0,80.0,140.0,3.0,24.7,17.9,65.9,1011.3,7.0,0.3,2.0,cma,30.0
202112182300,54857.0,1.0,9.0,4.0,80.0,140.0,3.0,24.7,17.9,65.9,1011.3,7.0,0.3,2.0,cma,30.0
202112190000,54857.0,1.0,9.0,4.0,80.0,140.0,3.0,24.7,17.9,65.9,1011.3,7.0,0.3,2.0,cma,30.0
202112190100,54857.0,1.0,9.0,4.0,80.0,140.0,3.0,24.7,17.9,65.9,1011.3,7.0,0.3,2.0,cma,30.0
202112190200,54857.0,1.0,9.0,4.0,80.0,140.0,3.0,24.7,17.9,65.9,1011.3,7.0,0.3,2.0,cma,30.0
202112190300,54857.0,1.0,9.0,4.0,80.0,140.0,3.0,24.7,17.9,65.9,1011.3,7.0,0.3,2.0,cma,30.0
202112190400,54857.0,1.0,9.0,4.0,80.0,140.0,3.0,24.7,17.9,65.9,1011.3,7.0,0.3,2.0,cma,30.0
202112190500,54857.0,1.0,9.0,4.0,80.0,140.0,3.0,24.7,17.9,65.9,1011.3,7.0,0.3,2.0,cma,30.0
202112190600,54857.0,1.0,9.0,4.0,80.0,140.0,3.0,24.7,17.9,65.9,1011.3,7.0,0.3,2.0,cma,30.0
202112190700,54857.0,1.0,9.0,4.0,80.0,140.0,3.0,24.7,17.9,65.9,1011.3,7.0,0.3,2.0,cma,30.0
202112190800,54857.0,1.0,9.0,4.0,80.0,140.0,3.0,24.7,17.9,65.9,1011.3,7.0,0.3,2.0,cma,30.0
202112190900,54857.0,1.0,9.0,4.0,80.0,140.0,3.0,24.7,17.9,65.9,1011.3,7.0,0.3,2.0,cma,30.0
202112191000,54857.0,1.0,9.0,4.0,80.0,140.0,3.0,24.7,17.9,65.9,1011.3,7.0,0.3,2.0,cma,30.0
202112191100,54857.0,1.0,9.0,4.0,80.0,140.0,3.0,24.7,17.9,65.9,1011.3,7.0,0.3,2.0,cma,30.0
202112191200,54857.0,1.0,9.0,4.0,80.0,140.0,3.0,24.7,17.9,65.9,1011.3,7.0,0.3,2.0,cma,30.0
202112191300,54857.0,1.0,9.0,4.0,80.0,140.0,3.0,24.7,17.9,65.9,1011.3,7.0,0.3,2.0,cma,30.0
202112191400,54857.0,1.0,9.0,4.0,80.0,140.0,3.0,24.7,17.9,65.9,1011.3,7.0,0.3,2.0,cma,30.0
202112191500,54857.0,1.0,9.0,4.0,80.0,140.0,3.0,24.7,17.9,65.9,1011.3,7.0,0.3,2.0,cma,30.0
202112191600,54857.0,1.0,9.0,4.0,80.0,140.0,3.0,24.7,17.9,65.9,1011.3,7.0,0.3,2.0,cma,30.0
202112191700,54857.0,1.0,9.0,4.0,80.0,140.0,3.0,24.7,17.9,65.9,1011.3,7.0,0.3,2.0,cma,30.0
202112191800,54857.0,1.0,9.0,4.0,80.0,140.0,3.0,24.7,17.9,65.9,1011.3,7.0,0.3,2.0,cma,30.0
202112191900,54857.0,1.0,9.0,4.0,80.0,140.0,3.0,24.7,17.9,65.9,1011.3,7.0,0.3,2.0,cma,30.0
202112192000,54857.0,1.0,9.0,4.0,80.0,140.0,3.0,24.7,17.9,65.9,1011.3,7.0,0.3,2.0,cma,30.0
202112192100,54857.0,1.0,9.0,4.0,80.0,140.0,3.0,24.7,17.9,65.9,1011.3,7.0,0.3,2.0,cma,30.0
202112192200,54857.0,1.0,9.0,4.0,80.0,140.0,3.0,24.7,17.9,65.9,1011.3,7.0,0.3,2.0,cma,30.0
202112192300,54857.0,1.0,9.0,4.0,80.0,140.0,3.0,24.7,17.9,65.9,1011.3,7.0,0.3,2.0,cma,30.0
202112200000,54857.0,1.0,9.0,4.0,80.0,140.0,3.0,24.7,17.9,65.9,1011.3,7.0,0.3,2.0,cma,30.0
202112200100,54857.0,1.0,9.0,4.0,80.0,140.0,3.0,24.7,17.9,65.9,1011.3,7.0,0.3,2.0,cma,30.0
202112200200,54857.0,1.0,9.0,4.0,80.0,140.0,3.0,24.7,17.9,65.9,1011.3,7.0,0.3,2.0,cma,30.0
202112200300,54857.0,1.0,9.0,4.0,80.0,140.0,3.0,24.7,17.9,65.9,1011.3,7.0,0.3,2.0,cma,30.0
202112200400,54857.0,1.0,9.0,4.0,80.0,140.0,3.0,24.7,17.9,65.9,1011.3,7.0,0.3,2.0,cma,30.0
202112200500,54857.0,1.0,9.0,4.0,80.0,140.0,3.0,24.7,17.9,65.9,1011.3,7.0,0.3,2.0,cma,30.0
202112200600,54857.0,1.0,9.0,4.0,80.0,140.0,3.0,24.7,17.9,65.9,1011.3,7.0,0.3,2.0,cma,30.0
202112200700,54857.0,1.0,9.0,4.0,80.0,140.0,3.0,24.7,17.9,65.9,1011.3,7.0,0.3,2.0,cma,30.0
202112200800,54857.0,1.0,9.0,4.0,80.0,140.0,3.0,24.7,17.9,65.9,1011.3,7.0,0.3,2.0,cma,30.0
202112200900,54857.0,1.0,9.0,4.0,80.0,140.0,3.0,24.7,17.9,65.9,1011.3,7.0,0.3,2.0,cma,30.0
202112201000,54857.0,1.0,9.0,4.0,80.0,140.0,3.0,24.7,17.9,65.9,1011.3,7.0,0.3,2.0,cma,30.0
202112201100,54857.0,1.0,9.0,4.0,80.0,140.0,3.0,24.7,17.9,65.9,1011.3,7.0,0.3,2.0,cma,30.0
202112201200,54857.0,1.0,9.0,4.0,80.0,140.0,3.0,24.7,17.9,65.9,1011.3,7.0,0.3,2.0,cma,30.0
202112201300,54857.0,1.0,9.0,4.0,80.0,140.0,3.0,24.7,17.9,65.9,1011.3,7.0,0.3,2.0,cma,30.0
202112201400,54857.0,1.0,9.0,4.0,80.0,140.0,3.0,24.7,17.9,65.9,1011.3,7.0,0.3,2.0,cma,30.0
202112201500,54857.0,1.0,9.0,4.0,80.0,140.0,3.0,24.7,17.9,65.9,1011.3,7.0,0.3,2.0,cma,30.0
202112201600,54857.0,1.0,9.0,4.0,80.0,140.0,3.0,24.7,17.9,65.9,1011.3,7.0,0.3,2.0,cma,30.0
202112201700,54857.0,1.0,9.0,4.0,80.0,140.0,3.0,24.7,17.9,65.9,1011.3,7.0,0.3,2.0,cma,30.0
202112201800,54857.0,1.0,9.0,4.0,80.0,140.0,3.0,24.7,17.9,65.9,1011.3,7.0,0.3,2.0,cma,30.0
202112201900,54857.0,1.0,9.0,4.0,80.0,140.0,3.0,24.7,17.9,65.9,1011.3,7.0,0.3,2.0,cma,30.0
202112202000,54857.0,1.0,9.0,4.0,80.0,140.0,3.0,24.7,17.9,65.9,1011.3,7.0,0.3,2.0,cma,30.0
202112202100,54857.0,1.0,9.0,4.0,80.0,140.0,3.0,24.7,17.9,65.9,1011.3,7.0,0.3,2.0,cma,30.0
202112202200,54857.0,1.0,9.0,4.0,80.0,140.0,3.0,24.7,17.9,65.9,1011.3,7.0,0.3,2.0,cma,30.0
202112202300,54857.0,1.0,9.0,4.0,80.0,140.0,3.0,24.7,17.9,65.9,1011.3,7.0,0.3,2.0,cma,30.0
202112210000,54857.0,1.0,9.0,4.0,80.0,140.0,3.0,24.7,17.9,65.9,1011.3,7.0,0.3,2.0,cma,30.0
202112210100,54857.0,1.0,9.0,4.0,80.0,140.0,3.0,24.7,17.9,65.9,1011.3,7.0,0.3,2.0,cma,30.0
202112210200,54857.0,1.0,9.0,4.0,80.0,140.0,3.0,24.7,17.9,65.9,1011.3,7.0,0.3,2.0,cma,30.0
202112210300,54857.0,1.0,9.0,4.0,80.0,140.0,3.0,24.7,17.9,65.9,1011.3,7.0,0.3,2.0,cma,30.0
202112210400,54857.0,1.0,9.0,4.0,80.0,140.0,3.0,24.7,17.9,65.9,1011.3,7.0,0.3,2.0,cma,30.0
202112210500,54857.0,1.0,9.0,4.0,80.0,140.0,3.0,24.7,17.9,65.9,1011.3,7.0,0.3,2.0,cma,30.0
202112210600,54857.0,1.0,9.0,4.0,80.0,140.0,3.0,24.7,17.9,65.9,1011.3,7.0,0.3,2.0,cma,30.0
202112210700,54857.0,1.0,9.0,4.0,80.0,140.0,3.0,24.7,17.9,65.9,1011.3,7.0,0.3,2.0,cma,30.0
202112210800,54857.0,1.0,9.0,4.0,80.0,140.0,3.0,24.7,17.9,65.9,1011.3,7.0,0.3,2.0,cma,30.0
202112210900,54857.0,1.0,9.0,4.0,80.0,140.0,3.0,24.7,17.9,65.9,1011.3,7.0,0.3,2.0,cma,30.0
202112211000,54857.0,1.0,9.0,4.0,80.0,140.0,3.0,24.7,17.9,65.9,1011.3,7.0,0.3,2.0,cma,30.0
202112211100,54857.0,1.0,9.0,4.0,80.0,140.0,3.0,24.7,17.9,65.9,1011.3,7.0,0.3,2.0,cma,30.0
202112211200,54857.0,1.0,9.0,4.0,80.0,140.0,3.0,24.7,17.9,65.9,1011.3,7.0,0.3,2.0,cma,30.0
202112211300,54857.0,1.0,9.0,4.0,80.0,140.0,3.0,24.7,17.9,65.9,1011.3,7.0,0.3,2.0,cma,30.0
202112211400,54857.0,1.0,9.0,4.0,80.0,140.0,3.0,24.7,17.9,65.9,1011.3,7.0,0.3,2.0,cma,30.0
202112211500,54857.0,1.0,9.0,4.0,80.0,140.0,3.0,24.7,17.9,65.9,1011.3,7.0,0.3,2.0,cma,30.0
202112211600,54857.0,1.0,9.0,4.0,80.0,140.0,3.0,24.7,17.9,65.9,1011.3,7.0,0.3,2.0,cma,30.0
202112211700,54857.0,1.0,9.0,4.0,80.0,140.0,3.0,24.7,17.9,65.9,1011.3,7.0,0.3,2.0,cma,30.0
202112211800,54857.0,1.0,9.0,4.0,80.0,140.0,3.0,24.7,17.9,65.9,1011.3,7.0,0.3,2.0,cma,30.0
202112211900,54857.0,1.0,9.0,4.0,80.0,140.0,3.0,24.7,17.9,65.9,1011.3,7.0,0.3,2.0,cma,30.0
202112212000,54857.0,1.0,9.0,4.0,80.0,140.0,3.0,24.7,17.9,65.9,1011.3,7.0,0.3,2.0,cma,30.0
202112212100,54857.0,1.0,9.0,4.0,80.0,140.0,3.0,24.7,17.9,65.9,1011.3,7.0,0.3,2.0,cma,30.0
202112212200,54857.0,1.0,9.0,4.0,80.0,140.0,3.0,24.7,17.9,65.9,1011.3,7.0,0.3,2.0,cma,30.0
202112212300,54857.0,1.0,9.0,4.0,80.0,140.0,3.0,24.7,17.9,65.9,1011.3,7.0,0.3,2.0,cma,30.0
202112220000,54857.0,1.0,9.0,4.0,80.0,140.0,3.0,24.7,17.9,65.9,1011.3,7.0,0.3,2.0,cma,30.0
202112220100,54857.0,1.0,9.0,4.0,80.0,140.0,3.0,24.7,17.9,65.9,1011.3,7.0,0.3,2.0,cma,30.0
202112220200,54857.0,1.0,9.0,4.0,80.0,140.0,3.0,24.7,17.9,65.9,1011.3,7.0,0.3,2.0,cma,30.0
202112220300,54857.0,1.0,9.0,4.0,80.0,140.0,3.0,24.7,17.9,65.9,1011.3,7.0,0.3,2.0,cma,30.0
202112220400,54857.0,1.0,9.0,4.0,80.0,140.0,3.0,24.7,17.9,65.9,1011.3,7.0,0.3,2.0,cma,30.0
202112220500,54857.0,1.0,9.0,4.0,80.0,140.0,3.0,24.7,17.9,65.9,1011.3,7.0,0.3,2.0,cma,30.0
202112220600,54857.0,1.0,9.0,4.0,80.0,140.0,3.0,24.7,17.9,65.9,1011.3,7.0,0.3,2.0,cma,30.0
202112220700,54857.0,1.0,9.0,4.0,80.0,140.0,3.0,24.7,17.9,65.9,1011.3,7.0,0.3,2.0,cma,30.0
202112220800,54857.0,1.0,9.0,4.0,80.0,140.0,3.0,24.7,17.9,65.9,1011.3,7.0,0.3,2.0,cma,30.0
202112220900,54857.0,1.0,9.0,4.0,80.0,140.0,3.0,24.7,17.9,65.9,1011.3,7.0,0.3,2.0,cma,30.0
202112221000,54857.0,1.0,9.0,4.0,80.0,140.0,3.0,24.7,17.9,65.9,1011.3,7.0,0.3,2.0,cma,30.0
202112221100,54857.0,1.0,9.0,4.0,80.0,140.0,3.0,24.7,17.9,65.9,1011.3,7.0,0.3,2.0,cma,30.0
202112221200,54857.0,1.0,9.0,4.0,80.0,140.0,3.0,24.7,17.9,65.9,1011.3,7.0,0.3,2.0,cma,30.0
202112221300,54857.0,1.0,9.0,4.0,80.0,140.0,3.0,24.7,17.9,65.9,1011.3,7.0,0.3,2.0,cma,30.0
202112221400,54857.0,1.0,9.0,4.0,80.0,140.0,3.0,24.7,17.9,65.9,1011.3,7.0,0.3,2.0,cma,30.0
202112221500,54857.0,1.0,9.0,4.0,80.0,140.0,3.0,24.7,17.9,65.9,1011.3,7.0,0.3,2.0,cma,30.0
202112221600,54857.0,1.0,9.0,4.0,80.0,140.0,3.0,24.7,17.9,65.9,1011.3,7.0,0.3,2.0,cma,30.0
202112221700,54857.0,1.0,9.0,4.0,80.0,140.0,3.0,24.7,17.9,65.9,1011.3,7.0,0.3,2.0,cma,30.0
202112221800,54857.0,1.0,9.0,4.0,80.0,140.0,3.0,24.7,17.9,65.9,1011.3,7.0,0.3,2.0,cma,30.0
202112221900,54857.0,1.0,9.0,4.0,80.0,140.0,3.0,24.7,17.9,65.9,1011.3,7.0,0.3,2.0,cma,30.0
202112222000,54857.0,1.0,9.0,4.0,80.0,140.0,3.0,24.7,17.9,65.9,1011.3,7.0,0.3,2.0,cma,30.0
202112222100,54857.0,1.0,9.0,4.0,80.0,140.0,3.0,24.7,17.9,65.9,1011.3,7.0,0.3,2.0,cma,30.0
202112222200,54857.0,1.0,9.0,4.0,80.0,140.0,3.0,24.7,17.9,65.9,1011.3,7.0,0.3,2.0,cma,30.0
202112222300,54857.0,1.0,9.0,4.0,80.0,140.0,3.0,24.7,17.9,65.9,1011.3,7.0,0.3,2.0,cma,30.0
202112230000,54857.0,1.0,9.0,4.0,80.0,140.0,3.0,24.7,17.9,65.9,1011.3,7.0,0.3,2.0,cma,30.0
202112230100,54857.0,1.0,9.0,4.0,80.0,140.0,3.0,24.7,17.9,65.9,1011.3,7.0,0.3,2.0,cma,30.0
202112230200,54857.0,1.0,9.0,4.0,80.0,140.0,3.0,24.7,17.9,65.9,1011.3,7.0,0.3,2.0,cma,30.0
202112230300,54857.0,1.0,9.0,4.0,80.0,140.0,3.0,24.7,17.9,65.9,1011.3,7.0,0.3,2.0,cma,30.0
202112230400,54857.0,1.0,9.0,4.0,80.0,140.0,3.0,24.7,17.9,65.9,1011.3,7.0,0.3,2.0,cma,30.0
202112230500,54857.0,1.0,9.0,4.0,80.0,140.0,3.0,24.7,17.9,65.9,1011.3,7.0,0.3,2.0,cma,30.0
202112230600,54857.0,1.0,9.0,4.0,80.0,140.0,3.0,24.7,17.9,65.9,1011.3,7.0,0.3,2.0,cma,30.0
202112230700,54857.0,1.0,9.0,4.0,80.0,140.0,3.0,24.7,17.9,65.9,1011.3,7.0,0.3,2.0,cma,30.0
202112230800,54857.0,1.0,9.0,4.0,80.0,140.0,3.0,24.7,17.9,65.9,1011.3,7.0,0.3,2.0,cma,30.0
202112230900,54857.0,1.0,9.0,4.0,80.0,140.0,3.0,24.7,17.9,65.9,1011.3,7.0,0.3,2.0,cma,30.0
202112231000,54857.0,1.0,9.0,4.0,80.0,140.0,3.0,24.7,17.9,65.9,1011.3,7.0,0.3,2.0,cma,30.0
202112231100,54857.0,1.0,9.0,4.0,80.0,140.0,3.0,24.7,17.9,65.9,1011.3,7.0,0.3,2.0,cma,30.0
202112231200,54857.0,1.0,9.0,4.0,80.0,140.0,3.0,24.7,17.9,65.9,1011.3,7.0,0.3,2.0,cma,30.0
202112231300,54857.0,1.0,9.0,4.0,80.0,140.0,3.0,24.7,17.9,65.9,1011.3,7.0,0.3,2.0,cma,30.0
202112231400,54857.0,1.0,9.0,4.0,80.0,140.0,3.0,24.7,17.9,65.9,1011.3,7.0,0.3,2.0,cma,30.0
202112231500,54857.0,1.0,9.0,4.0,80.0,140.0,3.0,24.7,17.9,65.9,1011.3,7.0,0.3,2.0,cma,30.0
202112231600,54857.0,1.0,9.0,4.0,80.0,140.0,3.0,24.7,17.9,65.9,1011.3,7.0,0.3,2.0,cma,30.0
202112231700,54857.0,1.0,9.0,4.0,80.0,140.0,3.0,24.7,17.9,65.9,1011.3,7.0,0.3,2.0,cma,30.0
202112231800,54857.0,1.0,9.0,4.0,80.0,140.0,3.0,24.7,17.9,65.9,1011.3,7.0,0.3,2.0,cma,30.0
202112231900,54857.0,1.0,9.0,4.0,80.0,140.0,3.0,24.7,17.9,65.9,1011.3,7.0,0.3,2.0,cma,30.0
202112232000,54857.0,1.0,9.0,4.0,80.0,140.0,3.0,24.7,17.9,65.9,1011.3,7.0,0.3,2.0,cma,30.0
202112232100,54857.0,1.0,9.0,4.0,80.0,140.0,3.0,24.7,17.9,65.9,1011.3,7.0,0.3,2.0,cma,30.0
202112232200,54857.0,1.0,9.0,4.0,80.0,140.0,3.0,24.7,17.9,65.9,1011.3,7.0,0.3,2.0,cma,30.0
202112232300,54857.0,1.0,9.0,4.0,80.0,140.0,3.0,24.7,17.9,65.9,1011.3,7.0,0.3,2.0,cma,30.0
202112240000,54857.0,1.0,9.0,4.0,80.0,140.0,3.0,24.7,17.9,65.9,1011.3,7.0,0.3,2.0,cma,30.0
202112240100,54857.0,1.0,9.0,4.0,80.0,140.0,3.0,24.7,17.9,65.9,1011.3,7.0,0.3,2.0,cma,30.0
202112240200,54857.0,1.0,9.0,4.0,80.0,140.0,3.0,24.7,17.9,65.9,1011.3,7.0,0.3,2.0,cma,30.0
202112240300,54857.0,1.0,9.0,4.0,80.0,140.0,3.0,24.7,17.9,65.9,1011.3,7.0,0.3,2.0,cma,30.0
202112240400,54857.0,1.0,9.0,4.0,80.0,140.0,3.0,24.7,17.9,65.9,1011.3,7.0,0.3,2.0,cma,30.0
202112240500,54857.0,1.0,9.0,4.0,80.0,140.0,3.0,24.7,17.9,65.9,1011.3,7.0,0.3,2.0,cma,30.0
202112240600,54857.0,1.0,9.0,4.0,80.0,140.0,3.0,24.7,17.9,65.9,1011.3,7.0,0.3,2.0,cma,30.0
202112240700,54857.0,1.0,9.0,4.0,80.0,140.0,3.0,24.7,17.9,65.9,1011.3,7.0,0.3,2.0,cma,30.0
202112240800,54857.0,1.0,9.0,4.0,80.0,140.0,3.0,24.7,17.9,65.9,1011.3,7.0,0.3,2.0,cma,30.0
202112240900,54857.0,1.0,9.0,4.0,80.0,140.0,3.0,24.7,17.9,65.9,1011.3,7.0,0.3,2.0,cma,30.0
202112241000,54857.0,1.0,9.0,4.0,80.0,140.0,3.0,24.7,17.9,65.9,1011.3,7.0,0.3,2.0,cma,30.0
202112241100,54857.0,1.0,9.0,4.0,80.0,140.0,3.0,24.7,17.9,65.9,1011.3,7.0,0.3,2.0,cma,30.0
202112241200,54857.0,1.0,9.0,4.0,80.0,140.0,3.0,24.7,17.9,65.9,1011.3,7.0,0.3,2.0,cma,30.0
202112241300,54857.0,1.0,9.0,4.0,80.0,140.0,3.0,24.7,17.9,65.9,1011.3,7.0,0.3,2.0,cma,30.0
202112241400,54857.0,1.0,9.0,4.0,80.0,140.0,3.0,24.7,17.9,65.9,1011.3,7.0,0.3,2.0,cma,30.0
202112241500,54857.0,1.0,9.0,4.0,80.0,140.0,3.0,24.7,17.9,65.9,1011.3,7.0,0.3,2.0,cma,30.0
202112241600,54857.0,1.0,9.0,4.0,80.0,140.0,3.0,24.7,17.9,65.9,1011.3,7.0,0.3,2.0,cma,30.0
202112241700,54857.0,1.0,9.0,4.0,80.0,140.0,3.0,24.7,17.9,65.9,1011.3,7.0,0.3,2.0,cma,30.0
202112241800,54857.0,1.0,9.0,4.0,80.0,140.0,3.0,24.7,17.9,65.9,1011.3,7.0,0.3,2.0,cma,30.0
202112241900,54857.0,1.0,9.0,4.0,80.0,140.0,3.0,24.7,17.9,65.9,1011.3,7.0,0.3,2.0,cma,30.0
202112242000,54857.0,1.0,9.0,4.0,80.0,140.0,3.0,24.7,17.9,65.9,1011.3,7.0,0.3,2.0,cma,30.0
202112242100,54857.0,1.0,9.0,4.0,80.0,140.0,3.0,24.7,17.9,65.9,1011.3,7.0,0.3,2.0,cma,30.0
202112242200,54857.0,1.0,9.0,4.0,80.0,140.0,3.0,24.7,17.9,65.9,1011.3,7.0,0.3,2.0,cma,30.0
202112242300,54857.0,1.0,9.0,4.0,80.0,140.0,3.0,24.7,17.9,65.9,1011.3,7.0,0.3,2.0,cma,30.0
202112250000,54857.0,1.0,9.0,4.0,80.0,140.0,3.0,24.7,17.9,65.9,1011.3,7.0,0.3,2.0,cma,30.0
202112250100,54857.0,1.0,9.0,4.0,80.0,140.0,3.0,24.7,17.9,65.9,1011.3,7.0,0.3,2.0,cma,30.0
202112250200,54857.0,1.0,9.0,4.0,80.0,140.0,3.0,24.7,17.9,65.9,1011.3,7.0,0.3,2.0,cma,30.0
202112250300,54857.0,1.0,9.0,4.0,80.0,140.0,3.0,24.7,17.9,65.9,1011.3,7.0,0.3,2.0,cma,30.0
202112250400,54857.0,1.0,9.0,4.0,80.0,140.0,3.0,24.7,17.9,65.9,1011.3,7.0,0.3,2.0,cma,30.0
202112250500,54857.0,1.0,9.0,4.0,80.0,140.0,3.0,24.7,17.9,65.9,1011.3,7.0,0.3,2.0,cma,30.0
202112250600,54857.0,1.0,9.0,4.0,80.0,140.0,3.0,24.7,17.9,65.9,1011.3,7.0,0.3,2.0,cma,30.0
202112250700,54857.0,1.0,9.0,4.0,80.0,140.0,3.0,24.7,17.9,65.9,1011.3,7.0,0.3,2.0,cma,30.0
202112250800,54857.0,1.0,9.0,4.0,80.0,140.0,3.0,24.7,17.9,65.9,1011.3,7.0,0.3,2.0,cma,30.0
202112250900,54857.0,1.0,9.0,4.0,80.0,140.0,3.0,24.7,17.9,65.9,1011.3,7.0,0.3,2.0,cma,30.0
202112251000,54857.0,1.0,9.0,4.0,80.0,140.0,3.0,24.7,17.9,65.9,1011.3,7.0,0.3,2.0,cma,30.0
202112251100,54857.0,1.0,9.0,4.0,80.0,140.0,3.0,24.7,17.9,65.9,1011.3,7.0,0.3,2.0,cma,30.0
202112251200,54857.0,1.0,9.0,4.0,80.0,140.0,3.0,24.7,17.9,65.9,1011.3,7.0,0.3,2.0,cma,30.0
202112251300,54857.0,1.0,9.0,4.0,80.0,140.0,3.0,24.7,17.9,65.9,1011.3,7.0,0.3,2.0,cma,30.0
202112251400,54857.0,1.0,9.0,4.0,80.0,140.0,3.0,24.7,17.9,65.9,1011.3,7.0,0.3,2.0,cma,30.0
202112251500,54857.0,1.0,9.0,4.0,80.0,140.0,3.0,24.7,17.9,65.9,1011.3,7.0,0.3,2.0,cma,30.0
202112251600,54857.0,1.0,9.0,4.0,80.0,140.0,3.0,24.7,17.9,65.9,1011.3,7.0,0.3,2.0,cma,30.0
202112251700,54857.0,1.0,9.0,4.0,80.0,140.0,3.0,24.7,17.9,65.9,1011.3,7.0,0.3,2.0,cma,30.0
202112251800,54857.0,1.0,9.0,4.0,80.0,140.0,3.0,24.7,17.9,65.9,1011.3,7.0,0.3,2.0,cma,30.0
202112251900,54857.0,1.0,9.0,4.0,80.0,140.0,3.0,24.7,17.9,65.9,1011.3,7.0,0.3,2.0,cma,30.0
202112252000,54857.0,1.0,9.0,4.0,80.0,140.0,3.0,24.7,17.9,65.9,1011.3,7.0,0.3,2.0,cma,30.0
202112252100,54857.0,1.0,9.0,4.0,80.0,140.0,3.0,24.7,17.9,65.9,1011.3,7.0,0.3,2.0,cma,30.0
202112252200,54857.0,1.0,9.0,4.0,80.0,140.0,3.0,24.7,17.9,65.9,1011.3,7.0,0.3,2.0,cma,30.0
202112252300,54857.0,1.0,9.0,4.0,80.0,140.0,3.0,24.7,17.9,65.9,1011.3,7.0,0.3,2.0,cma,30.0
202112260000,54857.0,1.0,9.0,4.0,80.0,140.0,3.0,24.7,17.9,65.9,1011.3,7.0,0.3,2.0,cma,30.0
202112260100,54857.0,1.0,9.0,4.0,80.0,140.0,3.0,24.7,17.9,65.9,1011.3,7.0,0.3,2.0,cma,30.0
202112260200,54857.0,1.0,9.0,4.0,80.0,140.0,3.0,24.7,17.9,65.9,1011.3,7.0,0.3,2.0,cma,30.0
202112260300,54857.0,1.0,9.0,4.0,80.0,140.0,3.0,24.7,17.9,65.9,1011.3,7.0,0.3,2.0,cma,30.0
202112260400,54857.0,1.0,9.0,4.0,80.0,140.0,3.0,24.7,17.9,65.9,1011.3,7.0,0.3,2.0,cma,30.0
202112260500,54857.0,1.0,9.0,4.0,80.0,140.0,3.0,24.7,17.9,65.9,1011.3,7.0,0.3,2.0,cma,30.0
202112260600,54857.0,1.0,9.0,4.0,80.0,140.0,3.0,24.7,17.9,65.9,1011.3,7.0,0.3,2.0,cma,30.0
202112260700,54857.0,1.0,9.0,4.0,80.0,140.0,3.0,24.7,17.9,65.9,1011.3,7.0,0.3,2.0,cma,30.0
202112260800,54857.0,1.0,9.0,4.0,80.0,140.0,3.0,24.7,17.9,65.9,1011.3,7.0,0.3,2.0,cma,30.0
202112260900,54857.0,1.0,9.0,4.0,80.0,140.0,3.0,24.7,17.9,65.9,1011.3,7.0,0.3,2.0,cma,30.0
202112261000,54857.0,1.0,9.0,4.0,80.0,140.0,3.0,24.7,17.9,65.9,1011.3,7.0,0.3,2.0,cma,30.0
202112261100,54857.0,1.0,9.0,4.0,80.0,140.0,3.0,24.7,17.9,65.9,1011.3,7.0,0.3,2.0,cma,30.0
202112261200,54857.0,1.0,9.0,4.0,80.0,140.0,3.0,24.7,17.9,65.9,1011.3,7.0,0.3,2.0,cma,30.0
202112261300,54857.0,1.0,9.0,4.0,80.0,140.0,3.0,24.7,17.9,65.9,1011.3,7.0,0.3,2.0,cma,30.0
202112261400,54857.0,1.0,9.0,4.0,80.0,140.0,3.0,24.7,17.9,65.9,1011.3,7.0,0.3,2.0,cma,30.0
202112261500,54857.0,1.0,9.0,4.0,80.0,140.0,3.0,24.7,17.9,65.9,1011.3,7.0,0.3,2.0,cma,30.0
202112261600,54857.0,1.0,9.0,4.0,80.0,140.0,3.0,24.7,17.9,65.9,1011.3,7.0,0.3,2.0,cma,30.0
202112261700,54857.0,1.0,9.0,4.0,80.0,140.0,3.0,24.7,17.9,65.9,1011.3,7.0,0.3,2.0,cma,30.0
202112261800,54857.0,1.0,9.0,4.0,80.0,140.0,3.0,24.7,17.9,65.9,1011.3,7.0,0.3,2.0,cma,30.0
202112261900,54857.0,1.0,9.0,4.0,80.0,140.0,3.0,24.7,17.9,65.9,1011.3,7.0,0.3,2.0,cma,30.0
202112262000,54857.0,1.0,9.0,4.0,80.0,140.0,3.0,24.7,17.9,65.9,1011.3,7.0,0.3,2.0,cma,30.0
202112262100,54857.0,1.0,9.0,4.0,80.0,140.0,3.0,24.7,17.9,65.9,1011.3,7.0,0.3,2.0,cma,30.0
202112262200,54857.0,1.0,9.0,4.0,80.0,140.0,3.0,24.7,17.9,65.9,1011.3,7.0,0.3,2.0,cma,30.0
202112262300,54857.0,1.0,9.0,4.0,80.0,140.0,3.0,24.7,17.9,65.9,1011.3,7.0,0.3,2.0,cma,30.0
202112270000,54857.0,1.0,9.0,4.0,80.0,140.0,3.0,24.7,17.9,65.9,1011.3,7.0,0.3,2.0,cma,30.0
202112270100,54857.0,1.0,9.0,4.0,80.0,140.0,3.0,24.7,17.9,65.9,1011.3,7.0,0.3,2.0,cma,30.0
202112270200,54857.0,1.0,9.0,4.0,80.0,140.0,3.0,24.7,17.9,65.9,1011.3,7.0,0.3,2.0,cma,30.0
202112270300,54857.0,1.0,9.0,4.0,80.0,140.0,3.0,24.7,17.9,65.9,1011.3,7.0,0.3,2.0,cma,30.0
202112270400,54857.0,1.0,9.0,4.0,80.0,140.0,3.0,24.7,17.9,65.9,1011.3,7.0,0.3,2.0,cma,30.0
202112270500,54857.0,1.0,9.0,4.0,80.0,140.0,3.0,24.7,17.9,65.9,1011.3,7.0,0.3,2.0,cma,30.0
202112270600,54857.0,1.0,9.0,4.0,80.0,140.0,3.0,24.7,17.9,65.9,1011.3,7.0,0.3,2.0,cma,30.0
202112270700,54857.0,1.0,9.0,4.0,80.0,140.0,3.0,24.7,17.9,65.9,1011.3,7.0,0.3,2.0,cma,30.0
202112270800,54857.0,1.0,9.0,4.0,80.0,140.0,3.0,24.7,17.9,65.9,1011.3,7.0,0.3,2.0,cma,30.0
202112270900,54857.0,1.0,9.0,4.0,80.0,140.0,3.0,24.7,17.9,65.9,1011.3,7.0,0.3,2.0,cma,30.0
202112271000,54857.0,1.0,9.0,4.0,80.0,140.0,3.0,24.7,17.9,65.9,1011.3,7.0,0.3,2.0,cma,30.0
202112271100,54857.0,1.0,9.0,4.0,80.0,140.0,3.0,24.7,17.9,65.9,1011.3,7.0,0.3,2.0,cma,30.0
202112271200,54857.0,1.0,9.0,4.0,80.0,140.0,3.0,24.7,17.9,65.9,1011.3,7.0,0.3,2.0,cma,30.0
202112271300,54857.0,1.0,9.0,4.0,80.0,140.0,3.0,24.7,17.9,65.9,1011.3,7.0,0.3,2.0,cma,30.0
202112271400,54857.0,1.0,9.0,4.0,80.0,140.0,3.0,24.7,17.9,65.9,1011.3,7.0,0.3,2.0,cma,30.0
202112271500,54857.0,1.0,9.0,4.0,80.0,140.0,3.0,24.7,17.9,65.9,1011.3,7.0,0.3,2.0,cma,30.0
202112271600,54857.0,1.0,9.0,4.0,80.0,140.0,3.0,24.7,17.9,65.9,1011.3,7.0,0.3,2.0,cma,30.0
202112271700,54857.0,1.0,9.0,4.0,80.0,140.0,3.0,24.7,17.9,65.9,1011.3,7.0,0.3,2.0,cma,30.0
202112271800,54857.0,1.0,9.0,4.0,80.0,140.0,3.0,24.7,17.9,65.9,1011.3,7.0,0.3,2.0,cma,30.0
202112271900,54857.0,1.0,9.0,4.0,80.0,140.0,3.0,24.7,17.9,65.9,1011.3,7.0,0.3,2.0,cma,30.0
202112272000,54857.0,1.0,9.0,4.0,80.0,140.0,3.0,24.7,17.9,65.9,1011.3,7.0,0.3,2.0,cma,30.0
202112272100,54857.0,1.0,9.0,4.0,80.0,140.0,3.0,24.7,17.9,65.9,1011.3,7.0,0.3,2.0,cma,30.0
202112272200,54857.0,1.0,9.0,4.0,80.0,140.0,3.0,24.7,17.9,65.9,1011.3,7.0,0.3,2.0,cma,30.0
202112272300,54857.0,1.0,9.0,4.0,80.0,140.0,3.0,24.7,17.9,65.9,1011.3,7.0,0.3,2.0,cma,30.0
202112280000,54857.0,1.0,9.0,4.0,80.0,140.0,3.0,24.7,17.9,65.9,1011.3,7.0,0.3,2.0,cma,30.0
202112280100,54857.0,1.0,9.0,4.0,80.0,140.0,3.0,24.7,17.9,65.9,1011.3,7.0,0.3,2.0,cma,30.0
202112280200,54857.0,1.0,9.0,4.0,80.0,140.0,3.0,24.7,17.9,65.9,1011.3,7.0,0.3,2.0,cma,30.0
202112280300,54857.0,1.0,9.0,4.0,80.0,140.0,3.0,24.7,17.9,65.9,1011.3,7.0,0.3,2.0,cma,30.0
202112280400,54857.0,1.0,9.0,4.0,80.0,140.0,3.0,24.7,17.9,65.9,1011.3,7.0,0.3,2.0,cma,30.0
202112280500,54857.0,1.0,9.0,4.0,80.0,140.0,3.0,24.7,17.9,65.9,1011.3,7.0,0.3,2.0,cma,30.0
202112280600,54857.0,1.0,9.0,4.0,80.0,140.0,3.0,24.7,17.9,65.9,1011.3,7.0,0.3,2.0,cma,30.0
202112280700,54857.0,1.0,9.0,4.0,80.0,140.0,3.0,24.7,17.9,65.9,1011.3,7.0,0.3,2.0,cma,30.0
202112280800,54857.0,1.0,9.0,4.0,80.0,140.0,3.0,24.7,17.9,65.9,1011.3,7.0,0.3,2.0,cma,30.0
202112280900,54857.0,1.0,9.0,4.0,80.0,140.0,3.0,24.7,17.9,65.9,1011.3,7.0,0.3,2.0,cma,30.0
202112281000,54857.0,1.0,9.0,4.0,80.0,140.0,3.0,24.7,17.9,65.9,1011.3,7.0,0.3,2.0,cma,30.0
202112281100,54857.0,1.0,9.0,4.0,80.0,140.0,3.0,24.7,17.9,65.9,1011.3,7.0,0.3,2.0,cma,30.0
202112281200,54857.0,1.0,9.0,4.0,80.0,140.0,3.0,24.7,17.9,65.9,1011.3,7.0,0.3,2.0,cma,30.0
202112281300,54857.0,1.0,9.0,4.0,80.0,140.0,3.0,24.7,17.9,65.9,1011.3,7.0,0.3,2.0,cma,30.0
202112281400,54857.0,1.0,9.0,4.0,80.0,140.0,3.0,24.7,17.9,65.9,1011.3,7.0,0.3,2.0,cma,30.0
202112281500,54857.0,1.0,9.0,4.0,80.0,140.0,3.0,24.7,17.9,65.9,1011.3,7.0,0.3,2.0,cma,30.0
202112281600,54857.0,1.0,9.0,4.0,80.0,140.0,3.0,24.7,17.9,65.9,1011.3,7.0,0.3,2.0,cma,30.0
202112281700,54857.0,1.0,9.0,4.0,80.0,140.0,3.0,24.7,17.9,65.9,1011.3,7.0,0.3,2.0,cma,30.0
202112281800,54857.0,1.0,9.0,4.0,80.0,140.0,3.0,24.7,17.9,65.9,1011.3,7.0,0.3,2.0,cma,30.0
202112281900,54857.0,1.0,9.0,4.0,80.0,140.0,3.0,24.7,17.9,65.9,1011.3,7.0,0.3,2.0,cma,30.0
202112282000,54857.0,1.0,9.0,4.0,80.0,140.0,3.0,24.7,17.9,65.9,1011.3,7.0,0.3,2.0,cma,30.0
202112282100,54857.0,1.0,9.0,4.0,80.0,140.0,3.0,24.7,17.9,65.9,1011.3,7.0,0.3,2.0,cma,30.0
202112282200,54857.0,1.0,9.0,4.0,80.0,140.0,3.0,24.7,17.9,65.9,1011.3,7.0,0.3,2.0,cma,30.0
202112282300,54857.0,1.0,9.0,4.0,80.0,140.0,3.0,24.7,17.9,65.9,1011.3,7.0,0.3,2.0,cma,30.0
202112290000,54857.0,1.0,9.0,4.0,80.0,140.0,3.0,24.7,17.9,65.9,1011.3,7.0,0.3,2.0,cma,30.0
202112290100,54857.0,1.0,9.0,4.0,80.0,140.0,3.0,24.7,17.9,65.9,1011.3,7.0,0.3,2.0,cma,30.0
202112290200,54857.0,1.0,9.0,4.0,80.0,140.0,3.0,24.7,17.9,65.9,1011.3,7.0,0.3,2.0,cma,30.0
202112290300,54857.0,1.0,9.0,4.0,80.0,140.0,3.0,24.7,17.9,65.9,1011.3,7.0,0.3,2.0,cma,30.0
202112290400,54857.0,1.0,9.0,4.0,80.0,140.0,3.0,24.7,17.9,65.9,1011.3,7.0,0.3,2.0,cma,30.0
202112290500,54857.0,1.0,9.0,4.0,80.0,140.0,3.0,24.7,17.9,65.9,1011.3,7.0,0.3,2.0,cma,30.0
202112290600,54857.0,1.0,9.0,4.0,80.0,140.0,3.0,24.7,17.9,65.9,1011.3,7.0,0.3,2.0,cma,30.0
202112290700,54857.0,1.0,9.0,4.0,80.0,140.0,3.0,24.7,17.9,65.9,1011.3,7.0,0.3,2.0,cma,30.0
202112290800,54857.0,1.0,9.0,4.0,80.0,140.0,3.0,24.7,17.9,65.9,1011.3,7.0,0.3,2.0,cma,30.0
202112290900,54857.0,1.0,9.0,4.0,80.0,140.0,3.0,24.7,17.9,65.9,1011.3,7.0,0.3,2.0,cma,30.0
202112291000,54857.0,1.0,9.0,4.0,80.0,140.0,3.0,24.7,17.9,65.9,1011.3,7.0,0.3,2.0,cma,30.0
202112291100,54857.0,1.0,9.0,4.0,80.0,140.0,3.0,24.7,17.9,65.9,1011.3,7.0,0.3,2.0,cma,30.0
202112291200,54857.0,1.0,9.0,4.0,80.0,140.0,3.0,24.7,17.9,65.9,1011.3,7.0,0.3,2.0,cma,30.0
202112291300,54857.0,1.0,9.0,4.0,80.0,140.0,3.0,24.7,17.9,65.9,1011.3,7.0,0.3,2.0,cma,30.0
202112291400,54857.0,1.0,9.0,4.0,80.0,140.0,3.0,24.7,17.9,65.9,1011.3,7.0,0.3,2.0,cma,30.0
202112291500,54857.0,1.0,9.0,4.0,80.0,140.0,3.0,24.7,17.9,65.9,1011.3,7.0,0.3,2.0,cma,30.0
202112291600,54857.0,1.0,9.0,4.0,80.0,140.0,3.0,24.7,17.9,65.9,1011.3,7.0,0.3,2.0,cma,30.0
202112291700,54857.0,1.0,9.0,4.0,80.0,140.0,3.0,24.7,17.9,65.9,1011.3,7.0,0.3,2.0,cma,30.0
202112291800,54857.0,1.0,9.0,4.0,80.0,140.0,3.0,24.7,17.9,65.9,1011.3,7.0,0.3,2.0,cma,30.0
202112291900,54857.0,1.0,9.0,4.0,80.0,140.0,3.0,24.7,17.9,65.9,1011.3,7.0,0.3,2.0,cma,30.0
202112292000,54857.0,1.0,9.0,4.0,80.0,140.0,3.0,24.7,17.9,65.9,1011.3,7.0,0.3,2.0,cma,30.0
202112292100,54857.0,1.0,9.0,4.0,80.0,140.0,3.0,24.7,17.9,65.9,1011.3,7.0,0.3,2.0,cma,30.0
202112292200,54857.0,1.0,9.0,4.0,80.0,140.0,3.0,24.7,17.9,65.9,1011.3,7.0,0.3,2.0,cma,30.0
202112292300,54857.0,1.0,9.0,4.0,80.0,140.0,3.0,24.7,17.9,65.9,1011.3,7.0,0.3,2.0,cma,30.0
202112300000,54857.0,1.0,9.0,4.0,80.0,140.0,3.0,24.7,17.9,65.9,1011.3,7.0,0.3,2.0,cma,30.0
202112300100,54857.0,1.0,9.0,4.0,80.0,140.0,3.0,24.7,17.9,65.9,1011.3,7.0,0.3,2.0,cma,30.0
202112300200,54857.0,1.0,9.0,4.0,80.0,140.0,3.0,24.7,17.9,65.9,1011.3,7.0,0.3,2.0,cma,30.0
202112300300,54857.0,1.0,9.0,4.0,80.0,140.0,3.0,24.7,17.9,65.9,1011.3,7.0,0.3,2.0,cma,30.0
202112300400,54857.0,1.0,9.0,4.0,80.0,140.0,3.0,24.7,17.9,65.9,1011.3,7.0,0.3,2.0,cma,30.0
202112300500,54857.0,1.0,9.0,4.0,80.0,140.0,3.0,24.7,17.9,65.9,1011.3,7.0,0.3,2.0,cma,30.0
202112300600,54857.0,1.0,9.0,4.0,80.0,140.0,3.0,24.7,17.9,65.9,1011.3,7.0,0.3,2.0,cma,30.0
202112300700,54857.0,1.0,9.0,4.0,80.0,140.0,3.0,24.7,17.9,65.9,1011.3,7.0,0.3,2.0,cma,30.0
202112300800,54857.0,1.0,9.0,4.0,80.0,140.0,3.0,24.7,17.9,65.9,1011.3,7.0,0.3,2.0,cma,30.0
202112300900,54857.0,1.0,9.0,4.0,80.0,140.0,3.0,24.7,17.9,65.9,1011.3,7.0,0.3,2.0,cma,30.0
202112301000,54857.0,1.0,9.0,4.0,80.0,140.0,3.0,24.7,17.9,65.9,1011.3,7.0,0.3,2.0,cma,30.0
202112301100,54857.0,1.0,9.0,4.0,80.0,140.0,3.0,24.7,17.9,65.9,1011.3,7.0,0.3,2.0,cma,30.0
202112301200,54857.0,1.0,9.0,4.0,80.0,140.0,3.0,24.7,17.9,65.9,1011.3,7.0,0.3,2.0,cma,30.0
202112301300,54857.0,1.0,9.0,4.0,80.0,140.0,3.0,24.7,17.9,65.9,1011.3,7.0,0.3,2.0,cma,30.0
202112301400,54857.0,1.0,9.0,4.0,80.0,140.0,3.0,24.7,17.9,65.9,1011.3,7.0,0.3,2.0,cma,30.0
202112301500,54857.0,1.0,9.0,4.0,80.0,140.0,3.0,24.7,17.9,65.9,1011.3,7.0,0.3,2.0,cma,30.0
202112301600,54857.0,1.0,9.0,4.0,80.0,140.0,3.0,24.7,17.9,65.9,1011.3,7.0,0.3,2.0,cma,30.0
202112301700,54857.0,1.0,9.0,4.0,80.0,140.0,3.0,24.7,17.9,65.9,1011.3,7.0,0.3,2.0,cma,30.0
202112301800,54857.0,1.0,9.0,4.0,80.0,140.0,3.0,24.7,17.9,65.9,1011.3,7.0,0.3,2.0,cma,30.0
202112301900,54857.0,1.0,9.0,4.0,80.0,140.0,3.0,24.7,17.9,65.9,1011.3,7.0,0.3,2.0,cma,30.0
202112302000,54857.0,1.0,9.0,4.0,80.0,140.0,3.0,24.7,17.9,65.9,1011.3,7.0,0.3,2.0,cma,30.0
202112302100,54857.0,1.0,9.0,4.0,80.0,140.0,3.0,24.7,17.9,65.9,1011.3,7.0,0.3,2.0,cma,30.0
202112302200,54857.0,1.0,9.0,4.0,80.0,140.0,3.0,24.7,17.9,65.9,1011.3,7.0,0.3,2.0,cma,30.0
202112302300,54857.0,1.0,9.0,4.0,80.0,140.0,3.0,24.7,17.9,65.9,1011.3,7.0,0.3,2.0,cma,30.0
202112310000,54857.0,1.0,9.0,4.0,80.0,140.0,3.0,24.7,17.9,65.9,1011.3,7.0,0.3,2.0,cma,30.0
202112310100,54857.0,1.0,9.0,4.0,80.0,140.0,3.0,24.7,17.9,65.9,1011.3,7.0,0.3,2.0,cma,30.0
202112310200,54857.0,1.0,9.0,4.0,80.0,140.0,3.0,24.7,17.9,65.9,1011.3,7.0,0.3,2.0,cma,30.0
202112310300,54857.0,1.0,9.0,4.0,80.0,140.0,3.0,24.7,17.9,65.9,1011.3,7.0,0.3,2.0,cma,30.0
202112310400,54857.0,1.0,9.0,4.0,80.0,140.0,3.0,24.7,17.9,65.9,1011.3,7.0,0.3,2.0,cma,30.0
202112310500,54857.0,1.0,9.0,4.0,80.0,140.0,3.0,24.7,17.9,65.9,1011.3,7.0,0.3,2.0,cma,30.0
202112310600,54857.0,1.0,9.0,4.0,80.0,140.0,3.0,24.7,17.9,65.9,1011.3,7.0,0.3,2.0,cma,30.0
202112310700,54857.0,1.0,9.0,4.0,80.0,140.0,3.0,24.7,17.9,65.9,1011.3,7.0,0.3,2.0,cma,30.0
202112310800,54857.0,1.0,9.0,4.0,80.0,140.0,3.0,24.7,17.9,65.9,1011.3,7.0,0.3,2.0,cma,30.0
202112310900,54857.0,1.0,9.0,4.0,80.0,140.0,3.0,24.7,17.9,65.9,1011.3,7.0,0.3,2.0,cma,30.0
202112311000,54857.0,1.0,9.0,4.0,80.0,140.0,3.0,24.7,17.9,65.9,1011.3,7.0,0.3,2.0,cma,30.0
202112311100,54857.0,1.0,9.0,4.0,80.0,140.0,3.0,24.7,17.9,65.9,1011.3,7.0,0.3,2.0,cma,30.0
202112311200,54857.0,1.0,9.0,4.0,80.0,140.0,3.0,24.7,17.9,65.9,1011.3,7.0,0.3,2.0,cma,30.0
202112311300,54857.0,1.0,9.0,4.0,80.0,140.0,3.0,24.7,17.9,65.9,1011.3,7.0,0.3,2.0,cma,30.0
202112311400,54857.0,1.0,9.0,4.0,80.0,140.0,3.0,24.7,17.9,65.9,1011.3,7.0,0.3,2.0,cma,30.0
202112311500,54857.0,1.0,9.0,4.0,80.0,140.0,3.0,24.7,17.9,65.9,1011.3,7.0,0.3,2.0,cma,30.0
202112311600,54857.0,1.0,9.0,4.0,80.0,140.0,3.0,24.7,17.9,65.9,1011.3,7.0,0.3,2.0,cma,30.0
202112311700,54857.0,1.0,9.0,4.0,80.0,140.0,3.0,24.7,17.9,65.9,1011.3,7.0,0.3,2.0,cma,30.0
202112311800,54857.0,1.0,9.0,4.0,80.0,140.0,3.0,24.7,17.9,65.9,1011.3,7.0,0.3,2.0,cma,30.0
202112311900,54857.0,1.0,9.0,4.0,80.0,140.0,3.0,24.7,17.9,65.9,1011.3,7.0,0.3,2.0,cma,30.0
202112312000,54857.0,1.0,9.0,4.0,80.0,140.0,3.0,24.7,17.9,65.9,1011.3,7.0,0.3,2.0,cma,30.0
202112312100,54857.0,1.0,9.0,4.0,80.0,140.0,3.0,24.7,17.9,65.9,1011.3,7.0,0.3,2.0,cma,30.0
202112312200,54857.0,1.0,9.0,4.0,80.0,140.0,3.0,24.7,17.9,65.9,1011.3,7.0,0.3,2.0,cma,30.0
202112312300,54857.0,1.0,9.0,4.0,80.0,140.0,3.0,24.7,17.9,65.9,1011.3,7.0,0.3,2.0,cma,30.0
